400.00000000	1233.02289490
402.00000000	1197.08989025
404.00000000	1196.78760684
406.00000000	1217.98310007
408.00000000	1224.20701062
410.00000000	1222.57443301
412.00000000	1214.48148905
414.00000000	1192.85036794
416.00000000	1179.34526219
418.00000000	1192.03112798
420.00000000	1220.37602412
422.00000000	1240.73109664
424.00000000	1232.47394787
426.00000000	1214.62804788
428.00000000	1200.11808303
430.00000000	1182.27505513
432.00000000	1172.05880017
434.00000000	1179.73738898
436.00000000	1188.82340808
438.00000000	1188.96746427
440.00000000	1180.90891417
442.00000000	1171.25942572
444.00000000	1174.72255394
446.00000000	1211.35908188
448.00000000	1233.62968868
450.00000000	1189.24594083
452.00000000	1162.32594939
454.00000000	1177.41208317
456.00000000	1163.67387387
458.00000000	1138.04968836
460.00000000	1139.89231987
462.00000000	1165.32502230
464.00000000	1175.90580381
466.00000000	1138.51466604
468.00000000	1144.06488545
470.00000000	1212.83774165
472.00000000	1226.43932432
474.00000000	1204.90319302
476.00000000	1216.25208320
478.00000000	1241.09250253
480.00000000	1237.15068184
482.00000000	1178.77842766
484.00000000	1168.42062535
486.00000000	1237.79226719
488.00000000	1239.33911277
490.00000000	1199.31384911
492.00000000	1211.65209189
494.00000000	1208.72739396
496.00000000	1181.17569149
498.00000000	1201.21245160
500.00000000	1228.35602088
502.00000000	1224.72772982
504.00000000	1239.02459403
506.00000000	1245.83607021
508.00000000	1198.32052689
510.00000000	1179.65307910
512.00000000	1209.11568330
514.00000000	1207.81299750
516.00000000	1193.59771376
518.00000000	1208.29801342
520.00000000	1249.74759313
522.00000000	1268.69813947
524.00000000	1223.64050997
526.00000000	1218.40657707
528.00000000	1267.41342006
530.00000000	1251.21453640
532.00000000	1223.41170086
534.00000000	1251.05682491
536.00000000	1260.00182360
538.00000000	1251.94198880
540.00000000	1276.45434857
542.00000000	1288.03077076
544.00000000	1266.78080978
546.00000000	1252.10356005
548.00000000	1252.70535671
550.00000000	1256.97972351
552.00000000	1244.13699802
554.00000000	1215.42390700
556.00000000	1192.74502119
558.00000000	1208.51706553
560.00000000	1242.49222451
562.00000000	1222.81390205
564.00000000	1196.13878257
566.00000000	1209.59831796
568.00000000	1208.17534791
570.00000000	1205.70097445
572.00000000	1244.41594248
574.00000000	1259.93976257
576.00000000	1227.48136371
578.00000000	1195.83591030
580.00000000	1207.48202239
582.00000000	1251.47304360
584.00000000	1233.93557805
586.00000000	1188.47091366
588.00000000	1197.01426423
590.00000000	1211.46731986
592.00000000	1218.11467340
594.00000000	1248.28647299
596.00000000	1230.74136312
598.00000000	1160.35848128
600.00000000	1185.08575634
602.00000000	1269.02900650
604.00000000	1299.98097437
606.00000000	1270.80038464
608.00000000	1236.62299436
610.00000000	1263.09366597
612.00000000	1280.62108577
614.00000000	1243.84137442
616.00000000	1197.88190298
618.00000000	1186.49623829
620.00000000	1217.91938697
622.00000000	1233.41836651
624.00000000	1233.59208361
626.00000000	1256.13933247
628.00000000	1284.46872802
630.00000000	1281.75463886
632.00000000	1219.96050595
634.00000000	1176.75107584
636.00000000	1212.93726085
638.00000000	1284.48838349
640.00000000	1320.15001346
642.00000000	1288.55402026
644.00000000	1292.60302010
646.00000000	1320.77367191
648.00000000	1273.21046693
650.00000000	1223.44336540
652.00000000	1235.65928540
654.00000000	1285.21918136
656.00000000	1306.56329403
658.00000000	1268.81963730
660.00000000	1244.04887489
662.00000000	1268.70116765
664.00000000	1326.98353511
666.00000000	1346.04268780
668.00000000	1336.80065236
670.00000000	1376.42874679
672.00000000	1378.53545663
674.00000000	1315.29257461
676.00000000	1313.21851775
678.00000000	1353.45758318
680.00000000	1362.52648715
682.00000000	1326.93768265
684.00000000	1297.18170717
686.00000000	1325.38938319
688.00000000	1329.87709775
690.00000000	1298.96791694
692.00000000	1310.47137329
694.00000000	1349.82571681
696.00000000	1384.85875627
698.00000000	1406.37107210
700.00000000	1401.10216260
702.00000000	1364.76504563
704.00000000	1321.64519994
706.00000000	1313.56591506
708.00000000	1361.47535348
710.00000000	1385.17929670
712.00000000	1371.93002356
714.00000000	1382.41384598
716.00000000	1381.94244927
718.00000000	1360.58524854
720.00000000	1378.92841117
722.00000000	1401.78998632
724.00000000	1399.02254328
726.00000000	1441.20267146
728.00000000	1486.17680319
730.00000000	1460.29376212
732.00000000	1444.56295862
734.00000000	1461.58432505
736.00000000	1468.75868346
738.00000000	1496.48457566
740.00000000	1553.95546200
742.00000000	1599.10439264
744.00000000	1611.20558742
746.00000000	1624.85627939
748.00000000	1734.08201207
750.00000000	1826.82443516
752.00000000	1773.84018761
754.00000000	1696.37774310
756.00000000	1648.10353926
758.00000000	1606.71288591
760.00000000	1572.66939934
762.00000000	1556.32119763
764.00000000	1562.81418360
766.00000000	1549.00378460
768.00000000	1495.73659519
770.00000000	1443.09703734
772.00000000	1458.56654991
774.00000000	1534.03401117
776.00000000	1519.92644659
778.00000000	1490.15115827
780.00000000	1552.92927141
782.00000000	1548.73412963
784.00000000	1506.22769439
786.00000000	1561.95058623
788.00000000	1587.31438049
790.00000000	1539.59342113
792.00000000	1513.84133931
794.00000000	1531.05548513
796.00000000	1561.01232700
798.00000000	1549.03991135
800.00000000	1517.63085723
802.00000000	1499.19989327
804.00000000	1486.65576715
806.00000000	1489.72380553
808.00000000	1510.62256144
810.00000000	1511.13543987
812.00000000	1513.07730987
814.00000000	1546.49718370
816.00000000	1526.51802460
818.00000000	1500.21486360
820.00000000	1590.77156914
822.00000000	1650.10724265
824.00000000	1616.47690073
826.00000000	1595.39036978
828.00000000	1590.90315999
830.00000000	1597.22340168
832.00000000	1639.06746230
834.00000000	1652.97329548
836.00000000	1606.56239224
838.00000000	1592.36788487
840.00000000	1600.58091096
842.00000000	1589.57664140
844.00000000	1597.14633457
846.00000000	1613.72171334
848.00000000	1607.97005048
850.00000000	1610.41821254
852.00000000	1626.17091762
854.00000000	1634.06581292
856.00000000	1640.55235199
858.00000000	1649.87448288
860.00000000	1655.26061599
862.00000000	1646.10688215
864.00000000	1623.19391272
866.00000000	1606.61508519
868.00000000	1632.35531967
870.00000000	1683.56348337
872.00000000	1665.96706858
874.00000000	1637.11155777
876.00000000	1656.72183718
878.00000000	1640.71968138
880.00000000	1585.29654868
882.00000000	1545.84933789
884.00000000	1575.75687330
886.00000000	1666.36065410
888.00000000	1749.38457172
890.00000000	1719.74498097
892.00000000	1637.59882523
894.00000000	1650.87218305
896.00000000	1690.56465611
898.00000000	1701.06424921
900.00000000	1696.12375749
902.00000000	1705.33627578
904.00000000	1715.21979231
906.00000000	1680.58845397
908.00000000	1684.74759061
910.00000000	1742.12881723
912.00000000	1736.56322821
914.00000000	1736.16764713
916.00000000	1793.07825621
918.00000000	1814.14440803
920.00000000	1784.91338468
922.00000000	1748.11728700
924.00000000	1762.46521707
926.00000000	1799.67388959
928.00000000	1803.90789137
930.00000000	1771.82417479
932.00000000	1749.23020180
934.00000000	1773.08106566
936.00000000	1790.09499477
938.00000000	1768.43719730
940.00000000	1721.79986196
942.00000000	1717.73542739
944.00000000	1769.90201886
946.00000000	1833.74819764
948.00000000	1850.60389826
950.00000000	1835.90911721
952.00000000	1847.69417721
954.00000000	1831.16854546
956.00000000	1790.04107754
958.00000000	1797.36730097
960.00000000	1827.02227663
962.00000000	1842.56326992
964.00000000	1835.55253754
966.00000000	1827.09899855
968.00000000	1819.97841467
970.00000000	1794.40914378
972.00000000	1802.97394027
974.00000000	1848.61840216
976.00000000	1847.92765376
978.00000000	1861.54554334
980.00000000	1921.13184822
982.00000000	1934.63087454
984.00000000	1925.66462216
986.00000000	1927.95658661
988.00000000	1905.53204588
990.00000000	1888.45178316
992.00000000	1909.40848257
994.00000000	1942.68910020
996.00000000	1978.92437999
998.00000000	2009.40245556
1000.00000000	2010.55297301
1002.00000000	2031.92176057
1004.00000000	2095.87617988
1006.00000000	2089.38306411
1008.00000000	2044.59820876
1010.00000000	2032.12207300
1012.00000000	1991.15753255
1014.00000000	1923.32970877
1016.00000000	1882.33088979
1018.00000000	1912.11061527
1020.00000000	1929.61783581
1022.00000000	1862.90815804
1024.00000000	1873.10669086
1026.00000000	1937.24989456
1028.00000000	1938.79658487
1030.00000000	1929.90386482
1032.00000000	1922.62742395
1034.00000000	1902.05350382
1036.00000000	1915.04527370
1038.00000000	1910.62044197
1040.00000000	1839.92828493
1042.00000000	1888.26146692
1044.00000000	1976.25792292
1046.00000000	1915.29802094
1048.00000000	1909.11970527
1050.00000000	1968.94176556
1052.00000000	1962.82973757
1054.00000000	1980.39629546
1056.00000000	2004.33706476
1058.00000000	1948.15222346
1060.00000000	1898.22089766
1062.00000000	1914.44094308
1064.00000000	1992.82393634
1066.00000000	2087.89963676
1068.00000000	2135.54343488
1070.00000000	2094.67821198
1072.00000000	2027.07162062
1074.00000000	1999.61851408
1076.00000000	2033.88237239
1078.00000000	2054.45223238
1080.00000000	2087.18828019
1082.00000000	2182.49979333
1084.00000000	2162.26025892
1086.00000000	2066.88054084
1088.00000000	2074.32072133
1090.00000000	2110.02008421
1092.00000000	2104.54792105
1094.00000000	2051.37591354
1096.00000000	1996.73993408
1098.00000000	1985.20488401
1100.00000000	2029.54407897
1102.00000000	2074.93362566
1104.00000000	2061.36984886
1106.00000000	1991.19051170
1108.00000000	2015.78789591
1110.00000000	2092.71334947
1112.00000000	2090.72319880
1114.00000000	2085.28438884
1116.00000000	2118.85917896
1118.00000000	2159.60965908
1120.00000000	2124.11494343
1122.00000000	2090.62614918
1124.00000000	2159.94918126
1126.00000000	2210.81775012
1128.00000000	2265.59589994
1130.00000000	2366.19743382
1132.00000000	2343.21586514
1134.00000000	2201.63899016
1136.00000000	2073.81068195
1138.00000000	2076.29360455
1140.00000000	2143.55321113
1142.00000000	2149.87865517
1144.00000000	2071.62390895
1146.00000000	1999.58876360
1148.00000000	1994.85372024
1150.00000000	1970.80635525
1152.00000000	1951.58388795
1154.00000000	1984.12696055
1156.00000000	2038.14871091
1158.00000000	2044.27502194
1160.00000000	2000.50598176
1162.00000000	2015.34828923
1164.00000000	2050.42100523
1166.00000000	2038.95019335
1168.00000000	1987.89777426
1170.00000000	2012.60637376
1172.00000000	2099.94183735
1174.00000000	2069.07866766
1176.00000000	2045.87099184
1178.00000000	2063.00838118
1180.00000000	1969.82455627
1182.00000000	1909.36534913
1184.00000000	1952.44369458
1186.00000000	1999.63588736
1188.00000000	1998.67931253
1190.00000000	1943.07570761
1192.00000000	1874.63067106
1194.00000000	1892.73284359
1196.00000000	1961.70902010
1198.00000000	1965.88850963
1200.00000000	1949.41453682
1202.00000000	1953.00111831
1204.00000000	1977.85894679
1206.00000000	1997.59662507
1208.00000000	2023.44980496
1210.00000000	2054.87565532
1212.00000000	2011.41208361
1214.00000000	1995.83654897
1216.00000000	2092.75217729
1218.00000000	2127.15923077
1220.00000000	2095.52698110
1222.00000000	2070.51948158
1224.00000000	2068.41600882
1226.00000000	2082.46622202
1228.00000000	2112.10455620
1230.00000000	2164.51611718
1232.00000000	2168.55189027
1234.00000000	2119.64044692
1236.00000000	2112.36188019
1238.00000000	2105.20530204
1240.00000000	2089.90687854
1242.00000000	2109.97672784
1244.00000000	2066.31592381
1246.00000000	2018.20210720
1248.00000000	2104.41194677
1250.00000000	2110.49028668
1252.00000000	2036.62478986
1254.00000000	2035.37607240
1256.00000000	2033.33985354
1258.00000000	2023.93789108
1260.00000000	2041.17327687
1262.00000000	2048.17047788
1264.00000000	2035.91021197
1266.00000000	2016.52564119
1268.00000000	2001.63912326
1270.00000000	2002.64303058
1272.00000000	2031.94543869
1274.00000000	2092.20509846
1276.00000000	2119.55519759
1278.00000000	2095.23663581
1280.00000000	2072.38470019
1282.00000000	2025.63741405
1284.00000000	1977.92320126
1286.00000000	1994.63313690
1288.00000000	2017.34570602
1290.00000000	2034.31628176
1292.00000000	2068.53646604
1294.00000000	2062.19625460
1296.00000000	2060.53247259
1298.00000000	2134.99929226
1300.00000000	2228.19274639
1302.00000000	2270.72257337
1304.00000000	2264.88130020
1306.00000000	2314.19383597
1308.00000000	2361.95616774
1310.00000000	2350.29910528
1312.00000000	2327.22446591
1314.00000000	2333.83792402
1316.00000000	2340.07341044
1318.00000000	2270.95307535
1320.00000000	2178.29271656
1322.00000000	2141.31911083
1324.00000000	2186.96491862
1326.00000000	2206.08117158
1328.00000000	2186.86910165
1330.00000000	2193.50225790
1332.00000000	2251.58049615
1334.00000000	2299.74591066
1336.00000000	2285.72068954
1338.00000000	2254.34984455
1340.00000000	2247.26978580
1342.00000000	2251.36696332
1344.00000000	2212.47049926
1346.00000000	2206.94439468
1348.00000000	2217.68654150
1350.00000000	2139.55615781
1352.00000000	2075.82614060
1354.00000000	2091.02151612
1356.00000000	2155.44983401
1358.00000000	2188.45832395
1360.00000000	2179.80117839
1362.00000000	2175.35070985
1364.00000000	2213.67231067
1366.00000000	2174.29956971
1368.00000000	2069.33606346
1370.00000000	2135.50087617
1372.00000000	2156.30463097
1374.00000000	2065.90167977
1376.00000000	2064.38606843
1378.00000000	2028.11216151
1380.00000000	1979.89089268
1382.00000000	2036.11811131
1384.00000000	2052.26526772
1386.00000000	2045.03065611
1388.00000000	2074.32410610
1390.00000000	2048.40462061
1392.00000000	2026.26751692
1394.00000000	2050.54274920
1396.00000000	2049.45350874
1398.00000000	2059.34691251
1400.00000000	2071.65981152
1402.00000000	2026.69885907
1404.00000000	1992.63096955
1406.00000000	1974.70536876
1408.00000000	1934.03717617
1410.00000000	1899.12655776
1412.00000000	1885.06992991
1414.00000000	1885.73386442
1416.00000000	1885.55545302
1418.00000000	1894.43134913
1420.00000000	1920.87303656
1422.00000000	1949.92705227
1424.00000000	1934.70041287
1426.00000000	1911.55725795
1428.00000000	1951.35029376
1430.00000000	1989.52874653
1432.00000000	1991.14462784
1434.00000000	1971.18004467
1436.00000000	1968.39915590
1438.00000000	1980.79682028
1440.00000000	1998.43306571
1442.00000000	2023.09033601
1444.00000000	2037.97874268
1446.00000000	2062.62599802
1448.00000000	2124.09976491
1450.00000000	2148.91119953
1452.00000000	2117.97203801
1454.00000000	2074.62696157
1456.00000000	2078.99981898
1458.00000000	2134.58401646
1460.00000000	2190.32572770
1462.00000000	2171.42576681
1464.00000000	2079.29812169
1466.00000000	1985.09742227
1468.00000000	1966.90030358
1470.00000000	1982.98576355
1472.00000000	1986.72467559
1474.00000000	1971.40095553
1476.00000000	1975.25678282
1478.00000000	1960.69717878
1480.00000000	1919.02831030
1482.00000000	1914.65773242
1484.00000000	1923.34814125
1486.00000000	1883.81425488
1488.00000000	1796.33897628
1490.00000000	1841.18338766
1492.00000000	1915.44877018
1494.00000000	1862.37935579
1496.00000000	1794.07248985
1498.00000000	1755.25304222
1500.00000000	1746.07332489
1502.00000000	1754.47232862
1504.00000000	1741.28520199
1506.00000000	1729.26421553
1508.00000000	1754.52780983
1510.00000000	1748.81300189
1512.00000000	1724.51317323
1514.00000000	1726.40210092
1516.00000000	1756.89589158
1518.00000000	1780.39332102
1520.00000000	1801.46222110
1522.00000000	1842.89140415
1524.00000000	1813.74950314
1526.00000000	1772.90271571
1528.00000000	1807.54964742
1530.00000000	1822.79720514
1532.00000000	1811.36948214
1534.00000000	1799.27251292
1536.00000000	1796.90245370
1538.00000000	1835.51692090
1540.00000000	1870.22295094
1542.00000000	1845.41896627
1544.00000000	1848.53696580
1546.00000000	1886.42192122
1548.00000000	1923.78971867
1550.00000000	1947.29351596
1552.00000000	1941.10684063
1554.00000000	1940.00594176
1556.00000000	1988.81552090
1558.00000000	2008.81039394
1560.00000000	1989.85204742
1562.00000000	1962.86368119
1564.00000000	1926.92546379
1566.00000000	1893.13818086
1568.00000000	1921.64956570
1570.00000000	2051.84664464
1572.00000000	2089.85695747
1574.00000000	2036.71777028
1576.00000000	2022.85392191
1578.00000000	2068.05862194
1580.00000000	2131.95789105
1582.00000000	2189.16831490
1584.00000000	2244.70165016
1586.00000000	2248.79451057
1588.00000000	2167.59810366
1590.00000000	2047.48008490
1592.00000000	2035.25149766
1594.00000000	2065.48914710
1596.00000000	2020.71964064
1598.00000000	1905.83874901
1600.00000000	1910.25503394
1602.00000000	1998.98235283
1604.00000000	2014.68990416
1606.00000000	2033.46750203
1608.00000000	2013.39501758
1610.00000000	1935.07973424
1612.00000000	1898.40205282
1614.00000000	1911.61892787
1616.00000000	1933.53033073
1618.00000000	1922.93061667
1620.00000000	1885.15328728
1622.00000000	1852.35174179
1624.00000000	1854.89277801
1626.00000000	1886.69881038
1628.00000000	1861.78223333
1630.00000000	1812.57631100
1632.00000000	1829.60409420
1634.00000000	1863.66189319
1636.00000000	1885.34095188
1638.00000000	1883.35767984
1640.00000000	1859.21605358
1642.00000000	1873.79588791
1644.00000000	1902.77505640
1646.00000000	1888.43107862
1648.00000000	1875.64216137
1650.00000000	1867.50627098
1652.00000000	1856.43032630
1654.00000000	1856.42262959
1656.00000000	1884.72021021
1658.00000000	1905.66090120
1660.00000000	1874.47573623
1662.00000000	1817.98845943
1664.00000000	1813.81700597
1666.00000000	1869.66590524
1668.00000000	1902.95532365
1670.00000000	1879.23785317
1672.00000000	1841.17669935
1674.00000000	1836.89902052
1676.00000000	1850.17207981
1678.00000000	1896.58351838
1680.00000000	1927.73365919
1682.00000000	1864.14427772
1684.00000000	1775.10205318
1686.00000000	1752.34203940
1688.00000000	1790.64894824
1690.00000000	1771.95742241
1692.00000000	1744.46224973
1694.00000000	1740.57886167
1696.00000000	1721.26947778
1698.00000000	1647.02394399
1700.00000000	1651.09957338
1702.00000000	1651.09957338
1704.00000000	1651.09957338
1706.00000000	1651.09957338
1708.00000000	1651.09957338
1710.00000000	1651.09957338
1712.00000000	1651.09957338
1714.00000000	1651.09957338
1716.00000000	1587.84129027
1718.00000000	1556.22744975
1720.00000000	1536.17750108
1722.00000000	1553.65604232
1724.00000000	1583.34218177
1726.00000000	1547.26910424
1728.00000000	1524.70753299
1730.00000000	1550.28640839
1732.00000000	1592.71547698
1734.00000000	1640.86396033
1736.00000000	1629.46411819
1738.00000000	1575.24345559
1740.00000000	1578.13757013
1742.00000000	1586.09845860
1744.00000000	1564.23105499
1746.00000000	1529.89513552
1748.00000000	1520.21938518
1750.00000000	1508.74830498
1752.00000000	1500.12249947
1754.00000000	1518.89451783
1756.00000000	1529.79644411
1758.00000000	1535.16269749
1760.00000000	1551.54808397
1762.00000000	1565.17460082
1764.00000000	1504.48439942
1766.00000000	1463.88980861
1768.00000000	1518.20319039
1770.00000000	1539.30563198
1772.00000000	1529.86699133
1774.00000000	1530.81296508
1776.00000000	1556.28855330
1778.00000000	1577.48136135
1780.00000000	1557.77215270
1782.00000000	1521.38019496
1784.00000000	1534.00801324
1786.00000000	1559.02762990
1788.00000000	1530.95256384
1790.00000000	1462.97540002
1792.00000000	1467.66787230
1794.00000000	1521.14578004
1796.00000000	1556.74051811
1798.00000000	1538.00410877
1800.00000000	1500.68886706
1802.00000000	1527.20601656
1804.00000000	1581.58692400
1806.00000000	1563.42057759
1808.00000000	1561.46674957
1810.00000000	1569.57558309
1812.00000000	1547.33303938
1814.00000000	1506.98403095
1816.00000000	1494.56376132
1818.00000000	1524.89306166
1820.00000000	1555.34389220
1822.00000000	1527.66550709
1824.00000000	1559.19024169
1826.00000000	1593.54018778
1828.00000000	1529.80735451
1830.00000000	1545.06130163
1832.00000000	1566.50776531
1834.00000000	1532.32954246
1836.00000000	1509.26058009
1838.00000000	1539.64056261
1840.00000000	1551.39077887
1842.00000000	1522.28927708
1844.00000000	1532.01981547
1846.00000000	1545.00089364
1848.00000000	1536.00064623
1850.00000000	1526.71529200
1852.00000000	1552.26046241
1854.00000000	1551.24730978
1856.00000000	1526.99480730
1858.00000000	1518.17609844
1860.00000000	1510.82081962
1862.00000000	1561.09190856
1864.00000000	1615.18704588
1866.00000000	1575.82827188
1868.00000000	1527.75836406
1870.00000000	1521.49498678
1872.00000000	1546.89117710
1874.00000000	1565.44099590
1876.00000000	1569.02066658
1878.00000000	1591.25564769
1880.00000000	1613.47239992
1882.00000000	1566.80719905
1884.00000000	1511.74847310
1886.00000000	1522.91899390
1888.00000000	1571.28459595
1890.00000000	1546.14256068
1892.00000000	1550.54377982
1894.00000000	1561.03376949
1896.00000000	1528.08873534
1898.00000000	1537.55641682
1900.00000000	1542.54691457
1902.00000000	1535.12257416
1904.00000000	1537.33354060
1906.00000000	1523.84811144
1908.00000000	1555.27040148
1910.00000000	1588.04709789
1912.00000000	1555.00052461
1914.00000000	1563.83674442
1916.00000000	1552.72271603
1918.00000000	1536.62567091
1920.00000000	1593.49506225
1922.00000000	1611.95333131
1924.00000000	1570.65334162
1926.00000000	1531.46100347
1928.00000000	1543.78974702
1930.00000000	1544.15361831
1932.00000000	1546.77663221
1934.00000000	1553.42950229
1936.00000000	1531.55648172
1938.00000000	1537.30129421
1940.00000000	1552.81238281
1942.00000000	1567.42649211
1944.00000000	1604.24721856
1946.00000000	1590.07933527
1948.00000000	1546.55190876
1950.00000000	1537.98250010
1952.00000000	1573.49275398
1954.00000000	1575.95102085
1956.00000000	1539.93120223
1958.00000000	1540.66148611
1960.00000000	1623.62473055
1962.00000000	1610.87311832
1964.00000000	1573.86536631
1966.00000000	1595.13007020
1968.00000000	1564.44536113
1970.00000000	1579.31113949
1972.00000000	1591.72700338
1974.00000000	1563.04692611
1976.00000000	1599.74485146
1978.00000000	1593.12574889
1980.00000000	1560.74827993
1982.00000000	1559.51724888
1984.00000000	1542.37329996
1986.00000000	1530.09684766
1988.00000000	1535.41971696
1990.00000000	1554.44890113
1992.00000000	1580.56983085
1994.00000000	1590.95129450
1996.00000000	1607.40474225
1998.00000000	1623.61423531
2000.00000000	1584.44956475
2002.00000000	1591.75569154
2004.00000000	1597.26033081
2006.00000000	1572.72942824
2008.00000000	1630.40015530
2010.00000000	1602.90998540
2012.00000000	1534.26559588
2014.00000000	1550.97681253
2016.00000000	1607.08347420
2018.00000000	1574.97954947
2020.00000000	1539.91445510
2022.00000000	1575.19381318
2024.00000000	1568.19446571
2026.00000000	1527.41436326
2028.00000000	1538.35495040
2030.00000000	1600.69983708
2032.00000000	1608.70507965
2034.00000000	1610.15738346
2036.00000000	1593.63659702
2038.00000000	1546.74002177
2040.00000000	1531.88979393
2042.00000000	1614.74198413
2044.00000000	1664.51788606
2046.00000000	1629.04609559
2048.00000000	1630.82104203
2050.00000000	1661.45101040
2052.00000000	1645.70218572
2054.00000000	1595.62363525
2056.00000000	1585.67477221
2058.00000000	1562.41868154
2060.00000000	1600.75326795
2062.00000000	1665.20116762
2064.00000000	1625.93808375
2066.00000000	1560.92114206
2068.00000000	1581.96220189
2070.00000000	1645.69903850
2072.00000000	1643.69610805
2074.00000000	1623.97100681
2076.00000000	1585.25011578
2078.00000000	1560.70972607
2080.00000000	1595.42891307
2082.00000000	1650.19855294
2084.00000000	1626.28273908
2086.00000000	1588.18622275
2088.00000000	1609.41870677
2090.00000000	1601.33979264
2092.00000000	1620.22479308
2094.00000000	1642.33453162
2096.00000000	1643.49378016
2098.00000000	1676.13258571
2100.00000000	1680.98415692
2102.00000000	1672.07555166
2104.00000000	1668.11022558
2106.00000000	1645.26157279
2108.00000000	1632.23516328
2110.00000000	1623.22014937
2112.00000000	1629.99877961
2114.00000000	1667.82852951
2116.00000000	1671.95784805
2118.00000000	1641.67271038
2120.00000000	1592.33870382
2122.00000000	1583.01689825
2124.00000000	1707.18251032
2126.00000000	1693.71131534
2128.00000000	1598.24201852
2130.00000000	1625.70307949
2132.00000000	1674.23437315
2134.00000000	1662.88005224
2136.00000000	1651.00175986
2138.00000000	1663.42330984
2140.00000000	1627.67220131
2142.00000000	1638.31399081
2144.00000000	1665.43241691
2146.00000000	1680.76722114
2148.00000000	1695.75068395
2150.00000000	1630.05741696
2152.00000000	1645.91863141
2154.00000000	1690.49580424
2156.00000000	1624.09516871
2158.00000000	1642.02666575
2160.00000000	1637.75284503
2162.00000000	1635.38555766
2164.00000000	1677.93352646
2166.00000000	1647.49477804
2168.00000000	1691.30069011
2170.00000000	1683.73264891
2172.00000000	1626.24240458
2174.00000000	1729.08816914
2176.00000000	1725.92486227
2178.00000000	1655.67894141
2180.00000000	1626.68171408
2182.00000000	1641.67852347
2184.00000000	1682.17422134
2186.00000000	1683.74296835
2188.00000000	1665.46351989
2190.00000000	1681.46474105
2192.00000000	1710.97350738
2194.00000000	1694.60764417
2196.00000000	1686.93879280
2198.00000000	1699.19256172
2200.00000000	1664.01519810
2202.00000000	1659.54060931
2204.00000000	1682.67295823
2206.00000000	1706.05557747
2208.00000000	1712.42055642
2210.00000000	1685.27504134
2212.00000000	1690.60188741
2214.00000000	1696.78541795
2216.00000000	1661.25874922
2218.00000000	1642.32299379
2220.00000000	1669.90540622
2222.00000000	1702.58223324
2224.00000000	1724.91753440
2226.00000000	1750.07051599
2228.00000000	1731.88866605
2230.00000000	1720.41505421
2232.00000000	1747.11556439
2234.00000000	1769.80517749
2236.00000000	1723.85384898
2238.00000000	1651.63281512
2240.00000000	1669.27334696
2242.00000000	1740.58794970
2244.00000000	1716.97703740
2246.00000000	1693.58612802
2248.00000000	1725.35590450
2250.00000000	1760.12780386
2252.00000000	1771.57183156
2254.00000000	1827.45802146
2256.00000000	1772.45080057
2258.00000000	1705.66192435
2260.00000000	1711.33797640
2262.00000000	1707.86743736
2264.00000000	1785.08192870
2266.00000000	1789.60368497
2268.00000000	1747.23165273
2270.00000000	1758.67145237
2272.00000000	1701.62120067
2274.00000000	1753.30451606
2276.00000000	1819.43114604
2278.00000000	1783.82738631
2280.00000000	1740.54634211
2282.00000000	1737.17404729
2284.00000000	1772.41270982
2286.00000000	1783.65998127
2288.00000000	1748.82427721
2290.00000000	1755.24843607
2292.00000000	1795.47791986
2294.00000000	1776.29378785
2296.00000000	1706.53141269
2298.00000000	1697.36310441
2300.00000000	1736.61090578
2302.00000000	1774.63709452
2304.00000000	1813.14705992
2306.00000000	1824.08737052
2308.00000000	1753.55251536
2310.00000000	1789.11548775
2312.00000000	1845.88648737
2314.00000000	1824.20937210
2316.00000000	1770.79531164
2318.00000000	1745.35845557
2320.00000000	1803.28132963
2322.00000000	1827.64072358
2324.00000000	1772.13870702
2326.00000000	1782.47805576
2328.00000000	1868.02104569
2330.00000000	1885.93427609
2332.00000000	1816.54764136
2334.00000000	1763.17201971
2336.00000000	1766.97047370
2338.00000000	1772.03723942
2340.00000000	1744.45377951
2342.00000000	1730.93812579
2344.00000000	1767.23314560
2346.00000000	1769.69606977
2348.00000000	1799.24168697
2350.00000000	1827.04374336
2352.00000000	1823.64838076
2354.00000000	1820.19738805
2356.00000000	1740.64096966
2358.00000000	1758.40784262
2360.00000000	1828.06578483
2362.00000000	1819.42605392
2364.00000000	1836.60527049
2366.00000000	1843.06987696
2368.00000000	1828.57072713
2370.00000000	1802.56726588
2372.00000000	1766.61882282
2374.00000000	1743.50093927
2376.00000000	1807.79983442
2378.00000000	1841.76876181
2380.00000000	1800.19678677
2382.00000000	1797.53548352
2384.00000000	1807.63312557
2386.00000000	1774.03434437
2388.00000000	1772.62244176
2390.00000000	1810.19151312
2392.00000000	1774.00197844
2394.00000000	1771.27611239
2396.00000000	1752.07937988
2398.00000000	1776.69717229
2400.00000000	1852.72312818
2402.00000000	1803.83621571
2404.00000000	1782.16815977
2406.00000000	1772.04590792
2408.00000000	1749.24248236
2410.00000000	1756.95531903
2412.00000000	1789.00462972
2414.00000000	1785.03923985
2416.00000000	1824.57458696
2418.00000000	1882.01873935
2420.00000000	1851.40760563
2422.00000000	1793.73839751
2424.00000000	1743.52080349
2426.00000000	1794.34746089
2428.00000000	1869.55318762
2430.00000000	1826.79915162
2432.00000000	1800.41548311
2434.00000000	1776.99240176
2436.00000000	1843.28483122
2438.00000000	1912.03375775
2440.00000000	1828.40637336
2442.00000000	1850.88653319
2444.00000000	1869.70114853
2446.00000000	1881.01199638
2448.00000000	1899.78839188
2450.00000000	1860.05710255
2452.00000000	1832.02743853
2454.00000000	1802.17701582
2456.00000000	1837.50366680
2458.00000000	1882.38592035
2460.00000000	1821.19821228
2462.00000000	1866.18857235
2464.00000000	1815.19881068
2466.00000000	1748.63279293
2468.00000000	1792.44287265
2470.00000000	1838.11872972
2472.00000000	1890.03864765
2474.00000000	1854.36999554
2476.00000000	1845.23313914
2478.00000000	1882.99003498
2480.00000000	1824.37952857
2482.00000000	1830.78575541
2484.00000000	1850.44039348
2486.00000000	1840.24306707
2488.00000000	1847.14709510
2490.00000000	1883.65815866
2492.00000000	1853.98492025
2494.00000000	1892.07703858
2496.00000000	1880.19222246
2498.00000000	1808.93895101
2500.00000000	1841.91323523
2502.00000000	1809.93808030
2504.00000000	1847.45661409
2506.00000000	1861.62470522
2508.00000000	1821.84484877
2510.00000000	1866.12441443
2512.00000000	1913.57081102
2514.00000000	1922.82839892
2516.00000000	1907.84449641
2518.00000000	1884.07201047
2520.00000000	1844.68992803
2522.00000000	1798.79644735
2524.00000000	1827.19060484
2526.00000000	1896.19046954
2528.00000000	1881.86017174
2530.00000000	1811.20731435
2532.00000000	1881.19318837
2534.00000000	1896.54879865
2536.00000000	1867.42593532
2538.00000000	1875.39520661
2540.00000000	1908.19956202
2542.00000000	1896.57009168
2544.00000000	1825.36024895
2546.00000000	1829.43878220
2548.00000000	1869.22690884
2550.00000000	1866.80200833
2552.00000000	1896.16799022
2554.00000000	1946.19514273
2556.00000000	1867.37257673
2558.00000000	1807.52659962
2560.00000000	1875.14749356
2562.00000000	1910.85841950
2564.00000000	1856.45273040
2566.00000000	1839.54197620
2568.00000000	1880.65886241
2570.00000000	1882.59653586
2572.00000000	1861.66238590
2574.00000000	1960.20023867
2576.00000000	1915.43772600
2578.00000000	1854.88652976
2580.00000000	1879.18442010
2582.00000000	1898.43126639
2584.00000000	1879.00008470
2586.00000000	1891.17050782
2588.00000000	1926.80586761
2590.00000000	1928.44757188
2592.00000000	1883.65312892
2594.00000000	1843.99954460
2596.00000000	1853.60369406
2598.00000000	1924.23614956
2600.00000000	1929.17683054
2602.00000000	1888.69428386
2604.00000000	1889.36733738
2606.00000000	1843.17694825
2608.00000000	1873.52884964
2610.00000000	1965.64745653
2612.00000000	1979.17666538
2614.00000000	1921.78305875
2616.00000000	1935.58398406
2618.00000000	1918.07554678
2620.00000000	1915.58107602
2622.00000000	1913.01922542
2624.00000000	1878.36609274
2626.00000000	1863.31917340
2628.00000000	1913.40957511
2630.00000000	1911.94816460
2632.00000000	1937.84668068
2634.00000000	1954.32837864
2636.00000000	1915.14423950
2638.00000000	1930.02382018
2640.00000000	1938.26521230
2642.00000000	1949.21304886
2644.00000000	2019.47123073
2646.00000000	2006.78049507
2648.00000000	1836.07788999
2650.00000000	1832.02450500
2652.00000000	1913.07413541
2654.00000000	1880.37086338
2656.00000000	1865.67985779
2658.00000000	1952.25973397
2660.00000000	1943.44149209
2662.00000000	1924.98646394
2664.00000000	1954.93532663
2666.00000000	1993.54563843
2668.00000000	1983.02319539
2670.00000000	1943.66767765
2672.00000000	1952.58871032
2674.00000000	1972.69752256
2676.00000000	1921.25566050
2678.00000000	1899.76791130
2680.00000000	1933.15960189
2682.00000000	1934.56922462
2684.00000000	2001.33863002
2686.00000000	2020.13075733
2688.00000000	2009.51619335
2690.00000000	2023.21337257
2692.00000000	2019.78416064
2694.00000000	1964.26655379
2696.00000000	1970.01913088
2698.00000000	1968.08566866
2700.00000000	1937.95347707
2702.00000000	1933.72737827
2704.00000000	1974.00579089
2706.00000000	2001.36910784
2708.00000000	1993.07455247
2710.00000000	2048.96043585
2712.00000000	2081.89132259
2714.00000000	2041.75544041
2716.00000000	2016.23009054
2718.00000000	2014.59683072
2720.00000000	2035.13940224
2722.00000000	2025.75375986
2724.00000000	2026.92429943
2726.00000000	2059.81053435
2728.00000000	2061.88870313
2730.00000000	2046.32492773
2732.00000000	2088.31218614
2734.00000000	2054.58193143
2736.00000000	2007.02041068
2738.00000000	2056.53001623
2740.00000000	2081.07983789
2742.00000000	1985.09325579
2744.00000000	1995.30387884
2746.00000000	1999.59398448
2748.00000000	1994.78278941
2750.00000000	2020.60553946
2752.00000000	1995.28225486
2754.00000000	2030.01119628
2756.00000000	2040.56354581
2758.00000000	2017.29446121
2760.00000000	2028.67554470
2762.00000000	2065.37340834
2764.00000000	2044.88589868
2766.00000000	1996.21374500
2768.00000000	1981.55397759
2770.00000000	1919.32992756
2772.00000000	1873.77616507
2774.00000000	1953.68154971
2776.00000000	2048.72865505
2778.00000000	2005.58092760
2780.00000000	1980.84993006
2782.00000000	1968.55632730
2784.00000000	1929.48236078
2786.00000000	1941.15311774
2788.00000000	2019.04958739
2790.00000000	1993.05924119
2792.00000000	2003.37739350
2794.00000000	2023.14954047
2796.00000000	1971.29636875
2798.00000000	1940.03196673
2800.00000000	2005.16961591
2802.00000000	1991.83169700
2804.00000000	2000.68895992
2806.00000000	2021.91491905
2808.00000000	1995.03839665
2810.00000000	1946.39783052
2812.00000000	1954.54356009
2814.00000000	2011.05484873
2816.00000000	2014.15571272
2818.00000000	2000.11570717
2820.00000000	2023.53775619
2822.00000000	2014.49072915
2824.00000000	1965.37148589
2826.00000000	2017.02944792
2828.00000000	2054.02184520
2830.00000000	2046.26648748
2832.00000000	2059.35212232
2834.00000000	2092.71599099
2836.00000000	2123.56119140
2838.00000000	2170.28553677
2840.00000000	2198.58026787
2842.00000000	2267.75226160
2844.00000000	2273.37581499
2846.00000000	2275.61865009
2848.00000000	2373.54313801
2850.00000000	2471.70159346
2852.00000000	2491.16707878
2854.00000000	2556.96604908
2856.00000000	2622.68355912
2858.00000000	2777.78047225
2860.00000000	2816.61863408
2862.00000000	2662.52968199
2864.00000000	2750.93659969
2866.00000000	2840.67085953
2868.00000000	2900.86235587
2870.00000000	2962.30938078
2872.00000000	3099.62007112
2874.00000000	3236.88887488
2876.00000000	3245.81747098
2878.00000000	3263.90914665
2880.00000000	3182.97971819
2882.00000000	3182.73231223
2884.00000000	3333.04214695
2886.00000000	3355.20470158
2888.00000000	3232.69566807
2890.00000000	3322.76936432
2892.00000000	3317.30470351
2894.00000000	3249.70937146
2896.00000000	3360.85502202
2898.00000000	3411.97224844
2900.00000000	3380.66080990
2902.00000000	3452.36485916
2904.00000000	3311.71788289
2906.00000000	3434.90236581
2908.00000000	3549.50143182
2910.00000000	3628.13482580
2912.00000000	3733.96349725
2914.00000000	3758.49462181
2916.00000000	3713.59116197
2918.00000000	3788.22962448
2920.00000000	3920.44505818
2922.00000000	3978.18851865
2924.00000000	4077.56390540
2926.00000000	4139.52162770
2928.00000000	4104.13727000
2930.00000000	4224.35782840
2932.00000000	4323.96961332
2934.00000000	4290.93460376
2936.00000000	4236.91054930
2938.00000000	4169.05371752
2940.00000000	4108.71772620
2942.00000000	4093.87301092
2944.00000000	3985.03232900
2946.00000000	3766.03983222
2948.00000000	3736.44824558
2950.00000000	3773.05989872
2952.00000000	3737.12085513
2954.00000000	3577.10325830
2956.00000000	3446.20456200
2958.00000000	3557.77137123
2960.00000000	3423.99187768
2962.00000000	3438.55774669
2964.00000000	3464.14398570
2966.00000000	3439.14452871
2968.00000000	3367.66757293
2970.00000000	3226.36580532
2972.00000000	3180.90225003
2974.00000000	3060.34773617
2976.00000000	3158.03555860
2978.00000000	3182.36229892
2980.00000000	3035.13353195
2982.00000000	2938.33350288
2984.00000000	2949.50998752
2986.00000000	2949.58046391
2988.00000000	2889.10247972
2990.00000000	2783.56705645
2992.00000000	2732.54938515
2994.00000000	2591.68000729
2996.00000000	2462.51251477
2998.00000000	2478.24343053
3000.00000000	2451.21650433
3002.00000000	2542.31359221
3004.00000000	2478.55174422
3006.00000000	2413.31523744
3008.00000000	2363.95608055
3010.00000000	2321.28816688
3012.00000000	2315.77089495
3014.00000000	2302.28920707
3016.00000000	2324.59092942
3018.00000000	2300.82662886
3020.00000000	2260.98962985
3022.00000000	2168.99764584
3024.00000000	2121.45559011
3026.00000000	2155.69354126
3028.00000000	2153.93102733
3030.00000000	2134.20757224
3032.00000000	2123.35310377
3034.00000000	2116.17343790
3036.00000000	2145.99911883
3038.00000000	2150.80867915
3040.00000000	2130.20694138
3042.00000000	2146.78224542
3044.00000000	2142.94240840
3046.00000000	2096.33944437
3048.00000000	2181.18108151
3050.00000000	2127.19250576
3052.00000000	2108.93597322
3054.00000000	2129.64745526
3056.00000000	2114.76110296
3058.00000000	2166.18586814
3060.00000000	2198.44926557
3062.00000000	2261.40388902
3064.00000000	2221.75244024
3066.00000000	2232.65515007
3068.00000000	2191.24108596
3070.00000000	2129.97220973
3072.00000000	2189.84605348
3074.00000000	2204.80942440
3076.00000000	2088.79064417
3078.00000000	2067.29372674
3080.00000000	2089.79865348
3082.00000000	2083.74398748
3084.00000000	2038.01774754
3086.00000000	2045.77422252
3088.00000000	2102.86626855
3090.00000000	2077.01899311
3092.00000000	2059.48314395
3094.00000000	2065.96401193
3096.00000000	1984.68626670
3098.00000000	2053.21987165
3100.00000000	2029.14999286
3102.00000000	1941.88483181
3104.00000000	2039.59328540
3106.00000000	2065.29292553
3108.00000000	2085.87094596
3110.00000000	1989.21992090
3112.00000000	2046.12290400
3114.00000000	2031.17436171
3116.00000000	2016.05220861
3118.00000000	2051.80708892
3120.00000000	2008.52782170
3122.00000000	1996.17848983
3124.00000000	1980.56107228
3126.00000000	2025.48165580
3128.00000000	2037.06928282
3130.00000000	2038.42511617
3132.00000000	2105.16984693
3134.00000000	2099.51647628
3136.00000000	2022.87593338
3138.00000000	2064.60159696
3140.00000000	2047.04573597
3142.00000000	1991.09805233
3144.00000000	2025.30012351
3146.00000000	2036.83086183
3148.00000000	2045.28285735
3150.00000000	2055.40319015
3152.00000000	2104.96630056
3154.00000000	2187.80116368
3156.00000000	2084.37356380
3158.00000000	1984.90005363
3160.00000000	2028.55047621
3162.00000000	2057.58667208
3164.00000000	2076.51579478
3166.00000000	2035.31486115
3168.00000000	2016.74468749
3170.00000000	2042.09384208
3172.00000000	1951.52856581
3174.00000000	2001.55375665
3176.00000000	2084.18835273
3178.00000000	2078.30536742
3180.00000000	2026.71507259
3182.00000000	2021.29368642
3184.00000000	2004.14174243
3186.00000000	1965.11530429
3188.00000000	2012.10578678
3190.00000000	2087.94052472
3192.00000000	2073.18109176
3194.00000000	2035.75709779
3196.00000000	1991.21790301
3198.00000000	1936.96408593
3200.00000000	2021.90242347
3202.00000000	2059.88677585
3204.00000000	1981.00646356
3206.00000000	1995.48431908
3208.00000000	1992.17602731
3210.00000000	2120.22391105
3212.00000000	1996.10527769
3214.00000000	2067.55113170
3216.00000000	2083.82794962
3218.00000000	2039.73158104
3220.00000000	2035.36005421
3222.00000000	2025.10227231
3224.00000000	2049.59168689
3226.00000000	2008.60718954
3228.00000000	2003.44392093
3230.00000000	2071.19259633
3232.00000000	2028.83723000
3234.00000000	2015.73224673
3236.00000000	2063.20924289
3238.00000000	2071.51843822
3240.00000000	2008.99655950
3242.00000000	1979.26848333
3244.00000000	2057.54362816
3246.00000000	2033.70507590
3248.00000000	2024.33397996
3250.00000000	2020.21494736
3252.00000000	2070.96158584
3254.00000000	2077.07218946
3256.00000000	1994.47480633
3258.00000000	1954.21403821
3260.00000000	1999.25079876
3262.00000000	2030.38170709
3264.00000000	2069.66007749
3266.00000000	2157.94747854
3268.00000000	2105.45067359
3270.00000000	2011.44532357
3272.00000000	2013.67205783
3274.00000000	2048.61117629
3276.00000000	2119.27344999
3278.00000000	2157.87359986
3280.00000000	2098.72427079
3282.00000000	2104.54661167
3284.00000000	2068.52735210
3286.00000000	2078.30756669
3288.00000000	2153.90464976
3290.00000000	2074.12573193
3292.00000000	2047.41427968
3294.00000000	2129.80631147
3296.00000000	2134.37791048
3298.00000000	2152.23385385
3300.00000000	2205.84899373
3302.00000000	2086.73603846
3304.00000000	2100.93265645
3306.00000000	2081.06957981
3308.00000000	2103.99321352
3310.00000000	2124.40738147
3312.00000000	2152.80340048
3314.00000000	2164.50026932
3316.00000000	2185.09475306
3318.00000000	2177.52773056
3320.00000000	2114.18711788
3322.00000000	2157.91448512
3324.00000000	2196.39109647
3326.00000000	2138.79833292
3328.00000000	2109.48921326
3330.00000000	2132.76858833
3332.00000000	2169.10170345
3334.00000000	2132.14120724
3336.00000000	2202.61580806
3338.00000000	2226.76156387
3340.00000000	2099.57862784
3342.00000000	2144.85918923
3344.00000000	2099.93169598
3346.00000000	2111.99069556
3348.00000000	2085.85952402
3350.00000000	2097.62223123
3352.00000000	2135.23271259
3354.00000000	2144.29061400
3356.00000000	2126.25886211
3358.00000000	2107.10066527
3360.00000000	2107.93143988
3362.00000000	2116.00070106
3364.00000000	2087.29085667
3366.00000000	2070.34607400
3368.00000000	2153.14855915
3370.00000000	2142.83487838
3372.00000000	2090.90412643
3374.00000000	2090.83134207
3376.00000000	2088.34537713
3378.00000000	2063.17271422
3380.00000000	2021.96189622
3382.00000000	2054.40410245
3384.00000000	2123.05657118
3386.00000000	2070.67817186
3388.00000000	2105.95264189
3390.00000000	2181.17171168
3392.00000000	2125.13024059
3394.00000000	1970.82874605
3396.00000000	2072.68730690
3398.00000000	2157.76032384
3400.00000000	2090.36985798
3402.00000000	2104.67022538
3404.00000000	2147.78219794
3406.00000000	2070.99598965
3408.00000000	2034.02019305
3410.00000000	2080.53788016
3412.00000000	2078.14725819
3414.00000000	2054.59127469
3416.00000000	1975.09638990
3418.00000000	2010.39154211
3420.00000000	2038.96731026
3422.00000000	2070.46528151
3424.00000000	2064.07408097
3426.00000000	2039.39991336
3428.00000000	2040.16067301
3430.00000000	2008.21770514
3432.00000000	2027.23499956
3434.00000000	2110.46944033
3436.00000000	2049.36402640
3438.00000000	2071.29329303
3440.00000000	1974.04065745
3442.00000000	2018.19021790
3444.00000000	2054.40838649
3446.00000000	2055.46688593
3448.00000000	2019.81863223
3450.00000000	2017.67039438
3452.00000000	2075.83781068
3454.00000000	2066.48528098
3456.00000000	1996.78865696
3458.00000000	2018.81537731
3460.00000000	2098.49784357
3462.00000000	2038.87835838
3464.00000000	1997.44610516
3466.00000000	2001.44695809
3468.00000000	2026.11829120
3470.00000000	2068.84228621
3472.00000000	2039.09665688
3474.00000000	2029.41074065
3476.00000000	2044.28857867
3478.00000000	2057.89337127
3480.00000000	2034.49946558
3482.00000000	1981.68825301
3484.00000000	2042.93767754
3486.00000000	2050.57649753
3488.00000000	2034.88425501
3490.00000000	1928.28006154
3492.00000000	2005.58896229
3494.00000000	1975.92707278
3496.00000000	2020.13837500
3498.00000000	2033.22346145
3500.00000000	1977.04209667
3502.00000000	1993.73089477
3504.00000000	2040.33916674
3506.00000000	2039.24312297
3508.00000000	2009.91602439
3510.00000000	1990.36822433
3512.00000000	2001.85783222
3514.00000000	1970.66744305
3516.00000000	1983.87400006
3518.00000000	1964.52119609
3520.00000000	1985.51650665
3522.00000000	2002.60085322
3524.00000000	1965.11437622
3526.00000000	1980.97308886
3528.00000000	1959.80478372
3530.00000000	1946.30148836
3532.00000000	1978.57616321
3534.00000000	1942.05978487
3536.00000000	1930.68544553
3538.00000000	1973.58598816
3540.00000000	1964.22553748
3542.00000000	2017.05834856
3544.00000000	1936.60461510
3546.00000000	2003.39793950
3548.00000000	2009.50010944
3550.00000000	1987.04941411
3552.00000000	2018.12683062
3554.00000000	1995.40637176
3556.00000000	1976.56363465
3558.00000000	1995.01413044
3560.00000000	2019.38386271
3562.00000000	2009.48262321
3564.00000000	1926.12298072
3566.00000000	1931.28366910
3568.00000000	2066.40675768
3570.00000000	2067.22347363
3572.00000000	1985.58739187
3574.00000000	1973.03197064
3576.00000000	2049.76427774
3578.00000000	2001.29734367
3580.00000000	1931.02048510
3582.00000000	1963.50182967
3584.00000000	2011.52090944
3586.00000000	1963.81827527
3588.00000000	1950.65345024
3590.00000000	1976.98982675
3592.00000000	2007.64060195
3594.00000000	2029.52832001
3596.00000000	2016.72837855
3598.00000000	2008.39653775
3600.00000000	1989.61838177
3602.00000000	1940.32702689
3604.00000000	1947.65618872
3606.00000000	1965.78178703
3608.00000000	1975.22254284
3610.00000000	1985.53747629
3612.00000000	1980.62611604
3614.00000000	1991.15476407
3616.00000000	1997.64085931
3618.00000000	1993.19604205
3620.00000000	2012.08921607
3622.00000000	2062.89696650
3624.00000000	2009.72233929
3626.00000000	1929.14504485
3628.00000000	1985.56944420
3630.00000000	2019.88869455
3632.00000000	1991.69184432
3634.00000000	1963.50083315
3636.00000000	1924.27595727
3638.00000000	1967.39767592
3640.00000000	2013.67949810
3642.00000000	2033.25191010
3644.00000000	1957.83572492
3646.00000000	1991.50587799
3648.00000000	1952.45659351
3650.00000000	1951.07246615
3652.00000000	2043.81266636
3654.00000000	1925.19978235
3656.00000000	2035.64561467
3658.00000000	2000.85782171
3660.00000000	1991.87248528
3662.00000000	1972.28757519
3664.00000000	1945.29206551
3666.00000000	1973.61011334
3668.00000000	1993.16886283
3670.00000000	2012.89017609
3672.00000000	1978.73248499
3674.00000000	1889.32116187
3676.00000000	1921.51860469
3678.00000000	2006.79664340
3680.00000000	2014.81775326
3682.00000000	2043.18992549
3684.00000000	1899.44861427
3686.00000000	1945.27725255
3688.00000000	1973.34793621
3690.00000000	1961.63690043
3692.00000000	1961.77246561
3694.00000000	1865.45963695
3696.00000000	1977.97909805
3698.00000000	1952.63684146
3700.00000000	1931.88497992
3702.00000000	1981.42234057
3704.00000000	1997.91843793
3706.00000000	1969.08236823
3708.00000000	1918.24511739
3710.00000000	1960.40800486
3712.00000000	1985.20114339
3714.00000000	1988.32387424
3716.00000000	2022.52381145
3718.00000000	1999.95853948
3720.00000000	1938.01376124
3722.00000000	1938.01435101
3724.00000000	2015.47289216
3726.00000000	1958.67410637
3728.00000000	1999.63189027
3730.00000000	1930.62535242
3732.00000000	1977.83058833
3734.00000000	2051.30238847
3736.00000000	1949.81379660
3738.00000000	1871.24415839
3740.00000000	1992.59635575
3742.00000000	2014.82151142
3744.00000000	1957.49127282
3746.00000000	2000.92760795
3748.00000000	1921.25381199
3750.00000000	1985.66738221
3752.00000000	1951.51695666
3754.00000000	1939.59378325
3756.00000000	1924.00183163
3758.00000000	1916.33388205
3760.00000000	1976.71701886
3762.00000000	2001.71870762
3764.00000000	1977.29323714
3766.00000000	1933.80281610
3768.00000000	1908.07561990
3770.00000000	1932.61579774
3772.00000000	1998.81346246
3774.00000000	1996.79140660
3776.00000000	1975.59952351
3778.00000000	2062.98643285
3780.00000000	2006.87602452
3782.00000000	1935.61464014
3784.00000000	1905.17558783
3786.00000000	1971.84739698
3788.00000000	1975.38823903
3790.00000000	1946.22066325
3792.00000000	1925.09670828
3794.00000000	1997.36447008
3796.00000000	1981.36822424
3798.00000000	2018.81181923
3800.00000000	1951.01556974
