400.00000000	737.51026745
402.00000000	749.49824649
404.00000000	740.83160870
406.00000000	726.81391390
408.00000000	731.25851152
410.00000000	744.01391785
412.00000000	754.31064030
414.00000000	756.77600506
416.00000000	746.64010421
418.00000000	729.90376109
420.00000000	730.98986278
422.00000000	744.98452671
424.00000000	750.08035994
426.00000000	747.22857195
428.00000000	736.36158638
430.00000000	712.16227073
432.00000000	702.62443754
434.00000000	727.28933657
436.00000000	740.48728709
438.00000000	731.77904209
440.00000000	728.99994207
442.00000000	730.80528672
444.00000000	732.59108543
446.00000000	741.16596008
448.00000000	748.38926412
450.00000000	740.64939400
452.00000000	722.31004656
454.00000000	709.20729410
456.00000000	720.28862755
458.00000000	732.43100567
460.00000000	724.72493089
462.00000000	721.32404954
464.00000000	727.48754003
466.00000000	729.30351001
468.00000000	718.21794793
470.00000000	701.95762587
472.00000000	705.80061657
474.00000000	719.80491506
476.00000000	724.27026869
478.00000000	725.70078422
480.00000000	722.25572229
482.00000000	706.62130730
484.00000000	707.82909676
486.00000000	732.48010959
488.00000000	733.84624200
490.00000000	734.65266625
492.00000000	768.89216900
494.00000000	761.29970219
496.00000000	716.60812145
498.00000000	730.29500541
500.00000000	766.87520376
502.00000000	771.23566176
504.00000000	752.60152764
506.00000000	734.05925166
508.00000000	731.68105929
510.00000000	721.47037234
512.00000000	710.91052367
514.00000000	743.81647760
516.00000000	779.40700436
518.00000000	779.42505635
520.00000000	784.69524998
522.00000000	790.58607995
524.00000000	765.61072309
526.00000000	733.48342322
528.00000000	722.64535370
530.00000000	745.41119976
532.00000000	778.38658354
534.00000000	791.53940119
536.00000000	776.03333589
538.00000000	754.80456379
540.00000000	756.86837551
542.00000000	749.08851567
544.00000000	726.13785971
546.00000000	731.16398631
548.00000000	756.35695835
550.00000000	776.28051730
552.00000000	780.00390098
554.00000000	763.06861490
556.00000000	731.84085382
558.00000000	720.41112360
560.00000000	738.35008222
562.00000000	757.73968956
564.00000000	760.45825050
566.00000000	745.35352407
568.00000000	735.06286860
570.00000000	743.70712593
572.00000000	768.05664490
574.00000000	773.16973685
576.00000000	753.19549485
578.00000000	738.72621423
580.00000000	723.92383251
582.00000000	705.73530025
584.00000000	711.71118694
586.00000000	727.16299357
588.00000000	725.15727765
590.00000000	734.09323695
592.00000000	756.89277748
594.00000000	762.24942305
596.00000000	742.67740611
598.00000000	716.81352589
600.00000000	726.30150875
602.00000000	754.24652325
604.00000000	764.01792731
606.00000000	760.16319672
608.00000000	749.71514990
610.00000000	736.98471799
612.00000000	732.87840395
614.00000000	739.44575978
616.00000000	743.69325980
618.00000000	735.20037506
620.00000000	719.88623249
622.00000000	733.21728735
624.00000000	763.68779718
626.00000000	770.33632250
628.00000000	746.37358163
630.00000000	715.85919530
632.00000000	719.64086493
634.00000000	739.91285099
636.00000000	753.03669100
638.00000000	765.69469268
640.00000000	784.29609135
642.00000000	807.29393646
644.00000000	817.57916609
646.00000000	818.55056411
648.00000000	826.18246647
650.00000000	817.35323689
652.00000000	793.44348503
654.00000000	795.28389292
656.00000000	788.23366190
658.00000000	746.05219081
660.00000000	730.75369978
662.00000000	749.18525678
664.00000000	771.81854189
666.00000000	799.93095715
668.00000000	822.21132116
670.00000000	815.98320522
672.00000000	801.36859035
674.00000000	796.16378574
676.00000000	793.82644263
678.00000000	793.71830043
680.00000000	792.22436392
682.00000000	772.47519324
684.00000000	753.12269325
686.00000000	763.02022122
688.00000000	771.49791477
690.00000000	768.24053497
692.00000000	774.84010522
694.00000000	791.13011768
696.00000000	805.88690713
698.00000000	805.06829912
700.00000000	792.33691248
702.00000000	780.31062274
704.00000000	780.39224252
706.00000000	789.97913619
708.00000000	799.20164070
710.00000000	807.86285403
712.00000000	820.10606183
714.00000000	837.70633342
716.00000000	839.01417179
718.00000000	821.62582549
720.00000000	818.79268122
722.00000000	835.97185347
724.00000000	865.48985396
726.00000000	900.65056337
728.00000000	914.62335587
730.00000000	885.37938146
732.00000000	846.33947288
734.00000000	834.38447227
736.00000000	864.74507390
738.00000000	887.17142508
740.00000000	885.05094905
742.00000000	900.81820730
744.00000000	928.23058395
746.00000000	956.11674996
748.00000000	998.68981973
750.00000000	1035.67156170
752.00000000	1036.19020444
754.00000000	997.49407001
756.00000000	952.31075818
758.00000000	938.22651150
760.00000000	925.81972468
762.00000000	898.03720756
764.00000000	869.27870248
766.00000000	867.26807105
768.00000000	887.65952803
770.00000000	883.64094371
772.00000000	866.01885549
774.00000000	864.85068196
776.00000000	892.69557606
778.00000000	927.81471832
780.00000000	941.71194337
782.00000000	939.06058206
784.00000000	939.00313603
786.00000000	954.23284915
788.00000000	950.43860679
790.00000000	929.48451536
792.00000000	928.92083293
794.00000000	922.86123154
796.00000000	906.67806593
798.00000000	921.16984303
800.00000000	931.68977489
802.00000000	910.71592682
804.00000000	899.16219869
806.00000000	907.45757111
808.00000000	917.27997903
810.00000000	896.46016884
812.00000000	878.55098094
814.00000000	909.61100713
816.00000000	926.25448017
818.00000000	920.48068460
820.00000000	936.29856892
822.00000000	940.44747103
824.00000000	925.71746959
826.00000000	932.60415513
828.00000000	961.35071232
830.00000000	987.13167802
832.00000000	977.47781305
834.00000000	954.35024117
836.00000000	948.04832854
838.00000000	956.49241760
840.00000000	962.97573513
842.00000000	960.80543403
844.00000000	977.49672522
846.00000000	975.87996547
848.00000000	922.08363835
850.00000000	938.13127024
852.00000000	1014.85968947
854.00000000	1033.85738043
856.00000000	1011.58596675
858.00000000	988.53217298
860.00000000	986.82517187
862.00000000	994.06160722
864.00000000	988.25412220
866.00000000	959.22458821
868.00000000	962.12330086
870.00000000	1006.16414166
872.00000000	997.59991832
874.00000000	959.41574001
876.00000000	948.19545025
878.00000000	962.19743752
880.00000000	980.66064626
882.00000000	987.12986477
884.00000000	992.88372811
886.00000000	1006.33501035
888.00000000	1023.35767686
890.00000000	1019.20926787
892.00000000	998.85494661
894.00000000	993.68956893
896.00000000	1023.94771321
898.00000000	1046.06766506
900.00000000	994.68198568
902.00000000	980.12237475
904.00000000	1024.86373732
906.00000000	1016.99896645
908.00000000	1008.69490058
910.00000000	1032.69404767
912.00000000	1026.66443889
914.00000000	1022.02879523
916.00000000	1045.29062139
918.00000000	1054.00091666
920.00000000	1054.38667476
922.00000000	1057.14069354
924.00000000	1038.27030441
926.00000000	1039.76475347
928.00000000	1084.91099896
930.00000000	1079.70093559
932.00000000	1048.25365969
934.00000000	1060.83684504
936.00000000	1084.89156730
938.00000000	1076.63114244
940.00000000	1028.67482969
942.00000000	1024.60470113
944.00000000	1058.64676214
946.00000000	1065.92947357
948.00000000	1079.73786134
950.00000000	1094.70262668
952.00000000	1070.79881135
954.00000000	1053.37516211
956.00000000	1068.26278912
958.00000000	1095.81890293
960.00000000	1107.55746614
962.00000000	1108.99388773
964.00000000	1129.47254085
966.00000000	1108.17314276
968.00000000	1055.62016543
970.00000000	1080.24010473
972.00000000	1104.30787767
974.00000000	1082.47509599
976.00000000	1095.90626977
978.00000000	1104.67845824
980.00000000	1080.95692827
982.00000000	1089.49087328
984.00000000	1134.53791977
986.00000000	1176.45431386
988.00000000	1162.45922507
990.00000000	1121.21197153
992.00000000	1114.50026606
994.00000000	1177.93898854
996.00000000	1226.88443393
998.00000000	1207.41963175
1000.00000000	1235.00182205
1002.00000000	1280.69889739
1004.00000000	1275.47548493
1006.00000000	1259.76930436
1008.00000000	1236.23258310
1010.00000000	1196.89038389
1012.00000000	1178.07265967
1014.00000000	1175.69675849
1016.00000000	1159.96563443
1018.00000000	1116.56929028
1020.00000000	1097.91245495
1022.00000000	1142.26288747
1024.00000000	1148.30803340
1026.00000000	1132.25096797
1028.00000000	1164.30748953
1030.00000000	1193.78772446
1032.00000000	1187.81403490
1034.00000000	1157.04825277
1036.00000000	1149.84086566
1038.00000000	1142.13920651
1040.00000000	1098.06027093
1042.00000000	1116.04041428
1044.00000000	1166.17637804
1046.00000000	1156.24560131
1048.00000000	1165.91486065
1050.00000000	1190.47555313
1052.00000000	1173.08738737
1054.00000000	1184.80292076
1056.00000000	1211.01211729
1058.00000000	1187.44876051
1060.00000000	1178.41432494
1062.00000000	1196.19316638
1064.00000000	1202.82096567
1066.00000000	1207.43719951
1068.00000000	1219.53302585
1070.00000000	1233.05252595
1072.00000000	1220.32025451
1074.00000000	1198.71683216
1076.00000000	1209.04496353
1078.00000000	1234.90403650
1080.00000000	1263.26788673
1082.00000000	1286.17205276
1084.00000000	1274.33021606
1086.00000000	1245.87063403
1088.00000000	1238.74907685
1090.00000000	1221.47767784
1092.00000000	1194.68560623
1094.00000000	1181.69105539
1096.00000000	1163.21094981
1098.00000000	1155.86224156
1100.00000000	1190.57105720
1102.00000000	1235.05322801
1104.00000000	1239.56506415
1106.00000000	1189.89677425
1108.00000000	1179.50199060
1110.00000000	1209.33574381
1112.00000000	1219.12286338
1114.00000000	1210.75433606
1116.00000000	1195.95189579
1118.00000000	1189.63469721
1120.00000000	1214.47243940
1122.00000000	1254.33530121
1124.00000000	1274.27700496
1126.00000000	1266.48914658
1128.00000000	1288.00556622
1130.00000000	1360.28728379
1132.00000000	1341.40708971
1134.00000000	1231.47544018
1136.00000000	1128.24382656
1138.00000000	1107.71525168
1140.00000000	1123.89833700
1142.00000000	1117.88397692
1144.00000000	1136.37765098
1146.00000000	1145.96803353
1148.00000000	1114.18708818
1150.00000000	1100.30197194
1152.00000000	1113.87512024
1154.00000000	1135.45866280
1156.00000000	1149.85462711
1158.00000000	1161.11466983
1160.00000000	1162.53873609
1162.00000000	1129.14426665
1164.00000000	1122.49597869
1166.00000000	1153.47883303
1168.00000000	1129.77697076
1170.00000000	1117.94106802
1172.00000000	1162.80382513
1174.00000000	1199.54491457
1176.00000000	1191.56309146
1178.00000000	1152.42770755
1180.00000000	1127.70913164
1182.00000000	1096.40267970
1184.00000000	1082.16045171
1186.00000000	1139.74042764
1188.00000000	1157.71203824
1190.00000000	1116.71747589
1192.00000000	1103.60376604
1194.00000000	1100.43235273
1196.00000000	1102.68735291
1198.00000000	1130.19656099
1200.00000000	1168.90421862
1202.00000000	1170.16415372
1204.00000000	1115.85866317
1206.00000000	1121.90751635
1208.00000000	1184.32572579
1210.00000000	1226.86698230
1212.00000000	1238.74957587
1214.00000000	1242.12522634
1216.00000000	1256.45721277
1218.00000000	1266.46160981
1220.00000000	1250.54636169
1222.00000000	1222.48894673
1224.00000000	1244.63356183
1226.00000000	1262.99370661
1228.00000000	1253.42329773
1230.00000000	1295.43737312
1232.00000000	1320.12534385
1234.00000000	1299.75100329
1236.00000000	1314.62171965
1238.00000000	1324.98129516
1240.00000000	1307.73640995
1242.00000000	1295.94231262
1244.00000000	1289.22552574
1246.00000000	1276.01997457
1248.00000000	1255.74189993
1250.00000000	1265.92903542
1252.00000000	1276.41888317
1254.00000000	1237.08419008
1256.00000000	1208.87823561
1258.00000000	1206.56840938
1260.00000000	1212.67636572
1262.00000000	1234.65716439
1264.00000000	1247.70983775
1266.00000000	1241.68859100
1268.00000000	1260.91397237
1270.00000000	1265.51885530
1272.00000000	1233.69382325
1274.00000000	1226.68044453
1276.00000000	1246.48729960
1278.00000000	1261.56353779
1280.00000000	1241.85126058
1282.00000000	1216.01879012
1284.00000000	1218.02678614
1286.00000000	1248.91901670
1288.00000000	1241.47037604
1290.00000000	1230.10358182
1292.00000000	1287.33123508
1294.00000000	1311.50392397
1296.00000000	1286.53497944
1298.00000000	1277.58099435
1300.00000000	1336.42886356
1302.00000000	1397.33416826
1304.00000000	1392.27471840
1306.00000000	1367.99027797
1308.00000000	1387.38013262
1310.00000000	1432.50126805
1312.00000000	1404.01897402
1314.00000000	1402.32320826
1316.00000000	1437.57748095
1318.00000000	1394.68481095
1320.00000000	1391.12427640
1322.00000000	1404.99321526
1324.00000000	1328.79534639
1326.00000000	1339.27211516
1328.00000000	1388.12374389
1330.00000000	1358.80000990
1332.00000000	1418.37141611
1334.00000000	1467.51898176
1336.00000000	1408.07289855
1338.00000000	1417.07602679
1340.00000000	1432.98597956
1342.00000000	1391.35670092
1344.00000000	1366.55624654
1346.00000000	1356.80574393
1348.00000000	1354.61124029
1350.00000000	1358.19766240
1352.00000000	1307.80738238
1354.00000000	1255.46598351
1356.00000000	1285.83736951
1358.00000000	1299.64413954
1360.00000000	1262.37721882
1362.00000000	1222.81697360
1364.00000000	1256.58525541
1366.00000000	1293.27947460
1368.00000000	1283.16215334
1370.00000000	1289.75192210
1372.00000000	1257.83111333
1374.00000000	1198.54779592
1376.00000000	1206.22699485
1378.00000000	1219.13819928
1380.00000000	1213.97185050
1382.00000000	1216.07686733
1384.00000000	1207.58823031
1386.00000000	1214.57988236
1388.00000000	1233.29793714
1390.00000000	1165.73945305
1392.00000000	1129.14716489
1394.00000000	1186.72487735
1396.00000000	1205.13354204
1398.00000000	1214.53984260
1400.00000000	1231.81785772
1402.00000000	1215.84383796
1404.00000000	1189.26084059
1406.00000000	1158.73742926
1408.00000000	1133.15511453
1410.00000000	1172.06700373
1412.00000000	1197.16068157
1414.00000000	1153.10609154
1416.00000000	1145.36283370
1418.00000000	1136.47596511
1420.00000000	1120.97713217
1422.00000000	1169.14740545
1424.00000000	1171.07825866
1426.00000000	1130.96440752
1428.00000000	1150.45221660
1430.00000000	1185.88940908
1432.00000000	1202.97662705
1434.00000000	1201.68774582
1436.00000000	1202.62398585
1438.00000000	1221.10070454
1440.00000000	1251.33145780
1442.00000000	1273.35662899
1444.00000000	1313.52540662
1446.00000000	1347.61844489
1448.00000000	1335.68744206
1450.00000000	1374.49004484
1452.00000000	1414.66528633
1454.00000000	1372.37245415
1456.00000000	1334.42396322
1458.00000000	1345.20152963
1460.00000000	1366.84867767
1462.00000000	1318.69461723
1464.00000000	1272.44358092
1466.00000000	1257.97755418
1468.00000000	1238.64226099
1470.00000000	1244.08504446
1472.00000000	1233.40564063
1474.00000000	1173.15085355
1476.00000000	1149.79688245
1478.00000000	1145.93720944
1480.00000000	1141.40488664
1482.00000000	1168.52137071
1484.00000000	1172.42212565
1486.00000000	1143.18084024
1488.00000000	1124.17402770
1490.00000000	1114.40913341
1492.00000000	1093.24717873
1494.00000000	1061.13716942
1496.00000000	1059.79101154
1498.00000000	1052.45915242
1500.00000000	1025.90163601
1502.00000000	1020.68751369
1504.00000000	1000.95177703
1506.00000000	974.14560834
1508.00000000	977.87515245
1510.00000000	989.98203696
1512.00000000	996.38117138
1514.00000000	995.76801247
1516.00000000	990.83163845
1518.00000000	980.76816646
1520.00000000	985.74348796
1522.00000000	1017.65292539
1524.00000000	992.61954870
1526.00000000	974.87479964
1528.00000000	1033.05750998
1530.00000000	1027.21978782
1532.00000000	1008.85006298
1534.00000000	1027.63661698
1536.00000000	1025.08697139
1538.00000000	1038.97947699
1540.00000000	1066.62950558
1542.00000000	1072.38863029
1544.00000000	1081.24893246
1546.00000000	1069.59858342
1548.00000000	1042.12603371
1550.00000000	1069.69692035
1552.00000000	1074.03580410
1554.00000000	1060.18748953
1556.00000000	1112.30013050
1558.00000000	1145.47169514
1560.00000000	1133.52644372
1562.00000000	1112.53809693
1564.00000000	1117.48654287
1566.00000000	1139.35328629
1568.00000000	1153.74107802
1570.00000000	1151.40032294
1572.00000000	1167.18253174
1574.00000000	1203.58569639
1576.00000000	1235.97543793
1578.00000000	1245.98001908
1580.00000000	1213.25761243
1582.00000000	1179.48901113
1584.00000000	1221.04130167
1586.00000000	1239.49911086
1588.00000000	1223.32397753
1590.00000000	1218.24137772
1592.00000000	1177.10248569
1594.00000000	1147.75044543
1596.00000000	1146.15442568
1598.00000000	1107.71151065
1600.00000000	1103.38365390
1602.00000000	1135.98411428
1604.00000000	1158.73888782
1606.00000000	1204.06366091
1608.00000000	1190.98546577
1610.00000000	1122.80056676
1612.00000000	1143.40495388
1614.00000000	1116.27265331
1616.00000000	1069.60733341
1618.00000000	1120.25713749
1620.00000000	1114.18037870
1622.00000000	1087.97413186
1624.00000000	1103.56230739
1626.00000000	1103.05369203
1628.00000000	1072.97604977
1630.00000000	1051.14275172
1632.00000000	1076.50000724
1634.00000000	1115.15470209
1636.00000000	1110.68425889
1638.00000000	1078.10381981
1640.00000000	1099.25616645
1642.00000000	1098.91283944
1644.00000000	1087.57300313
1646.00000000	1123.62613647
1648.00000000	1145.77762822
1650.00000000	1149.62879453
1652.00000000	1178.25943383
1654.00000000	1249.73795844
1656.00000000	1234.50725455
1658.00000000	1209.25315726
1660.00000000	1272.67910460
1662.00000000	1239.29364383
1664.00000000	1222.63922247
1666.00000000	1281.14665062
1668.00000000	1281.74002075
1670.00000000	1227.32072961
1672.00000000	1185.66806011
1674.00000000	1191.57345048
1676.00000000	1189.91586200
1678.00000000	1186.48788439
1680.00000000	1196.77369836
1682.00000000	1205.40618749
1684.00000000	1164.56827446
1686.00000000	1111.52391414
1688.00000000	1094.22521059
1690.00000000	1093.82793981
1692.00000000	1090.67481516
1694.00000000	1067.17185088
1696.00000000	1029.30134902
1698.00000000	1028.09278006
1700.00000000	1024.31350046
1702.00000000	1024.31350046
1704.00000000	1024.31350046
1706.00000000	1024.31350046
1708.00000000	1024.31350046
1710.00000000	1024.31350046
1712.00000000	1024.31350046
1714.00000000	1024.31350046
1716.00000000	956.26134237
1718.00000000	926.88992258
1720.00000000	917.62490871
1722.00000000	906.26769890
1724.00000000	868.14068625
1726.00000000	868.77263758
1728.00000000	864.32044457
1730.00000000	866.42555124
1732.00000000	914.08919468
1734.00000000	942.88361045
1736.00000000	943.89497828
1738.00000000	928.66007633
1740.00000000	905.43453446
1742.00000000	908.41572109
1744.00000000	893.39986780
1746.00000000	852.58443911
1748.00000000	892.11160781
1750.00000000	925.38250769
1752.00000000	900.48457238
1754.00000000	862.75919316
1756.00000000	862.28534781
1758.00000000	860.20967986
1760.00000000	847.33653604
1762.00000000	871.69003820
1764.00000000	879.62682623
1766.00000000	866.46497361
1768.00000000	862.40556422
1770.00000000	871.99667992
1772.00000000	875.06540995
1774.00000000	874.45259405
1776.00000000	880.94403543
1778.00000000	869.71841857
1780.00000000	868.45680527
1782.00000000	882.36584372
1784.00000000	879.19759694
1786.00000000	884.02592918
1788.00000000	873.12115213
1790.00000000	839.34942251
1792.00000000	839.05372535
1794.00000000	842.06541836
1796.00000000	858.03302791
1798.00000000	902.31533403
1800.00000000	905.38940925
1802.00000000	875.88747899
1804.00000000	848.09059117
1806.00000000	843.96895193
1808.00000000	870.95901904
1810.00000000	879.45044968
1812.00000000	861.87026935
1814.00000000	873.63154482
1816.00000000	866.27020656
1818.00000000	863.21074892
1820.00000000	887.21935957
1822.00000000	873.90841458
1824.00000000	869.71404526
1826.00000000	875.56478739
1828.00000000	859.86669551
1830.00000000	863.26870057
1832.00000000	880.04564089
1834.00000000	892.28839024
1836.00000000	890.75746182
1838.00000000	865.98060299
1840.00000000	856.71631552
1842.00000000	871.14469336
1844.00000000	866.15898382
1846.00000000	865.42815522
1848.00000000	877.52592140
1850.00000000	885.54797888
1852.00000000	876.11479171
1854.00000000	889.47916520
1856.00000000	910.92472397
1858.00000000	898.35239165
1860.00000000	865.89353869
1862.00000000	862.21820928
1864.00000000	893.19922695
1866.00000000	913.27283915
1868.00000000	886.76252842
1870.00000000	896.21397883
1872.00000000	925.88731237
1874.00000000	881.61801114
1876.00000000	876.67109006
1878.00000000	892.82286987
1880.00000000	894.02251866
1882.00000000	911.62703696
1884.00000000	919.92805012
1886.00000000	911.29392805
1888.00000000	892.56969755
1890.00000000	870.13549323
1892.00000000	867.63593405
1894.00000000	862.07206221
1896.00000000	844.84347340
1898.00000000	870.96341032
1900.00000000	908.38882571
1902.00000000	914.74063918
1904.00000000	885.23948331
1906.00000000	860.55323544
1908.00000000	874.21728043
1910.00000000	887.14812519
1912.00000000	858.44470612
1914.00000000	859.40930092
1916.00000000	885.53034314
1918.00000000	912.85277156
1920.00000000	923.24778070
1922.00000000	890.11810075
1924.00000000	882.13428321
1926.00000000	923.04786093
1928.00000000	947.05095743
1930.00000000	910.18795852
1932.00000000	878.87304527
1934.00000000	885.57427661
1936.00000000	886.53173999
1938.00000000	895.87193469
1940.00000000	892.51865209
1942.00000000	887.03700785
1944.00000000	921.07189784
1946.00000000	922.06487325
1948.00000000	887.98928601
1950.00000000	872.74863997
1952.00000000	897.16665450
1954.00000000	870.27395136
1956.00000000	871.63150469
1958.00000000	941.91950057
1960.00000000	951.10381744
1962.00000000	923.05965196
1964.00000000	897.88742261
1966.00000000	894.46666111
1968.00000000	914.72215296
1970.00000000	935.96953824
1972.00000000	923.92573640
1974.00000000	891.83405055
1976.00000000	901.06870343
1978.00000000	905.28437876
1980.00000000	894.81438641
1982.00000000	889.81375746
1984.00000000	890.12287376
1986.00000000	889.06254485
1988.00000000	885.96440896
1990.00000000	895.85929465
1992.00000000	931.41587092
1994.00000000	936.37748654
1996.00000000	935.30103286
1998.00000000	945.15667107
2000.00000000	903.88665824
2002.00000000	871.84187299
2004.00000000	883.96344360
2006.00000000	905.52632049
2008.00000000	887.79364048
2010.00000000	902.28578926
2012.00000000	906.83015218
2014.00000000	872.55664356
2016.00000000	888.03157563
2018.00000000	905.82736983
2020.00000000	908.04205125
2022.00000000	912.43212783
2024.00000000	920.25821717
2026.00000000	902.77768046
2028.00000000	902.85229275
2030.00000000	930.58095892
2032.00000000	920.44483720
2034.00000000	908.53583734
2036.00000000	894.28186701
2038.00000000	889.20126467
2040.00000000	925.44043991
2042.00000000	927.38827581
2044.00000000	906.59074727
2046.00000000	905.40816108
2048.00000000	922.87131044
2050.00000000	930.20803467
2052.00000000	947.12289208
2054.00000000	957.30787454
2056.00000000	923.54848274
2058.00000000	919.72283095
2060.00000000	927.83046228
2062.00000000	930.75273642
2064.00000000	939.04999611
2066.00000000	919.82331325
2068.00000000	902.66989174
2070.00000000	918.00365990
2072.00000000	946.44930106
2074.00000000	930.47261362
2076.00000000	896.08672359
2078.00000000	882.75358453
2080.00000000	898.43916565
2082.00000000	918.52859746
2084.00000000	918.70889756
2086.00000000	924.29401297
2088.00000000	938.37527978
2090.00000000	910.53414156
2092.00000000	942.31954604
2094.00000000	975.88732091
2096.00000000	951.45937395
2098.00000000	948.12655360
2100.00000000	912.55196085
2102.00000000	910.17166276
2104.00000000	960.95406902
2106.00000000	964.64148668
2108.00000000	938.62871443
2110.00000000	932.64579847
2112.00000000	951.44504675
2114.00000000	955.83154080
2116.00000000	936.00499742
2118.00000000	938.17118412
2120.00000000	930.23889109
2122.00000000	891.31727751
2124.00000000	946.94118753
2126.00000000	968.57088346
2128.00000000	948.81472023
2130.00000000	963.62605291
2132.00000000	973.70403706
2134.00000000	969.79107405
2136.00000000	947.21860161
2138.00000000	919.00940369
2140.00000000	917.79118240
2142.00000000	939.72829178
2144.00000000	938.84645612
2146.00000000	923.21759601
2148.00000000	939.84422129
2150.00000000	945.49688833
2152.00000000	968.28644642
2154.00000000	980.13985976
2156.00000000	940.91483461
2158.00000000	930.81802611
2160.00000000	937.38874336
2162.00000000	922.67893183
2164.00000000	896.93216270
2166.00000000	917.72873998
2168.00000000	968.66500783
2170.00000000	984.66789121
2172.00000000	957.75770082
2174.00000000	951.34816057
2176.00000000	968.50792455
2178.00000000	981.97198443
2180.00000000	973.33251340
2182.00000000	957.70154415
2184.00000000	968.63219837
2186.00000000	955.76770437
2188.00000000	930.44145736
2190.00000000	951.12555863
2192.00000000	1008.12720599
2194.00000000	983.65823089
2196.00000000	982.07326218
2198.00000000	1013.12073251
2200.00000000	938.45734504
2202.00000000	951.02691555
2204.00000000	974.23428420
2206.00000000	962.32065920
2208.00000000	976.13285087
2210.00000000	978.62353661
2212.00000000	943.70333689
2214.00000000	936.31806105
2216.00000000	960.44510036
2218.00000000	922.11181894
2220.00000000	948.55606309
2222.00000000	984.55805298
2224.00000000	977.54680712
2226.00000000	976.75366792
2228.00000000	973.65338763
2230.00000000	969.31696328
2232.00000000	970.61039575
2234.00000000	981.17938246
2236.00000000	998.37131250
2238.00000000	1010.18886154
2240.00000000	995.11021549
2242.00000000	966.00413852
2244.00000000	956.71343324
2246.00000000	947.82679808
2248.00000000	970.11654679
2250.00000000	1005.64855880
2252.00000000	1009.53401121
2254.00000000	996.53251549
2256.00000000	984.20771374
2258.00000000	981.41873638
2260.00000000	1003.37344917
2262.00000000	1038.11359590
2264.00000000	996.59772390
2266.00000000	970.00768394
2268.00000000	976.02338252
2270.00000000	971.72966458
2272.00000000	1002.13570981
2274.00000000	991.30027279
2276.00000000	978.84097149
2278.00000000	992.62693489
2280.00000000	983.84998383
2282.00000000	998.76806513
2284.00000000	991.63213725
2286.00000000	977.24818342
2288.00000000	990.32599453
2290.00000000	989.13260912
2292.00000000	1032.69009036
2294.00000000	1012.71191881
2296.00000000	963.12623623
2298.00000000	1034.78157181
2300.00000000	1039.61271985
2302.00000000	1019.23581283
2304.00000000	1032.35379888
2306.00000000	1046.34853852
2308.00000000	1021.32589125
2310.00000000	1030.85818621
2312.00000000	1054.15092125
2314.00000000	1030.80445204
2316.00000000	983.56631623
2318.00000000	1018.18634612
2320.00000000	1026.91148483
2322.00000000	1028.63730150
2324.00000000	1052.03140468
2326.00000000	1037.96674976
2328.00000000	1060.95894543
2330.00000000	1029.38737344
2332.00000000	995.46792037
2334.00000000	1039.35123023
2336.00000000	1030.30345131
2338.00000000	1002.42698114
2340.00000000	995.26493010
2342.00000000	1006.93167026
2344.00000000	1016.82786641
2346.00000000	1012.24222445
2348.00000000	985.06110031
2350.00000000	982.01400087
2352.00000000	1006.60192082
2354.00000000	996.75549657
2356.00000000	987.31611484
2358.00000000	1012.80794784
2360.00000000	1050.22294386
2362.00000000	1039.45164293
2364.00000000	978.20788338
2366.00000000	1011.01587622
2368.00000000	1060.76787284
2370.00000000	1029.16074581
2372.00000000	971.43189606
2374.00000000	1001.80954230
2376.00000000	1033.99151379
2378.00000000	1017.83173851
2380.00000000	1002.11226224
2382.00000000	1033.09450508
2384.00000000	1045.85971571
2386.00000000	1040.26139420
2388.00000000	1031.77097184
2390.00000000	1013.68390463
2392.00000000	982.46518306
2394.00000000	981.45824172
2396.00000000	977.43787517
2398.00000000	1017.95586813
2400.00000000	1076.70061397
2402.00000000	1009.32531149
2404.00000000	1020.47780736
2406.00000000	1023.80351394
2408.00000000	1001.45335294
2410.00000000	1022.88949131
2412.00000000	1008.75438896
2414.00000000	1021.39552786
2416.00000000	1038.86948593
2418.00000000	1034.05055555
2420.00000000	1014.19861879
2422.00000000	976.01350781
2424.00000000	996.67024554
2426.00000000	1031.53262499
2428.00000000	1041.02954183
2430.00000000	1047.40349628
2432.00000000	1027.84823941
2434.00000000	992.09180589
2436.00000000	1008.71113451
2438.00000000	1055.77621764
2440.00000000	1045.33425612
2442.00000000	1026.90292698
2444.00000000	1014.01427679
2446.00000000	1031.77290255
2448.00000000	1052.51153376
2450.00000000	1028.91190512
2452.00000000	1040.86462390
2454.00000000	1079.48635915
2456.00000000	1067.01510432
2458.00000000	1035.64922025
2460.00000000	1071.56037745
2462.00000000	1052.06146728
2464.00000000	1049.48171516
2466.00000000	1037.49149654
2468.00000000	1016.69200774
2470.00000000	1055.89781312
2472.00000000	1031.55950227
2474.00000000	1067.31293595
2476.00000000	1084.37951503
2478.00000000	1029.52805166
2480.00000000	1028.88806312
2482.00000000	1023.38622036
2484.00000000	1036.06753167
2486.00000000	1050.15918236
2488.00000000	1044.20355291
2490.00000000	1032.67416790
2492.00000000	1005.45517377
2494.00000000	1012.87882004
2496.00000000	1045.80363979
2498.00000000	1048.52524127
2500.00000000	1030.49034383
2502.00000000	1079.13510554
2504.00000000	1048.97386801
2506.00000000	1029.12436518
2508.00000000	1063.58612807
2510.00000000	1045.85132806
2512.00000000	1045.73550618
2514.00000000	1063.36156558
2516.00000000	1107.00489504
2518.00000000	1107.46911369
2520.00000000	1038.67871957
2522.00000000	1064.26915615
2524.00000000	1077.10280330
2526.00000000	1045.45356682
2528.00000000	1026.65230969
2530.00000000	1056.46112762
2532.00000000	1099.48703023
2534.00000000	1099.64264157
2536.00000000	1093.27057538
2538.00000000	1096.00256711
2540.00000000	1069.07834960
2542.00000000	1025.60554222
2544.00000000	1088.99083526
2546.00000000	1105.97078671
2548.00000000	1083.14666184
2550.00000000	1099.33640405
2552.00000000	1091.71360688
2554.00000000	1072.48424497
2556.00000000	1032.88036361
2558.00000000	1032.34937365
2560.00000000	1088.25597724
2562.00000000	1108.84461780
2564.00000000	1046.89188459
2566.00000000	1040.74616051
2568.00000000	1062.15333686
2570.00000000	1069.77971972
2572.00000000	1070.40886892
2574.00000000	1037.49937544
2576.00000000	1107.40190990
2578.00000000	1104.16061509
2580.00000000	1054.34374151
2582.00000000	1058.61558436
2584.00000000	1019.10440046
2586.00000000	1105.45757592
2588.00000000	1110.74575517
2590.00000000	1108.08884110
2592.00000000	1130.53030171
2594.00000000	1042.18741914
2596.00000000	1095.51164945
2598.00000000	1099.55723268
2600.00000000	1082.98418995
2602.00000000	1091.59518659
2604.00000000	1081.41641485
2606.00000000	1104.77799451
2608.00000000	1092.38681156
2610.00000000	1089.74870348
2612.00000000	1106.91236086
2614.00000000	1118.64128126
2616.00000000	1135.66236679
2618.00000000	1131.01575157
2620.00000000	1083.40237808
2622.00000000	1082.10156968
2624.00000000	1094.88656249
2626.00000000	1050.20007304
2628.00000000	1090.49236511
2630.00000000	1121.33116727
2632.00000000	1087.75188843
2634.00000000	1084.84817323
2636.00000000	1117.59702808
2638.00000000	1071.11095334
2640.00000000	1090.78319268
2642.00000000	1100.62916978
2644.00000000	1072.30519340
2646.00000000	1062.66273726
2648.00000000	1084.13185191
2650.00000000	1087.60968986
2652.00000000	1114.65833720
2654.00000000	1117.89335788
2656.00000000	1107.29602890
2658.00000000	1128.68892699
2660.00000000	1152.68217053
2662.00000000	1131.35458221
2664.00000000	1113.78729630
2666.00000000	1135.01958578
2668.00000000	1178.15738728
2670.00000000	1177.13472765
2672.00000000	1113.59894560
2674.00000000	1150.17063364
2676.00000000	1089.55421344
2678.00000000	1060.97236435
2680.00000000	1124.72173624
2682.00000000	1093.63046660
2684.00000000	1116.25500590
2686.00000000	1145.03452684
2688.00000000	1137.17438252
2690.00000000	1104.76379747
2692.00000000	1092.15826661
2694.00000000	1113.83922248
2696.00000000	1110.43235251
2698.00000000	1153.50792034
2700.00000000	1123.14320697
2702.00000000	1093.00805667
2704.00000000	1160.79399979
2706.00000000	1139.32586915
2708.00000000	1169.02235937
2710.00000000	1143.95672043
2712.00000000	1114.77812083
2714.00000000	1140.94250917
2716.00000000	1163.89128858
2718.00000000	1178.87708760
2720.00000000	1147.32036715
2722.00000000	1137.46487472
2724.00000000	1121.74312660
2726.00000000	1112.78543007
2728.00000000	1177.18572069
2730.00000000	1206.91227594
2732.00000000	1175.58713321
2734.00000000	1146.25864102
2736.00000000	1189.89711600
2738.00000000	1234.94721013
2740.00000000	1188.70039909
2742.00000000	1186.12787279
2744.00000000	1180.26098770
2746.00000000	1201.47633380
2748.00000000	1156.82129189
2750.00000000	1086.07416780
2752.00000000	1168.35418316
2754.00000000	1186.54081173
2756.00000000	1144.47888050
2758.00000000	1182.24057000
2760.00000000	1221.22432993
2762.00000000	1183.82093886
2764.00000000	1170.64961039
2766.00000000	1151.56995607
2768.00000000	1201.81073974
2770.00000000	1181.99096868
2772.00000000	1138.32943421
2774.00000000	1179.88107081
2776.00000000	1198.92635916
2778.00000000	1144.85672629
2780.00000000	1125.20243800
2782.00000000	1119.97002386
2784.00000000	1133.45216538
2786.00000000	1183.89817970
2788.00000000	1208.83084353
2790.00000000	1168.89443907
2792.00000000	1133.17142957
2794.00000000	1129.80535665
2796.00000000	1140.64238335
2798.00000000	1167.91342304
2800.00000000	1192.00624348
2802.00000000	1148.63191692
2804.00000000	1179.31041811
2806.00000000	1206.06515451
2808.00000000	1180.31114397
2810.00000000	1169.79448760
2812.00000000	1189.16818316
2814.00000000	1169.63417181
2816.00000000	1194.41521769
2818.00000000	1205.60263742
2820.00000000	1195.12311369
2822.00000000	1191.30976837
2824.00000000	1186.30115753
2826.00000000	1173.04835740
2828.00000000	1185.68818517
2830.00000000	1278.00684976
2832.00000000	1282.95257791
2834.00000000	1255.67240255
2836.00000000	1279.06326700
2838.00000000	1245.34666781
2840.00000000	1317.55588813
2842.00000000	1341.48261729
2844.00000000	1330.84028797
2846.00000000	1383.42717030
2848.00000000	1462.32765093
2850.00000000	1498.36527118
2852.00000000	1548.32920124
2854.00000000	1544.70971144
2856.00000000	1635.47824344
2858.00000000	1796.50994159
2860.00000000	1809.59767939
2862.00000000	1740.41687244
2864.00000000	1862.89913290
2866.00000000	1883.28260981
2868.00000000	1969.33205396
2870.00000000	2093.66289591
2872.00000000	2198.56446418
2874.00000000	2275.09375388
2876.00000000	2310.66796144
2878.00000000	2358.44301603
2880.00000000	2307.32447335
2882.00000000	2286.17849312
2884.00000000	2303.43347395
2886.00000000	2304.41497532
2888.00000000	2323.03128723
2890.00000000	2369.73045874
2892.00000000	2372.23088072
2894.00000000	2424.45482291
2896.00000000	2468.16326681
2898.00000000	2487.64778181
2900.00000000	2532.84950424
2902.00000000	2608.88463115
2904.00000000	2680.11008755
2906.00000000	2672.10565678
2908.00000000	2690.71559916
2910.00000000	2823.73673319
2912.00000000	2890.11447391
2914.00000000	2848.78887588
2916.00000000	2913.48077015
2918.00000000	2998.22065125
2920.00000000	3170.94566437
2922.00000000	3203.53819075
2924.00000000	3285.95071322
2926.00000000	3391.52570301
2928.00000000	3352.33849009
2930.00000000	3385.68970831
2932.00000000	3381.30672158
2934.00000000	3383.47894720
2936.00000000	3404.35335102
2938.00000000	3411.78150620
2940.00000000	3351.57522554
2942.00000000	3255.07622620
2944.00000000	3229.96649105
2946.00000000	3174.53346621
2948.00000000	3007.44076840
2950.00000000	2926.41627133
2952.00000000	2880.72300411
2954.00000000	2796.35078302
2956.00000000	2748.79683011
2958.00000000	2704.12380098
2960.00000000	2703.24501869
2962.00000000	2671.00009391
2964.00000000	2677.03876027
2966.00000000	2689.31047636
2968.00000000	2580.21217178
2970.00000000	2441.71698092
2972.00000000	2458.77501418
2974.00000000	2406.01299344
2976.00000000	2420.87613688
2978.00000000	2296.79904815
2980.00000000	2161.33357888
2982.00000000	2192.60066790
2984.00000000	2221.04050649
2986.00000000	2146.19462893
2988.00000000	2073.28990404
2990.00000000	2004.36783896
2992.00000000	1967.04577748
2994.00000000	1901.60700655
2996.00000000	1797.59101882
2998.00000000	1725.12193931
3000.00000000	1690.09284455
3002.00000000	1671.89919117
3004.00000000	1638.97285443
3006.00000000	1584.49740309
3008.00000000	1522.51349020
3010.00000000	1498.49892555
3012.00000000	1483.16797247
3014.00000000	1440.03556647
3016.00000000	1473.44552273
3018.00000000	1451.32993758
3020.00000000	1429.51757409
3022.00000000	1368.19183240
3024.00000000	1335.10404965
3026.00000000	1375.66920770
3028.00000000	1357.52789943
3030.00000000	1277.10908621
3032.00000000	1306.99979519
3034.00000000	1328.51732705
3036.00000000	1304.63200878
3038.00000000	1339.32714421
3040.00000000	1371.03743574
3042.00000000	1335.67324269
3044.00000000	1349.05970570
3046.00000000	1352.75444401
3048.00000000	1358.56814112
3050.00000000	1358.81599596
3052.00000000	1314.69351183
3054.00000000	1309.10345151
3056.00000000	1365.60391382
3058.00000000	1395.96092488
3060.00000000	1430.59294208
3062.00000000	1470.16740203
3064.00000000	1398.75719815
3066.00000000	1393.86887668
3068.00000000	1385.07054291
3070.00000000	1393.13715418
3072.00000000	1409.56085205
3074.00000000	1307.07344397
3076.00000000	1305.83695983
3078.00000000	1246.60759596
3080.00000000	1259.58764099
3082.00000000	1266.04133939
3084.00000000	1260.76803873
3086.00000000	1241.50170604
3088.00000000	1213.28571685
3090.00000000	1238.48414680
3092.00000000	1206.30507387
3094.00000000	1233.40483033
3096.00000000	1173.56105416
3098.00000000	1170.70502694
3100.00000000	1238.27915666
3102.00000000	1211.58796084
3104.00000000	1149.86035639
3106.00000000	1205.16238689
3108.00000000	1230.93035042
3110.00000000	1226.51533980
3112.00000000	1210.78052216
3114.00000000	1261.65686065
3116.00000000	1241.99187971
3118.00000000	1186.93408413
3120.00000000	1239.86921600
3122.00000000	1247.18157450
3124.00000000	1192.02087661
3126.00000000	1265.14699552
3128.00000000	1252.31938513
3130.00000000	1201.31708685
3132.00000000	1205.01044750
3134.00000000	1228.72885759
3136.00000000	1215.20163306
3138.00000000	1174.20596433
3140.00000000	1171.07149802
3142.00000000	1176.16225573
3144.00000000	1174.03014548
3146.00000000	1205.84596744
3148.00000000	1255.77305177
3150.00000000	1263.69328769
3152.00000000	1232.21584494
3154.00000000	1203.75500604
3156.00000000	1183.96441838
3158.00000000	1193.01061367
3160.00000000	1186.89219997
3162.00000000	1213.53901095
3164.00000000	1230.11148522
3166.00000000	1175.43927663
3168.00000000	1154.37902906
3170.00000000	1208.45208544
3172.00000000	1222.75127142
3174.00000000	1247.32856593
3176.00000000	1208.01325757
3178.00000000	1212.64748126
3180.00000000	1191.82979381
3182.00000000	1192.67906544
3184.00000000	1186.61533372
3186.00000000	1162.88922051
3188.00000000	1213.04853590
3190.00000000	1262.38624759
3192.00000000	1255.33456170
3194.00000000	1198.25330734
3196.00000000	1151.87669588
3198.00000000	1242.54664894
3200.00000000	1250.69721994
3202.00000000	1183.58857729
3204.00000000	1210.72309407
3206.00000000	1212.48985029
3208.00000000	1200.49887520
3210.00000000	1310.15658868
3212.00000000	1270.65068409
3214.00000000	1192.52074009
3216.00000000	1176.67644115
3218.00000000	1233.22034325
3220.00000000	1251.96068704
3222.00000000	1196.19137799
3224.00000000	1184.84903727
3226.00000000	1201.79550879
3228.00000000	1187.52075355
3230.00000000	1222.26188756
3232.00000000	1225.89809503
3234.00000000	1226.16745867
3236.00000000	1201.45514819
3238.00000000	1161.55465079
3240.00000000	1199.68462613
3242.00000000	1230.72523582
3244.00000000	1157.75055388
3246.00000000	1226.44911223
3248.00000000	1218.07761300
3250.00000000	1218.02278788
3252.00000000	1247.15372513
3254.00000000	1215.51726641
3256.00000000	1229.38004477
3258.00000000	1257.35203392
3260.00000000	1228.39710657
3262.00000000	1269.77086881
3264.00000000	1270.43779130
3266.00000000	1297.51688112
3268.00000000	1255.52621142
3270.00000000	1244.37920885
3272.00000000	1250.82699601
3274.00000000	1268.43845920
3276.00000000	1321.13661140
3278.00000000	1337.28712987
3280.00000000	1308.48072434
3282.00000000	1330.04087252
3284.00000000	1320.38389224
3286.00000000	1317.61155850
3288.00000000	1329.02846163
3290.00000000	1273.52220682
3292.00000000	1308.82418998
3294.00000000	1352.42132819
3296.00000000	1334.30514041
3298.00000000	1343.25605800
3300.00000000	1320.81830466
3302.00000000	1273.20304693
3304.00000000	1342.80856296
3306.00000000	1348.40638668
3308.00000000	1310.70382526
3310.00000000	1295.44520420
3312.00000000	1313.12871251
3314.00000000	1319.99670179
3316.00000000	1333.86060694
3318.00000000	1364.32432746
3320.00000000	1330.47788309
3322.00000000	1302.70980563
3324.00000000	1399.74983925
3326.00000000	1296.66637045
3328.00000000	1328.86675617
3330.00000000	1318.22648683
3332.00000000	1357.34500918
3334.00000000	1358.37898864
3336.00000000	1338.53770398
3338.00000000	1347.85791246
3340.00000000	1307.92922804
3342.00000000	1313.75420695
3344.00000000	1352.39452433
3346.00000000	1337.05334466
3348.00000000	1323.87168769
3350.00000000	1293.73817127
3352.00000000	1295.33932028
3354.00000000	1279.75688120
3356.00000000	1244.35055394
3358.00000000	1276.06467098
3360.00000000	1320.53420245
3362.00000000	1317.81806968
3364.00000000	1308.86297503
3366.00000000	1230.90882837
3368.00000000	1272.90310643
3370.00000000	1285.22537994
3372.00000000	1315.25897037
3374.00000000	1279.48669256
3376.00000000	1336.72074350
3378.00000000	1322.40654159
3380.00000000	1263.98493172
3382.00000000	1287.89471579
3384.00000000	1284.54235959
3386.00000000	1303.67006710
3388.00000000	1294.66763311
3390.00000000	1289.34902313
3392.00000000	1224.06365283
3394.00000000	1284.52411374
3396.00000000	1245.71257934
3398.00000000	1265.90037116
3400.00000000	1252.54108211
3402.00000000	1243.00764703
3404.00000000	1247.56351335
3406.00000000	1208.06879983
3408.00000000	1240.94830479
3410.00000000	1206.74320826
3412.00000000	1200.66076499
3414.00000000	1218.69492378
3416.00000000	1223.71673347
3418.00000000	1183.91026565
3420.00000000	1206.96222003
3422.00000000	1209.87189414
3424.00000000	1158.02781499
3426.00000000	1168.44861487
3428.00000000	1219.78933990
3430.00000000	1200.72955780
3432.00000000	1192.85432225
3434.00000000	1249.09593440
3436.00000000	1227.74524366
3438.00000000	1253.18521560
3440.00000000	1144.66700177
3442.00000000	1174.11457270
3444.00000000	1244.42899948
3446.00000000	1221.43559322
3448.00000000	1185.56916395
3450.00000000	1164.80964464
3452.00000000	1197.61580945
3454.00000000	1245.86938651
3456.00000000	1179.52213054
3458.00000000	1136.78039106
3460.00000000	1210.36197141
3462.00000000	1201.03531292
3464.00000000	1220.46874423
3466.00000000	1158.52814083
3468.00000000	1185.64698356
3470.00000000	1171.38722184
3472.00000000	1152.86727565
3474.00000000	1191.06126902
3476.00000000	1159.14397730
3478.00000000	1120.63455403
3480.00000000	1153.02529048
3482.00000000	1155.40582445
3484.00000000	1183.02313255
3486.00000000	1197.14045313
3488.00000000	1128.69789183
3490.00000000	1192.14038718
3492.00000000	1201.14397325
3494.00000000	1167.03412711
3496.00000000	1180.35678188
3498.00000000	1190.81980484
3500.00000000	1171.18113060
3502.00000000	1156.87924332
3504.00000000	1118.87038095
3506.00000000	1150.56227544
3508.00000000	1211.75342465
3510.00000000	1138.39186267
3512.00000000	1134.37019859
3514.00000000	1163.50713373
3516.00000000	1199.80334127
3518.00000000	1179.58271783
3520.00000000	1194.33641059
3522.00000000	1175.79215703
3524.00000000	1173.21036554
3526.00000000	1124.17624745
3528.00000000	1137.28432473
3530.00000000	1134.64910102
3532.00000000	1106.31286138
3534.00000000	1121.55320066
3536.00000000	1119.83933541
3538.00000000	1116.48421353
3540.00000000	1162.89387048
3542.00000000	1240.71241239
3544.00000000	1167.60787298
3546.00000000	1116.25209971
3548.00000000	1148.71697698
3550.00000000	1162.75000292
3552.00000000	1152.28785030
3554.00000000	1143.27009125
3556.00000000	1168.58132695
3558.00000000	1158.80699901
3560.00000000	1139.06910936
3562.00000000	1161.64690940
3564.00000000	1176.70352262
3566.00000000	1170.18245276
3568.00000000	1166.62098812
3570.00000000	1133.63648790
3572.00000000	1123.74944604
3574.00000000	1175.89677324
3576.00000000	1093.93349044
3578.00000000	1150.63272416
3580.00000000	1137.26760208
3582.00000000	1142.75108999
3584.00000000	1141.99289103
3586.00000000	1161.88569528
3588.00000000	1173.93512542
3590.00000000	1126.51307571
3592.00000000	1147.08516254
3594.00000000	1152.73177619
3596.00000000	1128.88883987
3598.00000000	1149.16212522
3600.00000000	1155.41618407
3602.00000000	1141.22656096
3604.00000000	1100.83812458
3606.00000000	1156.99323596
3608.00000000	1145.74352958
3610.00000000	1145.46752563
3612.00000000	1164.79247845
3614.00000000	1157.66758761
3616.00000000	1123.51210926
3618.00000000	1121.17625415
3620.00000000	1123.23998422
3622.00000000	1177.19612171
3624.00000000	1164.53100235
3626.00000000	1097.75581758
3628.00000000	1124.09921648
3630.00000000	1177.00137363
3632.00000000	1154.24201941
3634.00000000	1138.85014582
3636.00000000	1116.53186014
3638.00000000	1091.86723309
3640.00000000	1184.16267121
3642.00000000	1163.45937950
3644.00000000	1107.17629824
3646.00000000	1173.31697865
3648.00000000	1123.60653153
3650.00000000	1140.62354080
3652.00000000	1157.42871781
3654.00000000	1151.38797156
3656.00000000	1240.59016160
3658.00000000	1175.72071466
3660.00000000	1074.63520881
3662.00000000	1118.07083699
3664.00000000	1099.18057990
3666.00000000	1071.51069164
3668.00000000	1172.05722835
3670.00000000	1195.53065475
3672.00000000	1154.28396099
3674.00000000	1133.32129519
3676.00000000	1113.55811741
3678.00000000	1134.46460716
3680.00000000	1064.00553854
3682.00000000	1104.87169072
3684.00000000	1122.24099934
3686.00000000	1201.27665506
3688.00000000	1121.21216120
3690.00000000	1117.37787601
3692.00000000	1117.04398356
3694.00000000	1131.73202289
3696.00000000	1189.88989682
3698.00000000	1184.96578834
3700.00000000	1135.61750765
3702.00000000	1107.61160766
3704.00000000	1155.67532508
3706.00000000	1124.40970183
3708.00000000	1119.07613341
3710.00000000	1135.82124811
3712.00000000	1125.68439735
3714.00000000	1113.27726306
3716.00000000	1130.40188057
3718.00000000	1163.45115062
3720.00000000	1151.08287394
3722.00000000	1127.57003169
3724.00000000	1097.18848140
3726.00000000	1162.89492253
3728.00000000	1167.67231651
3730.00000000	1165.58882107
3732.00000000	1167.71068399
3734.00000000	1148.52609683
3736.00000000	1086.90714441
3738.00000000	1130.01578959
3740.00000000	1179.20336422
3742.00000000	1161.55666818
3744.00000000	1110.22649068
3746.00000000	1125.67294432
3748.00000000	1144.25335063
3750.00000000	1160.36426346
3752.00000000	1207.82381414
3754.00000000	1174.19008511
3756.00000000	1129.45971359
3758.00000000	1111.20768208
3760.00000000	1139.53884318
3762.00000000	1170.68337895
3764.00000000	1202.98434355
3766.00000000	1171.95257892
3768.00000000	1125.47780295
3770.00000000	1135.26292723
3772.00000000	1131.54292579
3774.00000000	1196.70754806
3776.00000000	1202.14266631
3778.00000000	1153.36659209
3780.00000000	1178.40172085
3782.00000000	1134.87899241
3784.00000000	1185.12266340
3786.00000000	1189.77903838
3788.00000000	1166.56733277
3790.00000000	1118.24913274
3792.00000000	1116.94752767
3794.00000000	1128.64963236
3796.00000000	1134.78943784
3798.00000000	1139.50791252
3800.00000000	1167.31579757
