400.00000000	950.98170368
402.00000000	973.08876026
404.00000000	985.78486209
406.00000000	976.50884409
408.00000000	961.93614909
410.00000000	978.38111352
412.00000000	1009.24377722
414.00000000	996.96226173
416.00000000	975.88040782
418.00000000	981.66992372
420.00000000	987.31896165
422.00000000	982.58959151
424.00000000	976.14126457
426.00000000	982.32054523
428.00000000	990.01356967
430.00000000	960.15675619
432.00000000	924.87076927
434.00000000	927.53851221
436.00000000	944.24263624
438.00000000	952.23790886
440.00000000	944.72093324
442.00000000	938.03080398
444.00000000	944.21612115
446.00000000	954.04406524
448.00000000	956.81604703
450.00000000	949.65764922
452.00000000	954.27981566
454.00000000	962.92022288
456.00000000	936.58224755
458.00000000	912.16173821
460.00000000	926.10402210
462.00000000	939.01946338
464.00000000	929.68351971
466.00000000	908.25090758
468.00000000	920.08148718
470.00000000	959.15797243
472.00000000	944.49835423
474.00000000	924.26215069
476.00000000	961.56126001
478.00000000	967.62292716
480.00000000	932.16541028
482.00000000	928.62717872
484.00000000	941.04497950
486.00000000	942.51884013
488.00000000	941.54583331
490.00000000	954.16337315
492.00000000	984.59765036
494.00000000	992.64009222
496.00000000	972.20031067
498.00000000	960.41505810
500.00000000	969.71348903
502.00000000	993.46846821
504.00000000	1009.46173520
506.00000000	1011.58529790
508.00000000	1005.87713815
510.00000000	997.45266513
512.00000000	992.09125835
514.00000000	993.75110891
516.00000000	986.42893572
518.00000000	973.05187652
520.00000000	1007.76271727
522.00000000	1057.36036134
524.00000000	1049.03272847
526.00000000	1025.08329419
528.00000000	1022.27396955
530.00000000	1033.45091644
532.00000000	1042.68475914
534.00000000	1036.92312908
536.00000000	1016.42011387
538.00000000	1000.19317350
540.00000000	1007.83546323
542.00000000	1010.76440745
544.00000000	999.19790659
546.00000000	1000.41007640
548.00000000	1024.20547130
550.00000000	1054.38390306
552.00000000	1042.41630804
554.00000000	1011.59627368
556.00000000	1015.48409060
558.00000000	1004.75082427
560.00000000	975.93097581
562.00000000	997.47976450
564.00000000	1022.30805857
566.00000000	1006.63290306
568.00000000	1014.97700241
570.00000000	1040.45231691
572.00000000	1035.04915797
574.00000000	1021.22098477
576.00000000	1007.55616330
578.00000000	979.44555078
580.00000000	996.79433792
582.00000000	1066.95299350
584.00000000	1054.55558300
586.00000000	991.08596017
588.00000000	987.82799608
590.00000000	1027.43473393
592.00000000	1056.22629639
594.00000000	1030.11755618
596.00000000	1015.86146471
598.00000000	1056.39507282
600.00000000	1093.54843884
602.00000000	1099.37402531
604.00000000	1081.77275822
606.00000000	1081.30297686
608.00000000	1081.28469526
610.00000000	1032.48100976
612.00000000	997.22137825
614.00000000	1005.37104796
616.00000000	1002.66174261
618.00000000	1003.84515537
620.00000000	1036.47348710
622.00000000	1075.58983635
624.00000000	1097.15918210
626.00000000	1089.17847813
628.00000000	1061.49458447
630.00000000	1033.60188420
632.00000000	1026.88147574
634.00000000	1041.38201379
636.00000000	1069.13274293
638.00000000	1101.50207291
640.00000000	1119.79081088
642.00000000	1116.52460505
644.00000000	1130.62166028
646.00000000	1156.98302679
648.00000000	1150.84492181
650.00000000	1105.47136212
652.00000000	1059.13694748
654.00000000	1080.80352525
656.00000000	1122.35539008
658.00000000	1125.49403037
660.00000000	1123.80158338
662.00000000	1139.98572130
664.00000000	1171.17009232
666.00000000	1183.77498325
668.00000000	1187.34647503
670.00000000	1222.62730261
672.00000000	1229.89517100
674.00000000	1193.09906894
676.00000000	1199.14855228
678.00000000	1217.99135637
680.00000000	1200.75882828
682.00000000	1195.40599268
684.00000000	1209.54416891
686.00000000	1211.45335053
688.00000000	1173.55775531
690.00000000	1135.45882862
692.00000000	1176.77468847
694.00000000	1212.62132999
696.00000000	1200.49592682
698.00000000	1232.98676945
700.00000000	1250.48307642
702.00000000	1197.85880862
704.00000000	1206.38670992
706.00000000	1253.36275727
708.00000000	1239.84983234
710.00000000	1249.24616610
712.00000000	1281.58739628
714.00000000	1242.49668352
716.00000000	1204.40056933
718.00000000	1219.74664361
720.00000000	1238.17638728
722.00000000	1265.50140370
724.00000000	1314.21078271
726.00000000	1349.36088048
728.00000000	1358.15559038
730.00000000	1344.02519763
732.00000000	1304.61021415
734.00000000	1276.87405227
736.00000000	1313.71796494
738.00000000	1372.42498449
740.00000000	1417.04589711
742.00000000	1458.14648986
744.00000000	1526.37095312
746.00000000	1627.41358068
748.00000000	1712.47761026
750.00000000	1753.39903051
752.00000000	1739.92943792
754.00000000	1671.03385565
756.00000000	1569.29991371
758.00000000	1476.30068554
760.00000000	1437.41154703
762.00000000	1435.77275121
764.00000000	1406.89290013
766.00000000	1377.65245754
768.00000000	1367.67373217
770.00000000	1351.48201060
772.00000000	1352.79907088
774.00000000	1379.97804148
776.00000000	1376.61518182
778.00000000	1373.96098384
780.00000000	1420.31991397
782.00000000	1463.93701541
784.00000000	1484.56014921
786.00000000	1496.07311876
788.00000000	1498.83873113
790.00000000	1482.81788864
792.00000000	1438.40514474
794.00000000	1394.41744486
796.00000000	1375.31481435
798.00000000	1381.51345550
800.00000000	1401.10295826
802.00000000	1413.34116996
804.00000000	1396.70385981
806.00000000	1396.32400304
808.00000000	1442.14091153
810.00000000	1448.47321248
812.00000000	1421.66056909
814.00000000	1420.48588314
816.00000000	1424.46450710
818.00000000	1421.56815917
820.00000000	1419.75874513
822.00000000	1417.13869663
824.00000000	1413.55663535
826.00000000	1416.06661686
828.00000000	1441.71455857
830.00000000	1486.46902383
832.00000000	1513.37897940
834.00000000	1510.03693555
836.00000000	1477.47176693
838.00000000	1423.25101646
840.00000000	1396.66149453
842.00000000	1426.35635065
844.00000000	1441.00609584
846.00000000	1443.76891538
848.00000000	1478.36926427
850.00000000	1516.18451646
852.00000000	1515.76583262
854.00000000	1464.31507296
856.00000000	1453.19447669
858.00000000	1489.28860257
860.00000000	1483.29331702
862.00000000	1467.82098763
864.00000000	1470.64968289
866.00000000	1466.45454491
868.00000000	1475.50843877
870.00000000	1497.96447395
872.00000000	1482.01666557
874.00000000	1482.07730658
876.00000000	1532.09276614
878.00000000	1528.39903767
880.00000000	1494.96687807
882.00000000	1493.88435855
884.00000000	1476.39501632
886.00000000	1476.06101422
888.00000000	1541.46714528
890.00000000	1559.22923159
892.00000000	1526.21140452
894.00000000	1527.41241224
896.00000000	1529.71478728
898.00000000	1527.63281102
900.00000000	1552.64715565
902.00000000	1550.50927240
904.00000000	1521.61281593
906.00000000	1540.17616866
908.00000000	1566.82078621
910.00000000	1571.11167625
912.00000000	1583.28914481
914.00000000	1580.20900220
916.00000000	1569.38145568
918.00000000	1626.16317266
920.00000000	1662.06714578
922.00000000	1617.61580458
924.00000000	1627.38582516
926.00000000	1670.93997856
928.00000000	1667.04117655
930.00000000	1622.76664345
932.00000000	1603.47129953
934.00000000	1651.07290996
936.00000000	1675.01822771
938.00000000	1636.17974888
940.00000000	1578.23822490
942.00000000	1621.58055057
944.00000000	1697.94573893
946.00000000	1653.92515357
948.00000000	1616.72902681
950.00000000	1624.37969332
952.00000000	1601.85200628
954.00000000	1585.15788216
956.00000000	1609.45009978
958.00000000	1664.59261064
960.00000000	1679.38631266
962.00000000	1643.13224989
964.00000000	1626.73117525
966.00000000	1655.13648661
968.00000000	1698.42151479
970.00000000	1695.56453770
972.00000000	1692.91841958
974.00000000	1704.53739102
976.00000000	1662.49651349
978.00000000	1629.97105914
980.00000000	1662.37442528
982.00000000	1717.62372341
984.00000000	1759.82776345
986.00000000	1770.41716097
988.00000000	1755.12902220
990.00000000	1765.14683009
992.00000000	1809.58547223
994.00000000	1798.71852782
996.00000000	1797.59960772
998.00000000	1857.61982917
1000.00000000	1850.51675678
1002.00000000	1849.60251512
1004.00000000	1926.33614467
1006.00000000	1898.97139766
1008.00000000	1806.55022213
1010.00000000	1772.52144145
1012.00000000	1764.81875946
1014.00000000	1769.36571456
1016.00000000	1783.06141068
1018.00000000	1770.76230052
1020.00000000	1747.53220111
1022.00000000	1744.81704133
1024.00000000	1741.44890302
1026.00000000	1729.50707306
1028.00000000	1717.99416190
1030.00000000	1719.56489526
1032.00000000	1741.06829546
1034.00000000	1775.85712401
1036.00000000	1792.76792486
1038.00000000	1767.89797179
1040.00000000	1720.47500466
1042.00000000	1760.03442962
1044.00000000	1832.28820144
1046.00000000	1814.47869520
1048.00000000	1802.08053683
1050.00000000	1815.50133171
1052.00000000	1805.86212411
1054.00000000	1801.48035352
1056.00000000	1802.37509429
1058.00000000	1785.84078167
1060.00000000	1771.57580774
1062.00000000	1782.54840739
1064.00000000	1819.83547061
1066.00000000	1831.54914050
1068.00000000	1811.76900897
1070.00000000	1793.65134329
1072.00000000	1784.06093891
1074.00000000	1794.35161224
1076.00000000	1834.69929370
1078.00000000	1883.12166295
1080.00000000	1897.17747758
1082.00000000	1859.87698441
1084.00000000	1865.13583260
1086.00000000	1894.72062420
1088.00000000	1872.78618973
1090.00000000	1882.62232713
1092.00000000	1889.84219559
1094.00000000	1809.28956445
1096.00000000	1767.43792923
1098.00000000	1818.75447735
1100.00000000	1908.73851858
1102.00000000	1934.08925057
1104.00000000	1904.63531054
1106.00000000	1891.28788495
1108.00000000	1874.66665531
1110.00000000	1893.69009886
1112.00000000	1972.97753926
1114.00000000	1957.15118151
1116.00000000	1877.13724996
1118.00000000	1866.41432877
1120.00000000	1915.16466278
1122.00000000	1982.24862193
1124.00000000	2045.30768739
1126.00000000	2134.58479383
1128.00000000	2204.22190698
1130.00000000	2197.35202890
1132.00000000	2155.62817972
1134.00000000	2070.15541158
1136.00000000	1948.48904977
1138.00000000	1905.72158829
1140.00000000	1888.39971235
1142.00000000	1822.84362530
1144.00000000	1798.06746799
1146.00000000	1784.45135007
1148.00000000	1743.33868344
1150.00000000	1749.20046833
1152.00000000	1774.01163908
1154.00000000	1774.34358235
1156.00000000	1780.01614495
1158.00000000	1813.09552119
1160.00000000	1849.40066152
1162.00000000	1821.75940633
1164.00000000	1800.67668355
1166.00000000	1831.24553278
1168.00000000	1842.96648428
1170.00000000	1825.24103761
1172.00000000	1819.21851657
1174.00000000	1872.82554239
1176.00000000	1888.02624497
1178.00000000	1831.93166879
1180.00000000	1796.26039479
1182.00000000	1796.07468944
1184.00000000	1794.52343878
1186.00000000	1750.10197186
1188.00000000	1721.53847154
1190.00000000	1724.81833047
1192.00000000	1721.50196238
1194.00000000	1724.29477362
1196.00000000	1730.63406416
1198.00000000	1730.68560645
1200.00000000	1764.33763593
1202.00000000	1798.36786488
1204.00000000	1783.11585860
1206.00000000	1796.13651882
1208.00000000	1831.06821373
1210.00000000	1842.24386526
1212.00000000	1859.40683526
1214.00000000	1860.24376622
1216.00000000	1839.93101499
1218.00000000	1891.98940728
1220.00000000	1967.80129012
1222.00000000	1985.67163278
1224.00000000	1954.52718285
1226.00000000	1930.06651493
1228.00000000	1934.93653794
1230.00000000	1928.00814291
1232.00000000	1940.65728758
1234.00000000	1958.27816177
1236.00000000	1907.96807878
1238.00000000	1915.82179537
1240.00000000	1986.66683462
1242.00000000	1968.11515606
1244.00000000	1919.11435480
1246.00000000	1907.62665645
1248.00000000	1935.71691126
1250.00000000	1944.91898942
1252.00000000	1950.42685874
1254.00000000	1978.68240383
1256.00000000	1911.19472686
1258.00000000	1843.59102969
1260.00000000	1905.63429001
1262.00000000	1944.48726963
1264.00000000	1912.53957417
1266.00000000	1865.87974074
1268.00000000	1881.25876832
1270.00000000	1882.15757060
1272.00000000	1829.03875660
1274.00000000	1831.38709819
1276.00000000	1877.94931762
1278.00000000	1884.24409021
1280.00000000	1789.83253323
1282.00000000	1778.25321481
1284.00000000	1869.86838063
1286.00000000	1894.23158142
1288.00000000	1888.33316695
1290.00000000	1890.02484943
1292.00000000	1895.46217844
1294.00000000	1904.42151908
1296.00000000	1911.95360808
1298.00000000	1936.74108412
1300.00000000	2042.38055306
1302.00000000	2121.03907668
1304.00000000	2100.27600309
1306.00000000	2129.71263262
1308.00000000	2204.83017241
1310.00000000	2263.48220187
1312.00000000	2270.35172166
1314.00000000	2180.44359465
1316.00000000	2075.61667476
1318.00000000	2109.35470556
1320.00000000	2121.37301038
1322.00000000	2064.83063361
1324.00000000	2040.09627772
1326.00000000	2047.92155082
1328.00000000	2041.57302386
1330.00000000	2018.09926189
1332.00000000	2097.19266214
1334.00000000	2164.09607532
1336.00000000	2128.75458124
1338.00000000	2163.11452666
1340.00000000	2202.00616859
1342.00000000	2152.66250834
1344.00000000	2055.84226825
1346.00000000	2024.23934943
1348.00000000	2039.02697621
1350.00000000	1977.57171344
1352.00000000	1926.54341129
1354.00000000	1918.35410724
1356.00000000	1920.79004930
1358.00000000	1955.58747185
1360.00000000	2004.63619784
1362.00000000	2025.27545917
1364.00000000	1993.37889771
1366.00000000	1930.00026952
1368.00000000	1889.00181219
1370.00000000	1920.25011108
1372.00000000	1949.92404646
1374.00000000	1917.58239144
1376.00000000	1843.54052936
1378.00000000	1812.78703163
1380.00000000	1841.72604437
1382.00000000	1876.43400101
1384.00000000	1870.25118780
1386.00000000	1851.27974348
1388.00000000	1857.92970463
1390.00000000	1861.44431052
1392.00000000	1857.93536101
1394.00000000	1858.55472474
1396.00000000	1876.95869190
1398.00000000	1936.41834388
1400.00000000	1967.33599343
1402.00000000	1875.32135115
1404.00000000	1827.40904258
1406.00000000	1813.70609399
1408.00000000	1737.79343682
1410.00000000	1730.12987770
1412.00000000	1787.67116223
1414.00000000	1808.74691817
1416.00000000	1723.98716168
1418.00000000	1702.40501339
1420.00000000	1777.71373519
1422.00000000	1757.78292302
1424.00000000	1710.68824813
1426.00000000	1723.05525019
1428.00000000	1788.95369654
1430.00000000	1793.90894103
1432.00000000	1754.37879304
1434.00000000	1736.40309659
1436.00000000	1723.72218151
1438.00000000	1772.39961770
1440.00000000	1840.60565537
1442.00000000	1780.30860478
1444.00000000	1812.64445700
1446.00000000	1917.07868362
1448.00000000	1863.07329784
1450.00000000	1836.57523618
1452.00000000	1876.30363337
1454.00000000	1891.71901650
1456.00000000	1865.02848865
1458.00000000	1862.90156705
1460.00000000	1898.85082158
1462.00000000	1883.80368822
1464.00000000	1845.02737527
1466.00000000	1812.57095400
1468.00000000	1785.20709940
1470.00000000	1772.83978234
1472.00000000	1754.04135907
1474.00000000	1722.71014078
1476.00000000	1735.88978522
1478.00000000	1733.19011618
1480.00000000	1689.11871303
1482.00000000	1687.78786217
1484.00000000	1725.00637617
1486.00000000	1744.46773396
1488.00000000	1696.38094856
1490.00000000	1619.67823659
1492.00000000	1608.34354659
1494.00000000	1674.57526152
1496.00000000	1657.72062371
1498.00000000	1588.48958167
1500.00000000	1526.74280633
1502.00000000	1469.74732071
1504.00000000	1458.76198191
1506.00000000	1501.68224911
1508.00000000	1553.78556618
1510.00000000	1545.11996154
1512.00000000	1503.13705923
1514.00000000	1484.77250620
1516.00000000	1498.05687455
1518.00000000	1519.34320027
1520.00000000	1516.91906343
1522.00000000	1476.94137237
1524.00000000	1441.12378338
1526.00000000	1464.92808716
1528.00000000	1540.38655302
1530.00000000	1550.81433442
1532.00000000	1561.45660019
1534.00000000	1594.79150928
1536.00000000	1550.95642802
1538.00000000	1537.09621733
1540.00000000	1567.59247084
1542.00000000	1566.97946168
1544.00000000	1559.55736720
1546.00000000	1553.47040846
1548.00000000	1573.49069154
1550.00000000	1659.07297824
1552.00000000	1649.86115352
1554.00000000	1576.86816972
1556.00000000	1625.35169819
1558.00000000	1666.15333166
1560.00000000	1685.17082765
1562.00000000	1711.33157485
1564.00000000	1672.31552727
1566.00000000	1670.68183331
1568.00000000	1730.42219995
1570.00000000	1749.22061596
1572.00000000	1789.12990622
1574.00000000	1853.76048851
1576.00000000	1902.17354880
1578.00000000	1941.23617945
1580.00000000	1940.32552243
1582.00000000	1922.23072069
1584.00000000	1956.13502148
1586.00000000	1936.82295654
1588.00000000	1862.53327232
1590.00000000	1814.08655152
1592.00000000	1789.46779551
1594.00000000	1747.14451687
1596.00000000	1679.93322628
1598.00000000	1644.85720214
1600.00000000	1688.95663310
1602.00000000	1716.92110268
1604.00000000	1646.29430320
1606.00000000	1666.96255061
1608.00000000	1701.80968065
1610.00000000	1667.40555055
1612.00000000	1658.30693311
1614.00000000	1643.98145774
1616.00000000	1626.96157747
1618.00000000	1635.78702984
1620.00000000	1621.49596946
1622.00000000	1603.81363433
1624.00000000	1606.84268682
1626.00000000	1606.39516912
1628.00000000	1592.15469311
1630.00000000	1581.82702265
1632.00000000	1585.67834193
1634.00000000	1559.61112079
1636.00000000	1535.93845021
1638.00000000	1536.63031213
1640.00000000	1528.51306371
1642.00000000	1542.93054624
1644.00000000	1585.55062405
1646.00000000	1625.04187755
1648.00000000	1633.11589505
1650.00000000	1628.41929458
1652.00000000	1628.43515681
1654.00000000	1625.92894943
1656.00000000	1631.13214760
1658.00000000	1664.14803243
1660.00000000	1704.77093005
1662.00000000	1672.77981246
1664.00000000	1691.55224820
1666.00000000	1727.98274588
1668.00000000	1611.65564731
1670.00000000	1649.34168276
1672.00000000	1713.67970291
1674.00000000	1613.23856708
1676.00000000	1636.07552143
1678.00000000	1674.89766778
1680.00000000	1653.91160059
1682.00000000	1646.61544352
1684.00000000	1583.04337533
1686.00000000	1529.91510402
1688.00000000	1544.20913469
1690.00000000	1534.53657861
1692.00000000	1499.46705036
1694.00000000	1456.38531046
1696.00000000	1422.75976972
1698.00000000	1433.43588330
1700.00000000	1436.21865683
1702.00000000	1436.21865683
1704.00000000	1436.21865683
1706.00000000	1436.21865683
1708.00000000	1436.21865683
1710.00000000	1436.21865683
1712.00000000	1436.21865683
1714.00000000	1436.21865683
1716.00000000	1298.80071884
1718.00000000	1303.42466029
1720.00000000	1287.83639524
1722.00000000	1269.13392072
1724.00000000	1306.34437100
1726.00000000	1351.83384521
1728.00000000	1304.11677078
1730.00000000	1255.53019144
1732.00000000	1321.83062261
1734.00000000	1312.83097828
1736.00000000	1303.87411544
1738.00000000	1337.59172279
1740.00000000	1305.92833465
1742.00000000	1276.75837568
1744.00000000	1269.86788587
1746.00000000	1268.51465641
1748.00000000	1284.07680364
1750.00000000	1298.06085048
1752.00000000	1282.45056576
1754.00000000	1238.89342666
1756.00000000	1231.13943940
1758.00000000	1269.73551631
1760.00000000	1306.32186323
1762.00000000	1282.47972098
1764.00000000	1234.09934871
1766.00000000	1219.43074165
1768.00000000	1246.76369434
1770.00000000	1253.60433184
1772.00000000	1252.00163020
1774.00000000	1250.24788832
1776.00000000	1253.23709905
1778.00000000	1300.48745432
1780.00000000	1301.60842281
1782.00000000	1243.64196326
1784.00000000	1236.29296707
1786.00000000	1261.07413662
1788.00000000	1279.21037658
1790.00000000	1267.06909516
1792.00000000	1228.33184711
1794.00000000	1214.87015049
1796.00000000	1256.46278280
1798.00000000	1312.94448988
1800.00000000	1287.14959826
1802.00000000	1260.95978203
1804.00000000	1274.22203440
1806.00000000	1275.63499476
1808.00000000	1286.89631205
1810.00000000	1307.41804652
1812.00000000	1304.24187760
1814.00000000	1262.54250484
1816.00000000	1287.03424447
1818.00000000	1321.31169379
1820.00000000	1280.03745731
1822.00000000	1235.99599304
1824.00000000	1232.50316847
1826.00000000	1255.71605866
1828.00000000	1268.57877843
1830.00000000	1268.38227168
1832.00000000	1291.91503255
1834.00000000	1314.58717388
1836.00000000	1280.00377153
1838.00000000	1254.59933049
1840.00000000	1258.02150042
1842.00000000	1273.91965997
1844.00000000	1283.81931319
1846.00000000	1270.16014104
1848.00000000	1248.62530987
1850.00000000	1248.17789642
1852.00000000	1271.38340012
1854.00000000	1262.28653026
1856.00000000	1248.85865461
1858.00000000	1267.14278016
1860.00000000	1252.58015306
1862.00000000	1291.28550521
1864.00000000	1339.16628174
1866.00000000	1300.59722313
1868.00000000	1321.27133975
1870.00000000	1329.37338770
1872.00000000	1287.96775144
1874.00000000	1275.19971147
1876.00000000	1266.57704607
1878.00000000	1260.47475666
1880.00000000	1276.91523010
1882.00000000	1315.17586942
1884.00000000	1313.39858689
1886.00000000	1298.46198455
1888.00000000	1300.36176375
1890.00000000	1285.47179502
1892.00000000	1291.60708400
1894.00000000	1298.28876918
1896.00000000	1279.06763310
1898.00000000	1278.43094362
1900.00000000	1301.48117844
1902.00000000	1309.85838013
1904.00000000	1283.11917318
1906.00000000	1274.69850939
1908.00000000	1310.95207690
1910.00000000	1338.74178788
1912.00000000	1307.18577077
1914.00000000	1288.27122197
1916.00000000	1300.22503187
1918.00000000	1304.73483387
1920.00000000	1274.15604055
1922.00000000	1264.44428490
1924.00000000	1260.80456831
1926.00000000	1283.15384176
1928.00000000	1346.08369044
1930.00000000	1291.53010102
1932.00000000	1280.53577044
1934.00000000	1355.26646611
1936.00000000	1326.27327025
1938.00000000	1284.11263609
1940.00000000	1272.10182392
1942.00000000	1282.41856609
1944.00000000	1300.58933721
1946.00000000	1292.63549810
1948.00000000	1300.18801456
1950.00000000	1326.91660418
1952.00000000	1308.68120555
1954.00000000	1308.88474014
1956.00000000	1287.55379609
1958.00000000	1243.74826766
1960.00000000	1282.33584000
1962.00000000	1309.88700930
1964.00000000	1292.83492758
1966.00000000	1278.62861132
1968.00000000	1312.96370863
1970.00000000	1354.24723619
1972.00000000	1368.02382770
1974.00000000	1346.33222270
1976.00000000	1304.31372615
1978.00000000	1291.86604785
1980.00000000	1303.25794256
1982.00000000	1305.06939393
1984.00000000	1292.42334467
1986.00000000	1287.60579852
1988.00000000	1281.36816970
1990.00000000	1275.69936501
1992.00000000	1305.00222172
1994.00000000	1318.25101042
1996.00000000	1329.85098732
1998.00000000	1341.55666966
2000.00000000	1294.72976434
2002.00000000	1303.42886810
2004.00000000	1318.28594475
2006.00000000	1294.55839674
2008.00000000	1340.42680610
2010.00000000	1344.96765077
2012.00000000	1294.01011803
2014.00000000	1276.46334997
2016.00000000	1341.95602813
2018.00000000	1376.91845192
2020.00000000	1354.84596458
2022.00000000	1327.87391304
2024.00000000	1326.20660856
2026.00000000	1305.19780052
2028.00000000	1312.45277339
2030.00000000	1360.74892165
2032.00000000	1361.64927365
2034.00000000	1340.56958516
2036.00000000	1337.13251158
2038.00000000	1339.55512484
2040.00000000	1313.29657597
2042.00000000	1322.25039530
2044.00000000	1351.92424137
2046.00000000	1362.03377011
2048.00000000	1351.83543445
2050.00000000	1343.04067654
2052.00000000	1336.75423629
2054.00000000	1344.75344478
2056.00000000	1369.64947582
2058.00000000	1344.61281885
2060.00000000	1336.88266718
2062.00000000	1371.70710470
2064.00000000	1377.71835280
2066.00000000	1332.76848582
2068.00000000	1348.75402995
2070.00000000	1413.08249825
2072.00000000	1420.11101133
2074.00000000	1402.98390122
2076.00000000	1373.99069852
2078.00000000	1338.80607451
2080.00000000	1324.68766986
2082.00000000	1361.17068817
2084.00000000	1359.26204695
2086.00000000	1330.14378188
2088.00000000	1341.64375153
2090.00000000	1381.02973860
2092.00000000	1399.27966389
2094.00000000	1369.23357462
2096.00000000	1330.81105752
2098.00000000	1353.95410226
2100.00000000	1380.00155338
2102.00000000	1399.87777470
2104.00000000	1431.75738241
2106.00000000	1452.40468402
2108.00000000	1395.58242604
2110.00000000	1329.60437603
2112.00000000	1330.90440988
2114.00000000	1377.20690800
2116.00000000	1380.04287361
2118.00000000	1381.07361537
2120.00000000	1380.91640411
2122.00000000	1361.62460990
2124.00000000	1405.18293852
2126.00000000	1423.03903102
2128.00000000	1404.07398434
2130.00000000	1403.33794476
2132.00000000	1410.90795375
2134.00000000	1403.12755394
2136.00000000	1391.55803442
2138.00000000	1384.17220450
2140.00000000	1372.45791312
2142.00000000	1397.82768191
2144.00000000	1397.17948657
2146.00000000	1371.71542895
2148.00000000	1393.55508522
2150.00000000	1387.54482772
2152.00000000	1387.01564651
2154.00000000	1388.11933065
2156.00000000	1358.01091854
2158.00000000	1355.94494527
2160.00000000	1376.75431084
2162.00000000	1401.52880440
2164.00000000	1408.10085221
2166.00000000	1383.37262489
2168.00000000	1398.32875571
2170.00000000	1428.08641039
2172.00000000	1420.69733684
2174.00000000	1397.25466172
2176.00000000	1425.94222704
2178.00000000	1426.52995228
2180.00000000	1391.89179496
2182.00000000	1412.36819461
2184.00000000	1466.60418060
2186.00000000	1407.60726137
2188.00000000	1347.35771925
2190.00000000	1419.51940340
2192.00000000	1458.20681542
2194.00000000	1394.64428633
2196.00000000	1387.59672466
2198.00000000	1448.89788259
2200.00000000	1404.16456721
2202.00000000	1401.20650183
2204.00000000	1414.41730595
2206.00000000	1424.17787034
2208.00000000	1445.20080411
2210.00000000	1407.39223843
2212.00000000	1401.91746001
2214.00000000	1413.58736189
2216.00000000	1392.60154624
2218.00000000	1400.17399999
2220.00000000	1484.10870141
2222.00000000	1518.87351996
2224.00000000	1473.89305646
2226.00000000	1462.51685494
2228.00000000	1474.27191702
2230.00000000	1441.25514329
2232.00000000	1411.17118737
2234.00000000	1435.25548641
2236.00000000	1433.40339281
2238.00000000	1431.53926462
2240.00000000	1433.44345128
2242.00000000	1432.33536964
2244.00000000	1436.53531726
2246.00000000	1440.39375063
2248.00000000	1450.14711776
2250.00000000	1455.10848180
2252.00000000	1455.08203542
2254.00000000	1473.71878734
2256.00000000	1440.66603002
2258.00000000	1449.66775065
2260.00000000	1491.72663462
2262.00000000	1430.89048394
2264.00000000	1448.31511848
2266.00000000	1472.74677284
2268.00000000	1471.01007573
2270.00000000	1482.66256784
2272.00000000	1457.06235152
2274.00000000	1444.43520035
2276.00000000	1476.51045122
2278.00000000	1519.44564342
2280.00000000	1516.10648595
2282.00000000	1477.13690519
2284.00000000	1471.57072963
2286.00000000	1478.40035625
2288.00000000	1463.41225284
2290.00000000	1492.84225154
2292.00000000	1528.33255952
2294.00000000	1504.89897369
2296.00000000	1462.89172868
2298.00000000	1483.82309562
2300.00000000	1492.22065936
2302.00000000	1524.76634906
2304.00000000	1523.89791034
2306.00000000	1471.80285223
2308.00000000	1501.17586819
2310.00000000	1519.64739040
2312.00000000	1487.80339911
2314.00000000	1461.58191982
2316.00000000	1485.68305823
2318.00000000	1506.10338538
2320.00000000	1532.09330990
2322.00000000	1544.43232079
2324.00000000	1532.76818950
2326.00000000	1530.76731348
2328.00000000	1540.58324923
2330.00000000	1535.37173261
2332.00000000	1525.71520604
2334.00000000	1535.32580673
2336.00000000	1538.38892458
2338.00000000	1496.25059094
2340.00000000	1477.03923819
2342.00000000	1498.57331223
2344.00000000	1492.32847237
2346.00000000	1467.53004471
2348.00000000	1529.12196974
2350.00000000	1568.36284850
2352.00000000	1518.98146127
2354.00000000	1512.65270732
2356.00000000	1516.31487761
2358.00000000	1481.30661015
2360.00000000	1482.49618098
2362.00000000	1543.43148216
2364.00000000	1519.01270780
2366.00000000	1473.13764817
2368.00000000	1477.86819531
2370.00000000	1524.07999188
2372.00000000	1543.86518979
2374.00000000	1498.20452329
2376.00000000	1460.84921711
2378.00000000	1461.18983275
2380.00000000	1466.74214238
2382.00000000	1472.89619105
2384.00000000	1538.69296829
2386.00000000	1499.02545793
2388.00000000	1455.19938101
2390.00000000	1477.80514209
2392.00000000	1413.57860441
2394.00000000	1409.85593971
2396.00000000	1440.73269352
2398.00000000	1490.41149507
2400.00000000	1545.06239715
2402.00000000	1520.60486984
2404.00000000	1472.68869973
2406.00000000	1515.11262236
2408.00000000	1553.93709148
2410.00000000	1488.08349502
2412.00000000	1477.84118325
2414.00000000	1494.29461415
2416.00000000	1502.11531653
2418.00000000	1518.31429867
2420.00000000	1526.18823728
2422.00000000	1455.12987813
2424.00000000	1464.43625172
2426.00000000	1487.72343164
2428.00000000	1489.98643829
2430.00000000	1543.23659082
2432.00000000	1553.29634420
2434.00000000	1509.59018884
2436.00000000	1518.20434397
2438.00000000	1558.34762049
2440.00000000	1534.38439694
2442.00000000	1566.61455990
2444.00000000	1541.22544852
2446.00000000	1524.65009812
2448.00000000	1541.76713740
2450.00000000	1487.92845130
2452.00000000	1483.97739330
2454.00000000	1533.11538800
2456.00000000	1548.64769548
2458.00000000	1520.20753682
2460.00000000	1517.29348873
2462.00000000	1509.24743816
2464.00000000	1497.76124765
2466.00000000	1538.18708461
2468.00000000	1572.58540489
2470.00000000	1511.28832740
2472.00000000	1535.92479169
2474.00000000	1554.38277428
2476.00000000	1550.44062845
2478.00000000	1530.28258880
2480.00000000	1475.56311539
2482.00000000	1533.33250198
2484.00000000	1607.13472139
2486.00000000	1606.90207379
2488.00000000	1562.07108866
2490.00000000	1533.39051205
2492.00000000	1500.10238084
2494.00000000	1487.01620240
2496.00000000	1485.60489184
2498.00000000	1503.65452764
2500.00000000	1539.48759468
2502.00000000	1504.77853445
2504.00000000	1535.56403069
2506.00000000	1558.17339190
2508.00000000	1539.01644575
2510.00000000	1557.17862783
2512.00000000	1518.42867644
2514.00000000	1528.27095224
2516.00000000	1585.21829949
2518.00000000	1579.27367921
2520.00000000	1516.89150871
2522.00000000	1559.61191782
2524.00000000	1538.45086827
2526.00000000	1524.13650926
2528.00000000	1519.07767925
2530.00000000	1463.94538280
2532.00000000	1498.30626375
2534.00000000	1553.85314216
2536.00000000	1533.37082017
2538.00000000	1542.33506088
2540.00000000	1583.31586630
2542.00000000	1474.10769818
2544.00000000	1554.11186355
2546.00000000	1550.63733946
2548.00000000	1514.50743786
2550.00000000	1580.82619297
2552.00000000	1558.98915805
2554.00000000	1584.63278567
2556.00000000	1536.71389536
2558.00000000	1496.99605329
2560.00000000	1540.35919071
2562.00000000	1550.93689599
2564.00000000	1526.83076274
2566.00000000	1549.31832945
2568.00000000	1563.50266240
2570.00000000	1555.96332950
2572.00000000	1563.46608113
2574.00000000	1533.96125361
2576.00000000	1538.89312876
2578.00000000	1571.31810295
2580.00000000	1560.30524313
2582.00000000	1535.19253226
2584.00000000	1594.06288547
2586.00000000	1601.09643168
2588.00000000	1591.83640060
2590.00000000	1574.23073249
2592.00000000	1524.29542815
2594.00000000	1490.84589899
2596.00000000	1530.78980129
2598.00000000	1513.19688345
2600.00000000	1506.25557064
2602.00000000	1538.13282899
2604.00000000	1535.67367212
2606.00000000	1533.95386309
2608.00000000	1539.70641892
2610.00000000	1570.36278549
2612.00000000	1568.52286251
2614.00000000	1546.54164365
2616.00000000	1592.00373729
2618.00000000	1577.41563470
2620.00000000	1560.84506347
2622.00000000	1549.33697349
2624.00000000	1523.34855933
2626.00000000	1514.25037442
2628.00000000	1550.60111638
2630.00000000	1611.80483164
2632.00000000	1595.94720042
2634.00000000	1559.95504504
2636.00000000	1567.28467248
2638.00000000	1549.65009658
2640.00000000	1580.27898023
2642.00000000	1587.82847758
2644.00000000	1618.15886096
2646.00000000	1636.24105921
2648.00000000	1558.26671996
2650.00000000	1524.95933175
2652.00000000	1554.09732253
2654.00000000	1554.98199954
2656.00000000	1563.54359532
2658.00000000	1607.01382286
2660.00000000	1588.86881402
2662.00000000	1537.34142533
2664.00000000	1536.37799867
2666.00000000	1571.40706823
2668.00000000	1616.48169142
2670.00000000	1623.09617363
2672.00000000	1540.89880778
2674.00000000	1580.41818859
2676.00000000	1603.60678329
2678.00000000	1585.56861730
2680.00000000	1573.32462423
2682.00000000	1577.76526988
2684.00000000	1666.03825249
2686.00000000	1577.88658775
2688.00000000	1551.67617176
2690.00000000	1567.76972849
2692.00000000	1553.53382019
2694.00000000	1681.14121433
2696.00000000	1647.65713240
2698.00000000	1623.38990338
2700.00000000	1587.39198164
2702.00000000	1580.64282509
2704.00000000	1663.11847922
2706.00000000	1665.13431531
2708.00000000	1672.52835092
2710.00000000	1630.16179822
2712.00000000	1609.96425457
2714.00000000	1625.57141572
2716.00000000	1605.99381534
2718.00000000	1631.94871374
2720.00000000	1695.21639612
2722.00000000	1677.37363445
2724.00000000	1634.41856137
2726.00000000	1656.36217059
2728.00000000	1674.14764392
2730.00000000	1623.64576585
2732.00000000	1662.51776568
2734.00000000	1677.17474277
2736.00000000	1667.30803568
2738.00000000	1702.71890224
2740.00000000	1699.31997994
2742.00000000	1608.45976821
2744.00000000	1606.72833471
2746.00000000	1630.37760682
2748.00000000	1638.44567706
2750.00000000	1641.48340242
2752.00000000	1633.96136259
2754.00000000	1687.19114951
2756.00000000	1627.77764391
2758.00000000	1601.00743727
2760.00000000	1667.80972979
2762.00000000	1696.95730646
2764.00000000	1646.99597279
2766.00000000	1616.52965452
2768.00000000	1627.75593461
2770.00000000	1613.74234128
2772.00000000	1596.23070457
2774.00000000	1618.39784781
2776.00000000	1630.19275681
2778.00000000	1605.41333728
2780.00000000	1605.92651781
2782.00000000	1587.17041044
2784.00000000	1545.38566238
2786.00000000	1539.79410005
2788.00000000	1573.70595798
2790.00000000	1582.82677364
2792.00000000	1569.38587545
2794.00000000	1572.49558112
2796.00000000	1585.53038682
2798.00000000	1579.85873292
2800.00000000	1572.11725328
2802.00000000	1590.74014134
2804.00000000	1566.45969474
2806.00000000	1588.68802990
2808.00000000	1611.40680835
2810.00000000	1588.77273765
2812.00000000	1591.08385566
2814.00000000	1610.80046100
2816.00000000	1594.60840207
2818.00000000	1572.27201679
2820.00000000	1626.22575723
2822.00000000	1655.14514518
2824.00000000	1619.83221975
2826.00000000	1683.50390624
2828.00000000	1618.64984660
2830.00000000	1657.17814387
2832.00000000	1716.63163153
2834.00000000	1718.94098455
2836.00000000	1731.57028324
2838.00000000	1734.36208754
2840.00000000	1732.27825830
2842.00000000	1760.60287322
2844.00000000	1787.52912926
2846.00000000	1850.27058349
2848.00000000	1930.48593253
2850.00000000	1983.83431048
2852.00000000	2094.83491839
2854.00000000	2103.00584055
2856.00000000	2153.31551069
2858.00000000	2252.82296644
2860.00000000	2257.23451484
2862.00000000	2225.69218747
2864.00000000	2324.27265918
2866.00000000	2351.47096260
2868.00000000	2473.26556178
2870.00000000	2560.81882468
2872.00000000	2606.23857167
2874.00000000	2729.93546013
2876.00000000	2853.06874605
2878.00000000	2857.62738077
2880.00000000	2837.51422604
2882.00000000	2857.89059824
2884.00000000	2829.98227440
2886.00000000	2755.82384307
2888.00000000	2789.52311082
2890.00000000	2909.45910580
2892.00000000	2844.95177590
2894.00000000	2877.97558891
2896.00000000	2936.57389919
2898.00000000	2937.60634477
2900.00000000	3022.60755140
2902.00000000	3161.21369910
2904.00000000	3130.96510641
2906.00000000	3264.48128491
2908.00000000	3279.10125794
2910.00000000	3265.05118113
2912.00000000	3357.65584320
2914.00000000	3417.02246730
2916.00000000	3425.97736469
2918.00000000	3581.53476862
2920.00000000	3689.40715785
2922.00000000	3834.35033721
2924.00000000	3956.11910355
2926.00000000	3976.94118584
2928.00000000	3980.94850298
2930.00000000	4026.77760289
2932.00000000	4064.52529744
2934.00000000	4046.67593011
2936.00000000	4047.22657849
2938.00000000	4050.67791918
2940.00000000	4012.04010947
2942.00000000	3912.24074948
2944.00000000	3756.65222441
2946.00000000	3681.69940679
2948.00000000	3564.35723204
2950.00000000	3479.71793827
2952.00000000	3484.82137342
2954.00000000	3445.11898495
2956.00000000	3333.18411709
2958.00000000	3313.80905066
2960.00000000	3245.40803432
2962.00000000	3195.07731538
2964.00000000	3159.59884727
2966.00000000	3113.42790798
2968.00000000	3016.86819662
2970.00000000	2899.24756409
2972.00000000	2886.10102608
2974.00000000	2898.04840634
2976.00000000	2928.69535913
2978.00000000	2815.81444023
2980.00000000	2681.86317105
2982.00000000	2663.74174719
2984.00000000	2685.21407210
2986.00000000	2690.85857691
2988.00000000	2585.68260660
2990.00000000	2412.45009671
2992.00000000	2372.68270574
2994.00000000	2325.25413812
2996.00000000	2178.58270934
2998.00000000	2101.90282512
3000.00000000	2127.31409070
3002.00000000	2103.89953022
3004.00000000	1979.06531883
3006.00000000	1929.21033906
3008.00000000	1938.83168907
3010.00000000	1885.13140636
3012.00000000	1848.74964830
3014.00000000	1911.07421042
3016.00000000	1860.54112675
3018.00000000	1814.96763077
3020.00000000	1810.48295128
3022.00000000	1747.61054486
3024.00000000	1693.55407862
3026.00000000	1730.73172552
3028.00000000	1767.26662125
3030.00000000	1746.59572689
3032.00000000	1723.74061756
3034.00000000	1681.15344899
3036.00000000	1673.73942392
3038.00000000	1703.33653974
3040.00000000	1742.77955251
3042.00000000	1758.17785176
3044.00000000	1737.68017792
3046.00000000	1764.66932702
3048.00000000	1747.61170705
3050.00000000	1680.30006636
3052.00000000	1684.26031117
3054.00000000	1736.99237830
3056.00000000	1739.33382505
3058.00000000	1761.51263304
3060.00000000	1874.02388286
3062.00000000	1851.87694327
3064.00000000	1775.54914317
3066.00000000	1751.10486420
3068.00000000	1749.95146632
3070.00000000	1748.94278546
3072.00000000	1744.46035754
3074.00000000	1716.33988916
3076.00000000	1699.51569838
3078.00000000	1686.44286706
3080.00000000	1663.88342514
3082.00000000	1657.36625093
3084.00000000	1609.01323209
3086.00000000	1586.20172504
3088.00000000	1651.55608964
3090.00000000	1654.12771678
3092.00000000	1615.62902501
3094.00000000	1701.19662111
3096.00000000	1620.31781875
3098.00000000	1607.89736073
3100.00000000	1658.12451311
3102.00000000	1626.97533130
3104.00000000	1595.56749548
3106.00000000	1593.77343645
3108.00000000	1601.20087745
3110.00000000	1598.07363775
3112.00000000	1631.21365282
3114.00000000	1586.97304104
3116.00000000	1583.81568848
3118.00000000	1630.46672498
3120.00000000	1608.17316765
3122.00000000	1622.87155747
3124.00000000	1673.70675405
3126.00000000	1699.85995278
3128.00000000	1636.91920551
3130.00000000	1614.57468281
3132.00000000	1633.33438722
3134.00000000	1642.30063789
3136.00000000	1633.10914996
3138.00000000	1597.14085134
3140.00000000	1578.99970272
3142.00000000	1541.69457433
3144.00000000	1586.50277667
3146.00000000	1660.57164790
3148.00000000	1632.20503403
3150.00000000	1615.39740956
3152.00000000	1650.78824061
3154.00000000	1612.02206603
3156.00000000	1603.58365514
3158.00000000	1624.45657006
3160.00000000	1581.31698626
3162.00000000	1606.11906887
3164.00000000	1640.12057302
3166.00000000	1617.69664624
3168.00000000	1600.05921111
3170.00000000	1621.86541652
3172.00000000	1653.07943683
3174.00000000	1666.74335542
3176.00000000	1606.05652560
3178.00000000	1573.45834331
3180.00000000	1582.24987486
3182.00000000	1605.14809511
3184.00000000	1564.21508744
3186.00000000	1541.89053251
3188.00000000	1638.20532310
3190.00000000	1670.68834561
3192.00000000	1617.90673600
3194.00000000	1550.98066528
3196.00000000	1590.41740154
3198.00000000	1620.21867665
3200.00000000	1601.25925390
3202.00000000	1612.85942731
3204.00000000	1618.23114285
3206.00000000	1580.40846066
3208.00000000	1604.63044756
3210.00000000	1623.12231095
3212.00000000	1635.20555474
3214.00000000	1614.50486042
3216.00000000	1581.12671484
3218.00000000	1584.20410352
3220.00000000	1637.55327946
3222.00000000	1654.18914400
3224.00000000	1592.84411329
3226.00000000	1568.99721984
3228.00000000	1570.88491119
3230.00000000	1587.47474184
3232.00000000	1535.94512920
3234.00000000	1610.11207795
3236.00000000	1635.87861469
3238.00000000	1559.70220906
3240.00000000	1535.89763900
3242.00000000	1552.46380869
3244.00000000	1562.60481526
3246.00000000	1497.68772273
3248.00000000	1582.80250280
3250.00000000	1608.61812456
3252.00000000	1612.98147214
3254.00000000	1636.74261750
3256.00000000	1693.39730074
3258.00000000	1677.01613950
3260.00000000	1573.68669208
3262.00000000	1598.99733794
3264.00000000	1657.14519572
3266.00000000	1603.14266049
3268.00000000	1612.25783523
3270.00000000	1602.50499979
3272.00000000	1632.56727834
3274.00000000	1599.09075283
3276.00000000	1611.50802721
3278.00000000	1674.99555076
3280.00000000	1643.16245096
3282.00000000	1697.62902765
3284.00000000	1659.95949472
3286.00000000	1678.78600592
3288.00000000	1716.15240749
3290.00000000	1707.79239849
3292.00000000	1633.18396955
3294.00000000	1659.79138320
3296.00000000	1735.57737636
3298.00000000	1716.46114848
3300.00000000	1696.88275621
3302.00000000	1672.73289606
3304.00000000	1614.14823630
3306.00000000	1686.71201435
3308.00000000	1685.03015724
3310.00000000	1694.87673631
3312.00000000	1673.50381010
3314.00000000	1695.81457349
3316.00000000	1755.61653228
3318.00000000	1702.45401409
3320.00000000	1618.14487611
3322.00000000	1687.82264399
3324.00000000	1769.81903563
3326.00000000	1604.19410044
3328.00000000	1671.82403005
3330.00000000	1665.19951112
3332.00000000	1678.28634760
3334.00000000	1677.96350096
3336.00000000	1664.49967503
3338.00000000	1688.74965158
3340.00000000	1669.40655970
3342.00000000	1668.45739762
3344.00000000	1684.34678908
3346.00000000	1621.60493210
3348.00000000	1665.80775456
3350.00000000	1708.85208562
3352.00000000	1660.42615109
3354.00000000	1632.58281809
3356.00000000	1658.18815533
3358.00000000	1646.55549444
3360.00000000	1602.97107585
3362.00000000	1598.44591474
3364.00000000	1628.40638239
3366.00000000	1665.21245500
3368.00000000	1650.36723959
3370.00000000	1661.56446118
3372.00000000	1581.43810674
3374.00000000	1577.20666656
3376.00000000	1575.24311500
3378.00000000	1577.16224072
3380.00000000	1641.77315828
3382.00000000	1612.20573218
3384.00000000	1566.63117828
3386.00000000	1659.91473667
3388.00000000	1593.47244384
3390.00000000	1613.25523190
3392.00000000	1582.33310126
3394.00000000	1552.39212938
3396.00000000	1490.65947149
3398.00000000	1544.45168263
3400.00000000	1620.05401775
3402.00000000	1641.73671011
3404.00000000	1597.93690675
3406.00000000	1556.36411680
3408.00000000	1578.45132053
3410.00000000	1514.36172211
3412.00000000	1547.13916238
3414.00000000	1554.43248428
3416.00000000	1530.36443104
3418.00000000	1529.78756495
3420.00000000	1577.31035471
3422.00000000	1579.98186273
3424.00000000	1563.69392927
3426.00000000	1532.58408868
3428.00000000	1525.00097915
3430.00000000	1560.23270904
3432.00000000	1570.36379230
3434.00000000	1593.55517623
3436.00000000	1554.97437403
3438.00000000	1580.81769042
3440.00000000	1508.01438022
3442.00000000	1549.63068537
3444.00000000	1564.38693235
3446.00000000	1554.87135546
3448.00000000	1565.29308221
3450.00000000	1514.55011197
3452.00000000	1487.99559569
3454.00000000	1539.87023453
3456.00000000	1479.14956723
3458.00000000	1425.79583313
3460.00000000	1594.53953009
3462.00000000	1530.59900759
3464.00000000	1498.81866663
3466.00000000	1451.52084051
3468.00000000	1504.40317207
3470.00000000	1472.37757383
3472.00000000	1493.20001677
3474.00000000	1502.68830543
3476.00000000	1467.84492507
3478.00000000	1498.41746715
3480.00000000	1495.00423908
3482.00000000	1475.75140784
3484.00000000	1560.67986064
3486.00000000	1562.01417662
3488.00000000	1530.57774809
3490.00000000	1541.80425964
3492.00000000	1477.16071092
3494.00000000	1519.89685079
3496.00000000	1504.03249555
3498.00000000	1484.65554075
3500.00000000	1474.66015812
3502.00000000	1503.04827234
3504.00000000	1511.45245270
3506.00000000	1486.17193863
3508.00000000	1517.98524316
3510.00000000	1519.17807382
3512.00000000	1469.72460248
3514.00000000	1434.32655968
3516.00000000	1443.58802153
3518.00000000	1466.78548619
3520.00000000	1442.50571337
3522.00000000	1525.23213425
3524.00000000	1484.46279032
3526.00000000	1445.21812444
3528.00000000	1458.91020389
3530.00000000	1450.69187217
3532.00000000	1473.70555897
3534.00000000	1506.85517477
3536.00000000	1464.55649564
3538.00000000	1433.19446374
3540.00000000	1487.34474633
3542.00000000	1509.13728763
3544.00000000	1503.07091298
3546.00000000	1546.90641503
3548.00000000	1497.44521982
3550.00000000	1520.74220876
3552.00000000	1521.23694848
3554.00000000	1452.85769111
3556.00000000	1433.23645288
3558.00000000	1480.22451592
3560.00000000	1503.98591588
3562.00000000	1451.83644300
3564.00000000	1446.94179908
3566.00000000	1499.69564340
3568.00000000	1479.74423754
3570.00000000	1454.67432480
3572.00000000	1465.64001811
3574.00000000	1498.41060240
3576.00000000	1468.31287036
3578.00000000	1376.04767950
3580.00000000	1415.91940636
3582.00000000	1434.36910944
3584.00000000	1500.62728795
3586.00000000	1427.98789152
3588.00000000	1466.58929797
3590.00000000	1451.52737828
3592.00000000	1467.22356935
3594.00000000	1459.15751200
3596.00000000	1420.36907678
3598.00000000	1514.88258660
3600.00000000	1512.30232598
3602.00000000	1407.09917620
3604.00000000	1414.51150443
3606.00000000	1487.48245849
3608.00000000	1484.22827608
3610.00000000	1453.66420865
3612.00000000	1404.58978834
3614.00000000	1394.51444284
3616.00000000	1468.40295153
3618.00000000	1515.83069333
3620.00000000	1483.46671922
3622.00000000	1430.12039158
3624.00000000	1417.69091122
3626.00000000	1389.64098438
3628.00000000	1467.49161221
3630.00000000	1528.85291948
3632.00000000	1426.86012293
3634.00000000	1395.78142436
3636.00000000	1417.34331004
3638.00000000	1406.48318711
3640.00000000	1473.05534814
3642.00000000	1439.18376780
3644.00000000	1438.61950845
3646.00000000	1425.10172908
3648.00000000	1429.85238829
3650.00000000	1421.97755634
3652.00000000	1402.11617152
3654.00000000	1459.41307756
3656.00000000	1431.65360711
3658.00000000	1409.72160182
3660.00000000	1407.37094939
3662.00000000	1419.32880596
3664.00000000	1431.09606688
3666.00000000	1409.41550423
3668.00000000	1442.85282329
3670.00000000	1443.97755347
3672.00000000	1413.55575046
3674.00000000	1445.23172855
3676.00000000	1409.18911092
3678.00000000	1382.77017670
3680.00000000	1387.01171479
3682.00000000	1366.58304502
3684.00000000	1431.79001278
3686.00000000	1425.57699574
3688.00000000	1403.13930287
3690.00000000	1386.61237648
3692.00000000	1397.19363471
3694.00000000	1406.98396351
3696.00000000	1517.25832076
3698.00000000	1467.24178937
3700.00000000	1356.34292883
3702.00000000	1352.01120333
3704.00000000	1433.49711127
3706.00000000	1431.08737764
3708.00000000	1428.02885447
3710.00000000	1387.26638439
3712.00000000	1387.70259077
3714.00000000	1439.53939600
3716.00000000	1435.39339006
3718.00000000	1433.29917106
3720.00000000	1418.06113745
3722.00000000	1423.65090751
3724.00000000	1429.45065805
3726.00000000	1445.50127030
3728.00000000	1497.57085777
3730.00000000	1463.90419737
3732.00000000	1420.88983800
3734.00000000	1437.79545268
3736.00000000	1419.76445291
3738.00000000	1402.44320766
3740.00000000	1451.54085244
3742.00000000	1436.09901072
3744.00000000	1392.73178690
3746.00000000	1395.60926913
3748.00000000	1426.77502037
3750.00000000	1417.82565507
3752.00000000	1432.69727558
3754.00000000	1363.47061599
3756.00000000	1377.95154761
3758.00000000	1377.45052077
3760.00000000	1403.74931528
3762.00000000	1441.83783768
3764.00000000	1419.01849919
3766.00000000	1443.76185952
3768.00000000	1474.56412289
3770.00000000	1448.99255974
3772.00000000	1424.54927514
3774.00000000	1434.20440427
3776.00000000	1446.49908235
3778.00000000	1458.43097458
3780.00000000	1418.91940495
3782.00000000	1355.00721921
3784.00000000	1387.24920610
3786.00000000	1401.72630797
3788.00000000	1411.01332401
3790.00000000	1362.54671733
3792.00000000	1407.51950272
3794.00000000	1394.92443403
3796.00000000	1448.13431553
3798.00000000	1423.06191783
3800.00000000	1418.96920815
