400.00000000	950.82946344
402.00000000	924.87061874
404.00000000	963.82567726
406.00000000	1001.54069189
408.00000000	966.14847762
410.00000000	967.46606469
412.00000000	1011.23564812
414.00000000	991.99989930
416.00000000	952.27451255
418.00000000	947.42844390
420.00000000	950.79073293
422.00000000	956.66301028
424.00000000	970.45328581
426.00000000	956.02497864
428.00000000	925.50701730
430.00000000	954.84636273
432.00000000	985.67878648
434.00000000	947.44198644
436.00000000	918.83831906
438.00000000	921.81945090
440.00000000	911.32650865
442.00000000	897.86617132
444.00000000	901.19533602
446.00000000	920.27938799
448.00000000	928.32590954
450.00000000	904.67614209
452.00000000	901.92121065
454.00000000	919.45748961
456.00000000	890.62534560
458.00000000	871.34970970
460.00000000	915.19157826
462.00000000	949.14503660
464.00000000	937.57191887
466.00000000	897.04161958
468.00000000	877.91699914
470.00000000	890.58267702
472.00000000	881.27258293
474.00000000	864.89728950
476.00000000	879.37116101
478.00000000	916.21093301
480.00000000	926.07335323
482.00000000	857.71027864
484.00000000	817.83719997
486.00000000	871.40376113
488.00000000	926.00840069
490.00000000	950.84926311
492.00000000	957.47155282
494.00000000	940.34010102
496.00000000	915.60393907
498.00000000	918.31078639
500.00000000	929.18931524
502.00000000	930.28954430
504.00000000	944.25661704
506.00000000	951.85334487
508.00000000	923.97156303
510.00000000	910.60761814
512.00000000	925.42407401
514.00000000	925.05644614
516.00000000	922.47243608
518.00000000	938.37697943
520.00000000	957.16261153
522.00000000	969.30980434
524.00000000	971.33857431
526.00000000	952.96763809
528.00000000	923.98897977
530.00000000	917.61612476
532.00000000	937.18423568
534.00000000	965.86084844
536.00000000	975.02441324
538.00000000	963.93545113
540.00000000	950.80516431
542.00000000	940.16392200
544.00000000	942.27241969
546.00000000	972.70786599
548.00000000	999.64510341
550.00000000	994.28327191
552.00000000	979.43310741
554.00000000	960.91490963
556.00000000	934.06207021
558.00000000	922.59610321
560.00000000	936.48377464
562.00000000	958.85722686
564.00000000	965.93393662
566.00000000	949.75304939
568.00000000	938.89371077
570.00000000	949.09626358
572.00000000	975.82353570
574.00000000	987.19497116
576.00000000	969.46624078
578.00000000	938.85477263
580.00000000	922.21052679
582.00000000	927.24750673
584.00000000	921.92722398
586.00000000	913.72977210
588.00000000	927.49483125
590.00000000	951.30004035
592.00000000	965.50871230
594.00000000	956.72757830
596.00000000	947.18900598
598.00000000	949.18327618
600.00000000	941.15906780
602.00000000	934.89457524
604.00000000	946.96674223
606.00000000	950.56541132
608.00000000	932.92916858
610.00000000	906.00618365
612.00000000	904.97610773
614.00000000	928.21931811
616.00000000	921.57834438
618.00000000	902.12148386
620.00000000	902.75885029
622.00000000	911.99947855
624.00000000	934.02275074
626.00000000	973.57742759
628.00000000	978.50968028
630.00000000	943.91887540
632.00000000	927.36893349
634.00000000	938.21958454
636.00000000	961.75750806
638.00000000	977.42598410
640.00000000	984.61444227
642.00000000	994.75911276
644.00000000	1016.58995713
646.00000000	1021.65326561
648.00000000	973.59065009
650.00000000	951.69986464
652.00000000	981.21287868
654.00000000	979.87885403
656.00000000	965.11843251
658.00000000	969.92549275
660.00000000	961.18471007
662.00000000	957.49296137
664.00000000	990.33529611
666.00000000	999.86636858
668.00000000	988.01011569
670.00000000	1016.35238095
672.00000000	1026.17746824
674.00000000	984.55717482
676.00000000	953.48533516
678.00000000	949.86916512
680.00000000	958.23896302
682.00000000	952.14117142
684.00000000	938.93027867
686.00000000	943.77826750
688.00000000	962.80833858
690.00000000	980.35831857
692.00000000	978.62655587
694.00000000	959.23518947
696.00000000	949.32275225
698.00000000	991.79602179
700.00000000	1015.49784979
702.00000000	970.42353219
704.00000000	976.48974050
706.00000000	1015.33616432
708.00000000	995.54544084
710.00000000	976.55965041
712.00000000	987.63409055
714.00000000	996.79766925
716.00000000	992.44713406
718.00000000	978.59017233
720.00000000	972.70040387
722.00000000	1003.59525320
724.00000000	1064.84371464
726.00000000	1074.66315402
728.00000000	1052.54284268
730.00000000	1056.60956183
732.00000000	1040.75212204
734.00000000	1003.04447678
736.00000000	991.49804755
738.00000000	1010.10388373
740.00000000	1029.34481083
742.00000000	1008.10036960
744.00000000	1001.72509913
746.00000000	1037.41990977
748.00000000	1033.73259147
750.00000000	1017.89716217
752.00000000	1039.56994151
754.00000000	1041.26685089
756.00000000	1047.02150283
758.00000000	1109.36579715
760.00000000	1118.27884179
762.00000000	1068.58335945
764.00000000	1072.06510742
766.00000000	1085.68799559
768.00000000	1070.11944691
770.00000000	1059.47960178
772.00000000	1064.02430911
774.00000000	1082.70150286
776.00000000	1114.93881476
778.00000000	1133.41442108
780.00000000	1121.18502248
782.00000000	1126.18232875
784.00000000	1145.66387182
786.00000000	1143.92778471
788.00000000	1139.53175447
790.00000000	1132.12803443
792.00000000	1100.70428456
794.00000000	1082.71974181
796.00000000	1098.28189630
798.00000000	1119.78856227
800.00000000	1127.76880463
802.00000000	1111.86545636
804.00000000	1072.46684511
806.00000000	1039.04059924
808.00000000	1041.20645466
810.00000000	1070.52078032
812.00000000	1090.48380758
814.00000000	1072.42044660
816.00000000	1060.73243176
818.00000000	1068.48250126
820.00000000	1075.34843468
822.00000000	1096.06332954
824.00000000	1117.31027423
826.00000000	1099.92041087
828.00000000	1103.85402834
830.00000000	1142.75794230
832.00000000	1127.38162114
834.00000000	1098.76208523
836.00000000	1114.22792118
838.00000000	1143.86028358
840.00000000	1152.38727623
842.00000000	1127.35981995
844.00000000	1104.77683653
846.00000000	1118.22825425
848.00000000	1169.36518751
850.00000000	1187.12401658
852.00000000	1174.40655023
854.00000000	1186.65905397
856.00000000	1180.38604664
858.00000000	1148.29171676
860.00000000	1141.67456310
862.00000000	1168.24739706
864.00000000	1191.14790963
866.00000000	1152.80970150
868.00000000	1118.37930164
870.00000000	1141.25041835
872.00000000	1175.35150864
874.00000000	1179.74409748
876.00000000	1155.50526726
878.00000000	1163.32993309
880.00000000	1155.53159536
882.00000000	1090.51300976
884.00000000	1098.99034725
886.00000000	1162.89421547
888.00000000	1178.37333964
890.00000000	1161.37631648
892.00000000	1140.58747031
894.00000000	1135.42538875
896.00000000	1161.56725552
898.00000000	1182.06507548
900.00000000	1138.59139046
902.00000000	1110.50878494
904.00000000	1138.97273797
906.00000000	1174.11551899
908.00000000	1176.02680943
910.00000000	1157.31503243
912.00000000	1178.93348382
914.00000000	1185.21922907
916.00000000	1157.33609235
918.00000000	1193.64618782
920.00000000	1211.44910442
922.00000000	1150.01162784
924.00000000	1149.64393729
926.00000000	1200.75549300
928.00000000	1217.97992074
930.00000000	1169.69719560
932.00000000	1128.01535965
934.00000000	1164.53601729
936.00000000	1194.49059405
938.00000000	1179.63483040
940.00000000	1145.68616403
942.00000000	1148.80184374
944.00000000	1184.12245456
946.00000000	1207.37600642
948.00000000	1227.45420605
950.00000000	1234.24920034
952.00000000	1207.20714363
954.00000000	1196.72085745
956.00000000	1216.81616827
958.00000000	1231.37430660
960.00000000	1234.88659376
962.00000000	1233.78844668
964.00000000	1231.86658710
966.00000000	1205.17243613
968.00000000	1159.19283240
970.00000000	1142.18759953
972.00000000	1162.35642767
974.00000000	1190.44508286
976.00000000	1181.55112770
978.00000000	1191.11864727
980.00000000	1244.31949517
982.00000000	1264.12973734
984.00000000	1237.71754684
986.00000000	1200.07519543
988.00000000	1201.76114112
990.00000000	1205.58474241
992.00000000	1192.99413290
994.00000000	1243.86277737
996.00000000	1299.01239889
998.00000000	1294.29480949
1000.00000000	1306.37755644
1002.00000000	1353.97910923
1004.00000000	1408.79679249
1006.00000000	1433.02697187
1008.00000000	1400.50224775
1010.00000000	1323.15782240
1012.00000000	1276.39579173
1014.00000000	1260.38776353
1016.00000000	1236.24577788
1018.00000000	1203.05072682
1020.00000000	1186.09794453
1022.00000000	1202.57747096
1024.00000000	1215.07820785
1026.00000000	1209.14219662
1028.00000000	1199.85981225
1030.00000000	1219.01375236
1032.00000000	1262.16454850
1034.00000000	1297.63867337
1036.00000000	1299.67793600
1038.00000000	1268.82834406
1040.00000000	1226.69074201
1042.00000000	1199.30443555
1044.00000000	1195.34479086
1046.00000000	1205.46828961
1048.00000000	1210.29633032
1050.00000000	1214.37608862
1052.00000000	1231.07822215
1054.00000000	1237.68054289
1056.00000000	1227.98044233
1058.00000000	1216.68981554
1060.00000000	1220.99590019
1062.00000000	1221.67344381
1064.00000000	1196.37763465
1066.00000000	1206.66176459
1068.00000000	1248.36315666
1070.00000000	1260.88155773
1072.00000000	1228.31381110
1074.00000000	1194.41318139
1076.00000000	1211.02326140
1078.00000000	1224.74195127
1080.00000000	1238.66247506
1082.00000000	1281.73186860
1084.00000000	1265.78198916
1086.00000000	1223.83607867
1088.00000000	1257.80975357
1090.00000000	1310.59794691
1092.00000000	1316.78480742
1094.00000000	1261.82228752
1096.00000000	1225.47557691
1098.00000000	1250.67931782
1100.00000000	1312.23336322
1102.00000000	1318.69150818
1104.00000000	1281.95993504
1106.00000000	1278.49228983
1108.00000000	1309.90023502
1110.00000000	1317.19060470
1112.00000000	1262.25609999
1114.00000000	1251.64717271
1116.00000000	1272.06733271
1118.00000000	1253.39258336
1120.00000000	1246.44707933
1122.00000000	1262.84250703
1124.00000000	1270.76385067
1126.00000000	1240.48400493
1128.00000000	1244.13325938
1130.00000000	1321.27412851
1132.00000000	1298.12632207
1134.00000000	1203.02474154
1136.00000000	1159.06484170
1138.00000000	1175.07993343
1140.00000000	1190.74366964
1142.00000000	1168.25265026
1144.00000000	1168.97003227
1146.00000000	1158.07585111
1148.00000000	1109.93093541
1150.00000000	1115.06118861
1152.00000000	1157.21001608
1154.00000000	1182.02117114
1156.00000000	1179.73588782
1158.00000000	1187.82585588
1160.00000000	1206.91136791
1162.00000000	1168.24349900
1164.00000000	1149.61847283
1166.00000000	1196.26849315
1168.00000000	1221.20038510
1170.00000000	1203.29943220
1172.00000000	1174.70059616
1174.00000000	1186.68000288
1176.00000000	1216.93156207
1178.00000000	1220.91232699
1180.00000000	1182.46629963
1182.00000000	1197.40546585
1184.00000000	1257.64421245
1186.00000000	1243.61023644
1188.00000000	1201.52390859
1190.00000000	1188.06287230
1192.00000000	1212.79240573
1194.00000000	1240.88263719
1196.00000000	1245.39658858
1198.00000000	1233.01319506
1200.00000000	1261.63213693
1202.00000000	1300.66154662
1204.00000000	1288.08440818
1206.00000000	1285.24433838
1208.00000000	1324.02729012
1210.00000000	1375.78476745
1212.00000000	1365.08817111
1214.00000000	1361.30575422
1216.00000000	1424.60763465
1218.00000000	1428.01029670
1220.00000000	1414.88532343
1222.00000000	1438.36316852
1224.00000000	1407.61995051
1226.00000000	1362.75142056
1228.00000000	1376.24992182
1230.00000000	1454.68014726
1232.00000000	1511.03737780
1234.00000000	1508.94003936
1236.00000000	1509.49502183
1238.00000000	1509.60933914
1240.00000000	1481.08564706
1242.00000000	1419.99890774
1244.00000000	1428.19080078
1246.00000000	1479.11549974
1248.00000000	1460.37528168
1250.00000000	1465.88015608
1252.00000000	1478.32204227
1254.00000000	1418.41640428
1256.00000000	1381.72642558
1258.00000000	1407.20018500
1260.00000000	1452.19158001
1262.00000000	1436.41496697
1264.00000000	1405.35968071
1266.00000000	1425.77165933
1268.00000000	1461.08148522
1270.00000000	1442.26416675
1272.00000000	1396.34748739
1274.00000000	1465.66286992
1276.00000000	1505.39934413
1278.00000000	1440.28850656
1280.00000000	1400.11580595
1282.00000000	1391.34404772
1284.00000000	1397.24673593
1286.00000000	1421.23316383
1288.00000000	1469.08225245
1290.00000000	1495.20535548
1292.00000000	1466.43577552
1294.00000000	1499.94961911
1296.00000000	1532.89870353
1298.00000000	1473.24895501
1300.00000000	1474.51012281
1302.00000000	1526.76469755
1304.00000000	1561.70874435
1306.00000000	1597.40096057
1308.00000000	1598.76682089
1310.00000000	1561.92512701
1312.00000000	1551.90029862
1314.00000000	1549.50096890
1316.00000000	1548.77741528
1318.00000000	1571.45294024
1320.00000000	1552.28659835
1322.00000000	1519.72294830
1324.00000000	1552.00332001
1326.00000000	1560.69608318
1328.00000000	1547.13178726
1330.00000000	1558.34955402
1332.00000000	1550.81913520
1334.00000000	1558.79212780
1336.00000000	1602.53026722
1338.00000000	1602.71030957
1340.00000000	1593.53808841
1342.00000000	1574.45848621
1344.00000000	1472.28226914
1346.00000000	1450.94206782
1348.00000000	1511.89175636
1350.00000000	1468.82556172
1352.00000000	1389.53985440
1354.00000000	1373.09169315
1356.00000000	1438.51661251
1358.00000000	1466.37994698
1360.00000000	1439.13121382
1362.00000000	1405.77160441
1364.00000000	1389.74319422
1366.00000000	1397.66555788
1368.00000000	1414.19216736
1370.00000000	1405.98154974
1372.00000000	1370.12180017
1374.00000000	1343.56294081
1376.00000000	1365.78743684
1378.00000000	1365.68413618
1380.00000000	1351.27832806
1382.00000000	1372.56178001
1384.00000000	1356.51350580
1386.00000000	1322.70813308
1388.00000000	1308.00206855
1390.00000000	1258.88275946
1392.00000000	1250.13957531
1394.00000000	1299.75681064
1396.00000000	1285.69658140
1398.00000000	1263.03537316
1400.00000000	1289.34447537
1402.00000000	1334.24697878
1404.00000000	1290.97787815
1406.00000000	1245.54573779
1408.00000000	1313.61002174
1410.00000000	1306.65071204
1412.00000000	1267.68279437
1414.00000000	1286.74948586
1416.00000000	1278.68770529
1418.00000000	1265.87097709
1420.00000000	1293.90163587
1422.00000000	1353.51885591
1424.00000000	1350.49080745
1426.00000000	1299.34297042
1428.00000000	1300.92555276
1430.00000000	1358.66795675
1432.00000000	1403.99969344
1434.00000000	1391.07794659
1436.00000000	1380.91322087
1438.00000000	1389.85255311
1440.00000000	1422.38951218
1442.00000000	1483.51771596
1444.00000000	1494.99873585
1446.00000000	1489.86229308
1448.00000000	1562.73880615
1450.00000000	1594.03840094
1452.00000000	1577.02766415
1454.00000000	1585.47636060
1456.00000000	1626.05786402
1458.00000000	1613.64926792
1460.00000000	1538.74938436
1462.00000000	1521.08867927
1464.00000000	1510.21760126
1466.00000000	1450.96343030
1468.00000000	1379.58670174
1470.00000000	1436.61139403
1472.00000000	1484.28626322
1474.00000000	1383.11623125
1476.00000000	1367.13973205
1478.00000000	1360.52087506
1480.00000000	1300.22817800
1482.00000000	1321.29862866
1484.00000000	1344.49899961
1486.00000000	1324.57296710
1488.00000000	1297.54334724
1490.00000000	1257.50109580
1492.00000000	1216.72370568
1494.00000000	1198.32339015
1496.00000000	1204.53898014
1498.00000000	1177.37471781
1500.00000000	1119.54812584
1502.00000000	1113.02515114
1504.00000000	1127.81879830
1506.00000000	1138.34766032
1508.00000000	1144.41317921
1510.00000000	1137.00916888
1512.00000000	1122.67170499
1514.00000000	1111.59597191
1516.00000000	1101.78857917
1518.00000000	1077.86858407
1520.00000000	1067.25886830
1522.00000000	1111.51020317
1524.00000000	1136.15158015
1526.00000000	1132.63326078
1528.00000000	1135.58803820
1530.00000000	1137.12979651
1532.00000000	1129.53274147
1534.00000000	1116.26136819
1536.00000000	1107.66212262
1538.00000000	1095.29257995
1540.00000000	1081.07232308
1542.00000000	1078.47637295
1544.00000000	1093.97284351
1546.00000000	1112.20027649
1548.00000000	1121.57952582
1550.00000000	1132.66894761
1552.00000000	1147.12991565
1554.00000000	1165.65179260
1556.00000000	1185.89997174
1558.00000000	1191.82323137
1560.00000000	1208.76273997
1562.00000000	1240.44454503
1564.00000000	1220.92199324
1566.00000000	1218.29348972
1568.00000000	1248.79430869
1570.00000000	1239.77373991
1572.00000000	1237.31233588
1574.00000000	1246.32390387
1576.00000000	1260.96206834
1578.00000000	1333.90099149
1580.00000000	1358.87929820
1582.00000000	1310.25125230
1584.00000000	1314.72266091
1586.00000000	1328.15712347
1588.00000000	1296.19363669
1590.00000000	1234.27668717
1592.00000000	1236.39151939
1594.00000000	1271.92261717
1596.00000000	1263.17193487
1598.00000000	1195.78933570
1600.00000000	1213.77811334
1602.00000000	1298.38219239
1604.00000000	1321.68109944
1606.00000000	1302.52722467
1608.00000000	1271.28428190
1610.00000000	1263.44919672
1612.00000000	1299.91185316
1614.00000000	1279.81413903
1616.00000000	1238.13212490
1618.00000000	1263.08752487
1620.00000000	1243.23732421
1622.00000000	1242.03217055
1624.00000000	1275.55595170
1626.00000000	1211.86653567
1628.00000000	1194.89150821
1630.00000000	1245.69621198
1632.00000000	1264.02223318
1634.00000000	1267.64349582
1636.00000000	1269.05363888
1638.00000000	1267.12229266
1640.00000000	1265.51672085
1642.00000000	1296.40032129
1644.00000000	1339.22773998
1646.00000000	1360.74285212
1648.00000000	1398.32747624
1650.00000000	1413.81568845
1652.00000000	1414.30153707
1654.00000000	1470.15475002
1656.00000000	1481.98881217
1658.00000000	1450.85538243
1660.00000000	1448.32113925
1662.00000000	1468.59884036
1664.00000000	1498.10350702
1666.00000000	1520.70541981
1668.00000000	1519.80063560
1670.00000000	1493.49455541
1672.00000000	1467.14774287
1674.00000000	1463.06034105
1676.00000000	1468.53172614
1678.00000000	1472.06323707
1680.00000000	1469.38624950
1682.00000000	1460.20178648
1684.00000000	1438.55746478
1686.00000000	1389.15953504
1688.00000000	1326.42083438
1690.00000000	1304.10364441
1692.00000000	1302.84510277
1694.00000000	1292.17998580
1696.00000000	1265.73889325
1698.00000000	1244.18192747
1700.00000000	1212.33012576
1702.00000000	1212.33012576
1704.00000000	1212.33012576
1706.00000000	1212.33012576
1708.00000000	1212.33012576
1710.00000000	1212.33012576
1712.00000000	1212.33012576
1714.00000000	1212.33012576
1716.00000000	1034.17246332
1718.00000000	1017.29868014
1720.00000000	981.25311670
1722.00000000	975.65720584
1724.00000000	1010.69438676
1726.00000000	974.51343203
1728.00000000	946.49700649
1730.00000000	953.85639679
1732.00000000	958.84210193
1734.00000000	984.88339344
1736.00000000	1009.19226764
1738.00000000	1007.10788820
1740.00000000	982.95884590
1742.00000000	948.67450560
1744.00000000	934.57848540
1746.00000000	948.12280851
1748.00000000	947.39826542
1750.00000000	931.42655884
1752.00000000	924.21627789
1754.00000000	932.17675106
1756.00000000	910.82194939
1758.00000000	913.66476129
1760.00000000	947.96860779
1762.00000000	937.36895914
1764.00000000	922.17774285
1766.00000000	923.45253607
1768.00000000	921.93441582
1770.00000000	897.66814225
1772.00000000	909.25259035
1774.00000000	948.50870489
1776.00000000	954.34497512
1778.00000000	932.41605151
1780.00000000	901.77269398
1782.00000000	902.24683952
1784.00000000	954.69890483
1786.00000000	957.29071040
1788.00000000	926.37973812
1790.00000000	915.77684690
1792.00000000	905.97118288
1794.00000000	892.93692974
1796.00000000	887.50452847
1798.00000000	896.46680593
1800.00000000	904.11572762
1802.00000000	894.96088045
1804.00000000	889.45332515
1806.00000000	915.07688622
1808.00000000	924.95897805
1810.00000000	913.14161658
1812.00000000	896.85208449
1814.00000000	888.34166892
1816.00000000	902.44581576
1818.00000000	929.38065398
1820.00000000	938.12124006
1822.00000000	907.20712569
1824.00000000	894.50749333
1826.00000000	907.50001916
1828.00000000	911.18722754
1830.00000000	913.59855569
1832.00000000	917.92165675
1834.00000000	910.63004025
1836.00000000	885.48552333
1838.00000000	886.46087945
1840.00000000	914.69602396
1842.00000000	929.08165551
1844.00000000	896.56592157
1846.00000000	879.19802411
1848.00000000	889.21188573
1850.00000000	894.15705620
1852.00000000	876.35555105
1854.00000000	880.18655603
1856.00000000	899.62203150
1858.00000000	900.47869549
1860.00000000	893.17917262
1862.00000000	889.30077412
1864.00000000	899.77523217
1866.00000000	919.17051398
1868.00000000	912.55139600
1870.00000000	910.04880331
1872.00000000	900.52105387
1874.00000000	855.12026508
1876.00000000	882.61852585
1878.00000000	894.35122622
1880.00000000	851.83987372
1882.00000000	868.11710955
1884.00000000	885.20482292
1886.00000000	889.47662997
1888.00000000	898.25539438
1890.00000000	905.53114935
1892.00000000	916.52420642
1894.00000000	916.72519555
1896.00000000	899.12360620
1898.00000000	890.45345027
1900.00000000	893.10217080
1902.00000000	901.67925250
1904.00000000	908.27922365
1906.00000000	901.18943707
1908.00000000	879.70398994
1910.00000000	884.33325829
1912.00000000	919.94257379
1914.00000000	879.00073013
1916.00000000	858.85226505
1918.00000000	889.01899440
1920.00000000	895.09825656
1922.00000000	904.99653088
1924.00000000	917.31519612
1926.00000000	926.13103794
1928.00000000	924.01146857
1930.00000000	874.15446331
1932.00000000	871.79948269
1934.00000000	922.39586563
1936.00000000	916.51911897
1938.00000000	920.44822996
1940.00000000	896.34196390
1942.00000000	871.49170960
1944.00000000	948.13949485
1946.00000000	948.69054636
1948.00000000	891.07980060
1950.00000000	871.34430650
1952.00000000	884.80878795
1954.00000000	872.30342281
1956.00000000	849.56132722
1958.00000000	868.09382505
1960.00000000	926.77809882
1962.00000000	920.26669432
1964.00000000	887.06685433
1966.00000000	896.49178663
1968.00000000	912.55680199
1970.00000000	899.44218158
1972.00000000	874.43940766
1974.00000000	862.67636028
1976.00000000	859.48700385
1978.00000000	882.04485673
1980.00000000	895.68779727
1982.00000000	881.30452572
1984.00000000	887.10077012
1986.00000000	906.27930990
1988.00000000	923.74930278
1990.00000000	932.39653859
1992.00000000	925.48934665
1994.00000000	885.37298523
1996.00000000	875.48962553
1998.00000000	913.72124702
2000.00000000	903.34390514
2002.00000000	898.76142772
2004.00000000	897.17517506
2006.00000000	893.27232771
2008.00000000	937.19070048
2010.00000000	941.37548944
2012.00000000	882.42018880
2014.00000000	842.96780600
2016.00000000	901.60493402
2018.00000000	906.53642771
2020.00000000	898.03210096
2022.00000000	931.47893867
2024.00000000	904.72519664
2026.00000000	855.31607414
2028.00000000	867.58587652
2030.00000000	920.70261752
2032.00000000	902.57137521
2034.00000000	895.83758760
2036.00000000	895.46300808
2038.00000000	885.14145985
2040.00000000	903.61661060
2042.00000000	916.00959597
2044.00000000	914.90495567
2046.00000000	912.85602230
2048.00000000	911.78756169
2050.00000000	900.02817964
2052.00000000	925.96845975
2054.00000000	939.36311604
2056.00000000	859.77671388
2058.00000000	868.46503430
2060.00000000	914.52307735
2062.00000000	929.07221056
2064.00000000	925.95296332
2066.00000000	881.42351471
2068.00000000	865.10812031
2070.00000000	894.50718715
2072.00000000	917.65094604
2074.00000000	918.52737799
2076.00000000	905.99413544
2078.00000000	883.77160235
2080.00000000	879.50914989
2082.00000000	940.36545045
2084.00000000	922.52362734
2086.00000000	884.17719761
2088.00000000	915.45963997
2090.00000000	900.57514206
2092.00000000	932.37512880
2094.00000000	930.41593504
2096.00000000	868.17347272
2098.00000000	915.96875566
2100.00000000	934.69030925
2102.00000000	917.58631252
2104.00000000	926.39725695
2106.00000000	943.83859191
2108.00000000	905.10012368
2110.00000000	892.06479365
2112.00000000	910.80421103
2114.00000000	886.55254560
2116.00000000	904.19722390
2118.00000000	900.71523021
2120.00000000	868.28745425
2122.00000000	869.94139168
2124.00000000	890.25835162
2126.00000000	919.35646426
2128.00000000	921.25483443
2130.00000000	903.96289842
2132.00000000	945.44412339
2134.00000000	960.69731673
2136.00000000	903.95446848
2138.00000000	849.18215505
2140.00000000	886.75998764
2142.00000000	884.74712347
2144.00000000	865.57612662
2146.00000000	889.57736344
2148.00000000	933.18388055
2150.00000000	948.37385003
2152.00000000	939.00006303
2154.00000000	930.22813501
2156.00000000	927.95950084
2158.00000000	906.87948412
2160.00000000	871.20700033
2162.00000000	874.36759320
2164.00000000	901.55672065
2166.00000000	857.59957810
2168.00000000	883.46705545
2170.00000000	908.22272791
2172.00000000	882.19272396
2174.00000000	910.60483272
2176.00000000	931.88395510
2178.00000000	918.28181103
2180.00000000	916.52054268
2182.00000000	954.73674456
2184.00000000	949.78969331
2186.00000000	923.28771447
2188.00000000	908.33506915
2190.00000000	908.71271666
2192.00000000	913.27387225
2194.00000000	907.09638441
2196.00000000	894.41506896
2198.00000000	893.12526789
2200.00000000	906.14466507
2202.00000000	898.11290503
2204.00000000	899.42544886
2206.00000000	929.93455202
2208.00000000	946.27545859
2210.00000000	889.40096120
2212.00000000	854.09391054
2214.00000000	860.53005979
2216.00000000	873.93005142
2218.00000000	895.98125404
2220.00000000	912.73118504
2222.00000000	932.80369192
2224.00000000	954.05678084
2226.00000000	959.13098397
2228.00000000	953.28857977
2230.00000000	932.33701030
2232.00000000	905.59713861
2234.00000000	900.14360443
2236.00000000	927.51788778
2238.00000000	927.41463938
2240.00000000	913.75670474
2242.00000000	909.72342240
2244.00000000	906.92921667
2246.00000000	929.01789610
2248.00000000	922.56238613
2250.00000000	929.61765323
2252.00000000	971.41142163
2254.00000000	917.63891730
2256.00000000	912.95742062
2258.00000000	917.72033137
2260.00000000	907.84135651
2262.00000000	967.64377003
2264.00000000	951.80142376
2266.00000000	910.68816248
2268.00000000	910.09475989
2270.00000000	920.25318188
2272.00000000	891.87059603
2274.00000000	887.24643203
2276.00000000	908.39327081
2278.00000000	923.85416712
2280.00000000	915.47094921
2282.00000000	864.42231752
2284.00000000	888.33297559
2286.00000000	922.89758839
2288.00000000	883.80431418
2290.00000000	913.65629784
2292.00000000	922.23838866
2294.00000000	896.08398689
2296.00000000	880.66032182
2298.00000000	895.88464471
2300.00000000	933.15408992
2302.00000000	913.58839671
2304.00000000	890.84817222
2306.00000000	928.83333047
2308.00000000	945.30581875
2310.00000000	918.69523183
2312.00000000	917.12658874
2314.00000000	932.19983991
2316.00000000	903.52128356
2318.00000000	882.61531082
2320.00000000	882.85625511
2322.00000000	918.71241237
2324.00000000	972.77231598
2326.00000000	988.94920458
2328.00000000	960.79179531
2330.00000000	915.80955466
2332.00000000	914.38724878
2334.00000000	943.24227330
2336.00000000	902.32076165
2338.00000000	910.39896176
2340.00000000	901.27967003
2342.00000000	865.92650633
2344.00000000	905.26046006
2346.00000000	948.85915308
2348.00000000	922.41233157
2350.00000000	900.86351619
2352.00000000	916.54178645
2354.00000000	879.03515824
2356.00000000	847.07493296
2358.00000000	900.97392635
2360.00000000	940.96062172
2362.00000000	890.01250239
2364.00000000	882.80307248
2366.00000000	892.48591447
2368.00000000	939.36606402
2370.00000000	959.19969924
2372.00000000	898.37416629
2374.00000000	904.30773146
2376.00000000	911.63763413
2378.00000000	895.99326102
2380.00000000	902.57461982
2382.00000000	944.30323684
2384.00000000	945.85101073
2386.00000000	885.31630445
2388.00000000	900.54278828
2390.00000000	982.10045202
2392.00000000	938.34436799
2394.00000000	913.84274790
2396.00000000	893.53218056
2398.00000000	907.08263538
2400.00000000	958.45625960
2402.00000000	932.51786200
2404.00000000	923.07499237
2406.00000000	929.55122801
2408.00000000	927.11550010
2410.00000000	920.04821437
2412.00000000	905.39294369
2414.00000000	883.27560111
2416.00000000	915.27159404
2418.00000000	957.85525046
2420.00000000	934.09323637
2422.00000000	921.89932515
2424.00000000	898.76231516
2426.00000000	908.00083339
2428.00000000	947.70729061
2430.00000000	948.22333146
2432.00000000	920.57143036
2434.00000000	911.34136022
2436.00000000	911.88410292
2438.00000000	915.60085942
2440.00000000	926.85292097
2442.00000000	909.04054486
2444.00000000	945.96926731
2446.00000000	981.68562189
2448.00000000	950.46782053
2450.00000000	921.68713123
2452.00000000	963.15129522
2454.00000000	955.15067315
2456.00000000	906.28574543
2458.00000000	899.96711866
2460.00000000	933.20338201
2462.00000000	941.74992480
2464.00000000	929.27624247
2466.00000000	928.41237382
2468.00000000	944.55813511
2470.00000000	953.37577988
2472.00000000	946.96652220
2474.00000000	920.76285487
2476.00000000	907.26787971
2478.00000000	922.93232600
2480.00000000	935.15887960
2482.00000000	924.37271908
2484.00000000	931.13486066
2486.00000000	957.47593596
2488.00000000	958.33215913
2490.00000000	924.12160285
2492.00000000	928.65646099
2494.00000000	926.10129865
2496.00000000	928.61111115
2498.00000000	933.99127846
2500.00000000	900.36412142
2502.00000000	889.95550030
2504.00000000	947.60462119
2506.00000000	940.33252564
2508.00000000	901.19556731
2510.00000000	957.51190820
2512.00000000	921.40569686
2514.00000000	928.47632071
2516.00000000	965.95394927
2518.00000000	944.30870762
2520.00000000	894.09563434
2522.00000000	911.88361249
2524.00000000	921.95745918
2526.00000000	912.20549149
2528.00000000	911.38110929
2530.00000000	938.47363280
2532.00000000	981.78529085
2534.00000000	942.25587183
2536.00000000	912.85033362
2538.00000000	953.57378657
2540.00000000	961.41297833
2542.00000000	877.48845169
2544.00000000	947.29561664
2546.00000000	965.61762107
2548.00000000	930.56294979
2550.00000000	939.20271336
2552.00000000	904.83731258
2554.00000000	910.14874007
2556.00000000	914.50483648
2558.00000000	912.04902197
2560.00000000	943.56524915
2562.00000000	981.88750839
2564.00000000	929.50496085
2566.00000000	905.59504310
2568.00000000	936.10525487
2570.00000000	956.35899423
2572.00000000	949.22619985
2574.00000000	963.16986882
2576.00000000	952.53233455
2578.00000000	930.74440788
2580.00000000	926.11286576
2582.00000000	927.31123767
2584.00000000	928.05227144
2586.00000000	987.33585623
2588.00000000	979.73719510
2590.00000000	934.01682074
2592.00000000	932.25785508
2594.00000000	950.25082387
2596.00000000	972.75344061
2598.00000000	938.51409358
2600.00000000	929.73564440
2602.00000000	963.36433749
2604.00000000	963.56088220
2606.00000000	940.57440360
2608.00000000	905.49603555
2610.00000000	929.42994878
2612.00000000	944.92427542
2614.00000000	928.00623937
2616.00000000	974.89996329
2618.00000000	955.43541479
2620.00000000	918.47296432
2622.00000000	918.20078289
2624.00000000	947.52821431
2626.00000000	963.22514931
2628.00000000	940.25563032
2630.00000000	970.44872988
2632.00000000	1015.86243083
2634.00000000	1003.38648050
2636.00000000	967.25187237
2638.00000000	976.97846166
2640.00000000	951.96946943
2642.00000000	992.68991465
2644.00000000	1033.29493575
2646.00000000	989.93597874
2648.00000000	921.45927881
2650.00000000	903.44872645
2652.00000000	940.28967812
2654.00000000	945.07451666
2656.00000000	928.43283135
2658.00000000	939.17339882
2660.00000000	950.49038600
2662.00000000	957.36695496
2664.00000000	994.67713891
2666.00000000	974.22671203
2668.00000000	935.67376228
2670.00000000	977.69241584
2672.00000000	995.45705089
2674.00000000	950.41033597
2676.00000000	976.04325215
2678.00000000	976.62260274
2680.00000000	935.14245572
2682.00000000	981.45215817
2684.00000000	976.00220448
2686.00000000	980.95274414
2688.00000000	1001.44740869
2690.00000000	987.25082750
2692.00000000	965.15931275
2694.00000000	995.71317409
2696.00000000	993.47418120
2698.00000000	995.34114000
2700.00000000	971.66526591
2702.00000000	974.08843688
2704.00000000	1010.63214188
2706.00000000	950.54021518
2708.00000000	971.79756239
2710.00000000	984.83869513
2712.00000000	1029.63205768
2714.00000000	1064.44759875
2716.00000000	1006.86970065
2718.00000000	1033.15222225
2720.00000000	1048.01774207
2722.00000000	1021.45480548
2724.00000000	1014.49437548
2726.00000000	1042.31739433
2728.00000000	1041.23880023
2730.00000000	1006.87308723
2732.00000000	1063.90437675
2734.00000000	1073.96710891
2736.00000000	1024.37257324
2738.00000000	1026.63659128
2740.00000000	1069.63675936
2742.00000000	1059.43627666
2744.00000000	1008.02228753
2746.00000000	1003.52958164
2748.00000000	1005.98448107
2750.00000000	978.32734363
2752.00000000	997.73037422
2754.00000000	1041.27115886
2756.00000000	1018.36693979
2758.00000000	1010.20313032
2760.00000000	1052.38382118
2762.00000000	1070.88351535
2764.00000000	1038.39041777
2766.00000000	1027.34769638
2768.00000000	1023.32812896
2770.00000000	972.48611468
2772.00000000	951.85645575
2774.00000000	1013.40150228
2776.00000000	1038.79354126
2778.00000000	977.44595337
2780.00000000	1000.92798279
2782.00000000	1015.25247552
2784.00000000	979.50170362
2786.00000000	985.78872210
2788.00000000	1034.37308480
2790.00000000	1030.01194539
2792.00000000	1037.94689033
2794.00000000	1015.35197661
2796.00000000	995.44822804
2798.00000000	1005.69104054
2800.00000000	1001.15974184
2802.00000000	1016.51270246
2804.00000000	1015.88785394
2806.00000000	1009.81089727
2808.00000000	1015.51780649
2810.00000000	1024.85341342
2812.00000000	1018.92811236
2814.00000000	1011.01487432
2816.00000000	1059.10892896
2818.00000000	1052.84877864
2820.00000000	1055.35362257
2822.00000000	1064.78896186
2824.00000000	1026.37744368
2826.00000000	1041.77419146
2828.00000000	1046.00681126
2830.00000000	1070.86038003
2832.00000000	1069.18147896
2834.00000000	1066.57988676
2836.00000000	1125.36219532
2838.00000000	1184.63948619
2840.00000000	1177.26821223
2842.00000000	1168.70128928
2844.00000000	1223.60762824
2846.00000000	1272.55024433
2848.00000000	1299.83430312
2850.00000000	1363.89203725
2852.00000000	1405.71606274
2854.00000000	1480.94978931
2856.00000000	1552.62766015
2858.00000000	1625.42054437
2860.00000000	1688.35201360
2862.00000000	1711.36714380
2864.00000000	1750.82803022
2866.00000000	1867.27491885
2868.00000000	1950.70589074
2870.00000000	2001.28361272
2872.00000000	2067.44641882
2874.00000000	2181.09423957
2876.00000000	2300.53463659
2878.00000000	2291.03327793
2880.00000000	2226.33273565
2882.00000000	2235.37135214
2884.00000000	2293.77539782
2886.00000000	2251.42573919
2888.00000000	2185.29998513
2890.00000000	2280.48501228
2892.00000000	2221.00629922
2894.00000000	2289.95265290
2896.00000000	2375.33300151
2898.00000000	2403.55761474
2900.00000000	2439.39952590
2902.00000000	2469.62657426
2904.00000000	2518.49835453
2906.00000000	2606.49669300
2908.00000000	2637.40942461
2910.00000000	2739.81574150
2912.00000000	2830.89401769
2914.00000000	2834.19879484
2916.00000000	2878.74942057
2918.00000000	2884.18353990
2920.00000000	3217.37201948
2922.00000000	3327.54059173
2924.00000000	3318.58467613
2926.00000000	3353.81210347
2928.00000000	3346.40409328
2930.00000000	3460.22957077
2932.00000000	3515.19643173
2934.00000000	3540.98891765
2936.00000000	3571.05191556
2938.00000000	3610.28463193
2940.00000000	3537.72652526
2942.00000000	3306.12956551
2944.00000000	3158.29447168
2946.00000000	3166.91436298
2948.00000000	3014.90607373
2950.00000000	2911.08223932
2952.00000000	2984.20770544
2954.00000000	2954.65444060
2956.00000000	2732.76417961
2958.00000000	2663.92538332
2960.00000000	2682.38247237
2962.00000000	2603.06697842
2964.00000000	2619.04879608
2966.00000000	2686.43624845
2968.00000000	2582.74478543
2970.00000000	2413.97877308
2972.00000000	2415.16264317
2974.00000000	2371.27280060
2976.00000000	2362.52962358
2978.00000000	2353.45941203
2980.00000000	2262.86665811
2982.00000000	2158.97049051
2984.00000000	2143.03201315
2986.00000000	2126.90940388
2988.00000000	1984.55612735
2990.00000000	1937.05037997
2992.00000000	1938.06559676
2994.00000000	1848.93272690
2996.00000000	1717.52102427
2998.00000000	1639.06794016
3000.00000000	1597.66196586
3002.00000000	1611.19578145
3004.00000000	1591.01740004
3006.00000000	1464.76645145
3008.00000000	1414.64250151
3010.00000000	1437.19726570
3012.00000000	1403.89338894
3014.00000000	1372.19708958
3016.00000000	1356.75431067
3018.00000000	1358.36199231
3020.00000000	1314.77900996
3022.00000000	1207.58315610
3024.00000000	1236.60566743
3026.00000000	1315.32407979
3028.00000000	1202.65872370
3030.00000000	1137.94228514
3032.00000000	1151.07003224
3034.00000000	1183.13383722
3036.00000000	1206.52368461
3038.00000000	1189.29481788
3040.00000000	1182.10901738
3042.00000000	1227.87623865
3044.00000000	1255.37553373
3046.00000000	1243.56483034
3048.00000000	1181.08301376
3050.00000000	1153.19415398
3052.00000000	1153.63320774
3054.00000000	1164.93600041
3056.00000000	1183.21107729
3058.00000000	1187.99691689
3060.00000000	1216.19679537
3062.00000000	1307.63931889
3064.00000000	1266.28666427
3066.00000000	1252.06380901
3068.00000000	1228.04899470
3070.00000000	1205.29637943
3072.00000000	1220.54294121
3074.00000000	1170.23318363
3076.00000000	1140.76253457
3078.00000000	1105.49489869
3080.00000000	1084.69806732
3082.00000000	1074.35333428
3084.00000000	1101.91018796
3086.00000000	1105.15623982
3088.00000000	1060.86009852
3090.00000000	1061.29844952
3092.00000000	1054.48405539
3094.00000000	1101.42927080
3096.00000000	1047.26327462
3098.00000000	991.92150662
3100.00000000	1015.85027663
3102.00000000	1045.80318649
3104.00000000	1026.05948223
3106.00000000	995.11707746
3108.00000000	1016.65315767
3110.00000000	1062.06352222
3112.00000000	1052.59738276
3114.00000000	1005.04782835
3116.00000000	1033.61629490
3118.00000000	1053.59040517
3120.00000000	1021.87367356
3122.00000000	1069.49915547
3124.00000000	1037.91464026
3126.00000000	1036.64083041
3128.00000000	1002.23142261
3130.00000000	1009.64381581
3132.00000000	1002.37248468
3134.00000000	1007.84015154
3136.00000000	1023.97136111
3138.00000000	952.20340765
3140.00000000	983.37069386
3142.00000000	997.11842452
3144.00000000	974.79884457
3146.00000000	1063.87019865
3148.00000000	1039.59437169
3150.00000000	1000.41877043
3152.00000000	1078.35884495
3154.00000000	1041.64608604
3156.00000000	959.00247862
3158.00000000	956.40587403
3160.00000000	994.77293602
3162.00000000	1001.70531560
3164.00000000	1010.61538469
3166.00000000	1002.80335510
3168.00000000	998.39014153
3170.00000000	1001.54051598
3172.00000000	967.08706110
3174.00000000	1013.43445207
3176.00000000	1025.43390854
3178.00000000	1031.49394308
3180.00000000	977.22543006
3182.00000000	961.77880735
3184.00000000	965.74125983
3186.00000000	970.88949675
3188.00000000	1033.51633327
3190.00000000	1035.52083454
3192.00000000	1003.10513957
3194.00000000	964.35328406
3196.00000000	955.70244414
3198.00000000	971.89020903
3200.00000000	985.26221250
3202.00000000	999.03145630
3204.00000000	1016.56693215
3206.00000000	1036.46157883
3208.00000000	1054.71431859
3210.00000000	1001.10045569
3212.00000000	975.57309481
3214.00000000	1044.10982111
3216.00000000	1074.80750541
3218.00000000	1012.29636822
3220.00000000	1003.10150976
3222.00000000	1016.62831489
3224.00000000	941.85231829
3226.00000000	962.72361576
3228.00000000	1017.17909681
3230.00000000	1029.00000527
3232.00000000	974.81921674
3234.00000000	1019.21141710
3236.00000000	1013.91263710
3238.00000000	992.18845313
3240.00000000	1030.21830727
3242.00000000	988.53384374
3244.00000000	954.74728079
3246.00000000	962.71985670
3248.00000000	979.59642884
3250.00000000	998.04829159
3252.00000000	1047.51206832
3254.00000000	1064.04549986
3256.00000000	1019.40318796
3258.00000000	1009.09699195
3260.00000000	1030.27037735
3262.00000000	1009.12619483
3264.00000000	1045.83558130
3266.00000000	1057.25288997
3268.00000000	1046.89797694
3270.00000000	1053.78105653
3272.00000000	1060.59666755
3274.00000000	1021.12766244
3276.00000000	1066.97044504
3278.00000000	1145.34625119
3280.00000000	1111.25490329
3282.00000000	1113.41339298
3284.00000000	1061.95979915
3286.00000000	1094.38041579
3288.00000000	1111.45345065
3290.00000000	1110.55577331
3292.00000000	1084.83958800
3294.00000000	1123.74770490
3296.00000000	1137.64458431
3298.00000000	1100.55957846
3300.00000000	1124.26921201
3302.00000000	1089.86605811
3304.00000000	1115.17939179
3306.00000000	1135.98271403
3308.00000000	1134.82509592
3310.00000000	1078.56120151
3312.00000000	1123.01871354
3314.00000000	1140.49056971
3316.00000000	1119.80295762
3318.00000000	1151.01112836
3320.00000000	1141.19146955
3322.00000000	1129.89792057
3324.00000000	1133.98650146
3326.00000000	1148.91303396
3328.00000000	1118.33427742
3330.00000000	1106.09183023
3332.00000000	1151.64720360
3334.00000000	1167.19532082
3336.00000000	1136.15138514
3338.00000000	1115.60818912
3340.00000000	1111.20898904
3342.00000000	1084.35167214
3344.00000000	1049.25431013
3346.00000000	1095.99821661
3348.00000000	1038.95598561
3350.00000000	1121.85216799
3352.00000000	1109.56462120
3354.00000000	1081.84119615
3356.00000000	1098.44058858
3358.00000000	1065.69600332
3360.00000000	1036.01654314
3362.00000000	1066.59863409
3364.00000000	1095.25978416
3366.00000000	1087.81465238
3368.00000000	1032.87543819
3370.00000000	1061.10000961
3372.00000000	1067.50708771
3374.00000000	1069.74740387
3376.00000000	1088.57256324
3378.00000000	1087.64653761
3380.00000000	1051.14338977
3382.00000000	1021.74458967
3384.00000000	1015.48414682
3386.00000000	1021.14760021
3388.00000000	1034.16811662
3390.00000000	949.79100846
3392.00000000	1006.29429485
3394.00000000	1039.74164967
3396.00000000	1022.57334058
3398.00000000	1014.20469946
3400.00000000	982.83606034
3402.00000000	983.55970296
3404.00000000	1005.52563553
3406.00000000	988.48938790
3408.00000000	997.39002159
3410.00000000	1016.56891961
3412.00000000	1011.98981760
3414.00000000	984.70673986
3416.00000000	895.05162595
3418.00000000	918.37873825
3420.00000000	941.63880552
3422.00000000	972.77426584
3424.00000000	974.29111098
3426.00000000	932.29469798
3428.00000000	939.52662873
3430.00000000	955.75140440
3432.00000000	938.96689231
3434.00000000	962.89048702
3436.00000000	935.98949321
3438.00000000	946.56036427
3440.00000000	912.11787663
3442.00000000	943.28225649
3444.00000000	942.11505648
3446.00000000	935.70982543
3448.00000000	879.57614773
3450.00000000	882.63004071
3452.00000000	928.15481444
3454.00000000	891.15806288
3456.00000000	853.23197874
3458.00000000	854.53537487
3460.00000000	904.49294630
3462.00000000	879.76668962
3464.00000000	895.22536139
3466.00000000	902.58510635
3468.00000000	875.08748446
3470.00000000	869.65779108
3472.00000000	897.78421659
3474.00000000	879.69785029
3476.00000000	904.75741197
3478.00000000	941.89908460
3480.00000000	883.48313010
3482.00000000	852.11403836
3484.00000000	872.64122752
3486.00000000	885.34421931
3488.00000000	883.07815642
3490.00000000	821.18779967
3492.00000000	875.60399496
3494.00000000	872.63396440
3496.00000000	867.83191071
3498.00000000	883.28227696
3500.00000000	884.39545858
3502.00000000	871.92070665
3504.00000000	848.41257036
3506.00000000	868.92034581
3508.00000000	900.29239465
3510.00000000	824.61539846
3512.00000000	774.94603096
3514.00000000	821.83996043
3516.00000000	784.99548955
3518.00000000	877.71617143
3520.00000000	857.49838834
3522.00000000	887.83095693
3524.00000000	864.40621249
3526.00000000	813.93250178
3528.00000000	809.46021413
3530.00000000	833.91935835
3532.00000000	853.92651444
3534.00000000	856.35550182
3536.00000000	846.50478672
3538.00000000	842.59002984
3540.00000000	862.83201523
3542.00000000	877.81666751
3544.00000000	848.24296082
3546.00000000	814.81706746
3548.00000000	820.47512582
3550.00000000	802.92793499
3552.00000000	837.85372867
3554.00000000	833.10403058
3556.00000000	838.21197065
3558.00000000	818.03719614
3560.00000000	786.78491268
3562.00000000	793.27010326
3564.00000000	807.76075684
3566.00000000	854.58595011
3568.00000000	891.18364401
3570.00000000	831.39585165
3572.00000000	802.30354065
3574.00000000	840.13500918
3576.00000000	861.96096621
3578.00000000	785.94556748
3580.00000000	818.26449508
3582.00000000	791.45219004
3584.00000000	790.91524641
3586.00000000	820.17959295
3588.00000000	819.50953665
3590.00000000	794.51934950
3592.00000000	819.77909066
3594.00000000	818.99205770
3596.00000000	796.88467801
3598.00000000	829.67468983
3600.00000000	822.54229766
3602.00000000	784.63670698
3604.00000000	788.78753677
3606.00000000	807.24002922
3608.00000000	872.04183745
3610.00000000	847.71848431
3612.00000000	900.97047864
3614.00000000	790.52975882
3616.00000000	792.25718858
3618.00000000	795.94795388
3620.00000000	786.54807078
3622.00000000	790.77405246
3624.00000000	807.42646909
3626.00000000	806.26764849
3628.00000000	790.40105983
3630.00000000	791.97914058
3632.00000000	828.49602878
3634.00000000	812.03460342
3636.00000000	776.13147785
3638.00000000	823.23955846
3640.00000000	784.66575070
3642.00000000	755.16570594
3644.00000000	809.78028851
3646.00000000	806.89072179
3648.00000000	759.83829681
3650.00000000	762.05439401
3652.00000000	779.55556026
3654.00000000	808.26165335
3656.00000000	834.49109220
3658.00000000	841.02756516
3660.00000000	838.91247371
3662.00000000	790.60516617
3664.00000000	771.97348171
3666.00000000	798.53467600
3668.00000000	814.98517327
3670.00000000	824.01896297
3672.00000000	825.64948998
3674.00000000	797.67372302
3676.00000000	774.44599956
3678.00000000	803.55317695
3680.00000000	815.57356163
3682.00000000	789.63914798
3684.00000000	786.42951696
3686.00000000	762.50014584
3688.00000000	784.99568231
3690.00000000	765.35489817
3692.00000000	784.69899313
3694.00000000	814.32620719
3696.00000000	799.24744763
3698.00000000	779.79014623
3700.00000000	777.04922284
3702.00000000	788.15879894
3704.00000000	797.16533294
3706.00000000	775.87685653
3708.00000000	791.93897147
3710.00000000	839.21018185
3712.00000000	834.12049913
3714.00000000	807.54100725
3716.00000000	768.91157445
3718.00000000	798.32519067
3720.00000000	830.36819374
3722.00000000	766.40538034
3724.00000000	813.24057961
3726.00000000	812.26235650
3728.00000000	848.66199712
3730.00000000	819.25547105
3732.00000000	770.31837935
3734.00000000	782.69492961
3736.00000000	757.86791062
3738.00000000	770.49656540
3740.00000000	803.02101100
3742.00000000	746.57303911
3744.00000000	804.95180434
3746.00000000	756.24741411
3748.00000000	820.21542409
3750.00000000	783.89986017
3752.00000000	815.90584322
3754.00000000	809.92086575
3756.00000000	763.97957607
3758.00000000	756.03718368
3760.00000000	763.09845873
3762.00000000	810.70823648
3764.00000000	798.80869308
3766.00000000	768.86528044
3768.00000000	773.52330219
3770.00000000	774.99392973
3772.00000000	818.00114345
3774.00000000	817.02388144
3776.00000000	787.89498517
3778.00000000	800.59005569
3780.00000000	785.43337615
3782.00000000	769.71124526
3784.00000000	814.38171780
3786.00000000	767.64505177
3788.00000000	773.92237972
3790.00000000	785.66699528
3792.00000000	760.22817847
3794.00000000	817.46689342
3796.00000000	769.03132965
3798.00000000	793.30508018
3800.00000000	790.66463473
