400.00000000	937.32597915
402.00000000	924.68472567
404.00000000	911.96223441
406.00000000	918.52996628
408.00000000	948.02105467
410.00000000	960.44798257
412.00000000	942.12085190
414.00000000	915.20412363
416.00000000	912.18570821
418.00000000	936.49741272
420.00000000	934.11223371
422.00000000	918.55613058
424.00000000	935.86188551
426.00000000	949.77418856
428.00000000	935.32246851
430.00000000	912.29642177
432.00000000	911.53949570
434.00000000	940.72150543
436.00000000	939.08355499
438.00000000	907.70137183
440.00000000	903.85825287
442.00000000	913.29323779
444.00000000	915.93984949
446.00000000	923.49389693
448.00000000	920.40602378
450.00000000	889.53496978
452.00000000	876.42338688
454.00000000	890.60029804
456.00000000	888.19676087
458.00000000	871.55174601
460.00000000	862.84899338
462.00000000	878.37403791
464.00000000	900.57915409
466.00000000	897.12348798
468.00000000	888.05532629
470.00000000	883.30881054
472.00000000	861.93303333
474.00000000	852.20717339
476.00000000	879.78602659
478.00000000	889.96420079
480.00000000	868.88160188
482.00000000	853.02914489
484.00000000	867.14869116
486.00000000	905.82996691
488.00000000	923.96608287
490.00000000	922.52811712
492.00000000	926.63123249
494.00000000	938.75088316
496.00000000	945.40894263
498.00000000	928.54575972
500.00000000	918.40467761
502.00000000	936.88711651
504.00000000	954.52071579
506.00000000	955.59685397
508.00000000	937.84683058
510.00000000	899.14136446
512.00000000	867.14625859
514.00000000	891.10564416
516.00000000	922.71692350
518.00000000	914.48723378
520.00000000	906.34391436
522.00000000	910.05859969
524.00000000	912.02744133
526.00000000	913.41753912
528.00000000	924.71655554
530.00000000	958.04994940
532.00000000	986.30778152
534.00000000	982.70615141
536.00000000	960.09158180
538.00000000	944.06218369
540.00000000	952.12886407
542.00000000	948.53971322
544.00000000	931.07102161
546.00000000	946.42976701
548.00000000	961.96901923
550.00000000	945.23231739
552.00000000	941.49926315
554.00000000	958.74577071
556.00000000	969.75256470
558.00000000	951.19603462
560.00000000	918.89235434
562.00000000	925.79273764
564.00000000	953.84509252
566.00000000	968.53516923
568.00000000	967.08959960
570.00000000	956.19637672
572.00000000	945.69590815
574.00000000	942.55106842
576.00000000	949.24602386
578.00000000	961.63190182
580.00000000	961.78073013
582.00000000	943.50242851
584.00000000	931.49911267
586.00000000	932.82860098
588.00000000	941.27690493
590.00000000	952.19376564
592.00000000	956.99456027
594.00000000	945.86280859
596.00000000	927.15504839
598.00000000	917.30856520
600.00000000	932.33917091
602.00000000	955.34132098
604.00000000	960.77556941
606.00000000	951.33342017
608.00000000	937.58128559
610.00000000	926.61689522
612.00000000	897.81176474
614.00000000	870.64133949
616.00000000	915.37812284
618.00000000	963.08616660
620.00000000	944.70150671
622.00000000	940.33907991
624.00000000	959.10030905
626.00000000	960.55788866
628.00000000	974.83997814
630.00000000	989.91607820
632.00000000	945.64473239
634.00000000	905.78342384
636.00000000	922.80450764
638.00000000	945.21695537
640.00000000	952.40783169
642.00000000	953.87181115
644.00000000	971.23438337
646.00000000	985.46193765
648.00000000	958.98941577
650.00000000	947.14994126
652.00000000	967.20196438
654.00000000	958.02204254
656.00000000	944.02698984
658.00000000	958.62984542
660.00000000	969.37722960
662.00000000	976.34922897
664.00000000	996.46884972
666.00000000	1010.10667345
668.00000000	1021.29289513
670.00000000	1052.81256752
672.00000000	1058.68996607
674.00000000	1029.41425903
676.00000000	1033.01660182
678.00000000	1033.69872240
680.00000000	992.92554638
682.00000000	984.89107004
684.00000000	996.87285391
686.00000000	974.25424734
688.00000000	977.90955589
690.00000000	1013.46609073
692.00000000	1014.86365835
694.00000000	996.99271814
696.00000000	993.85891250
698.00000000	1019.08740634
700.00000000	1038.43385705
702.00000000	1027.63598228
704.00000000	1033.71877525
706.00000000	1047.74052502
708.00000000	1031.57992013
710.00000000	1010.87436820
712.00000000	1011.88678951
714.00000000	1038.19217709
716.00000000	1048.04302061
718.00000000	1027.69325524
720.00000000	1023.02836983
722.00000000	1061.49663238
724.00000000	1127.45222386
726.00000000	1144.76591640
728.00000000	1119.27839623
730.00000000	1100.08858074
732.00000000	1086.10950654
734.00000000	1068.96718327
736.00000000	1051.59102792
738.00000000	1075.31549791
740.00000000	1125.49593124
742.00000000	1122.14983872
744.00000000	1116.97008367
746.00000000	1162.54427752
748.00000000	1216.73013786
750.00000000	1249.54484811
752.00000000	1248.22972537
754.00000000	1213.46806818
756.00000000	1168.83222666
758.00000000	1141.45977947
760.00000000	1115.49421038
762.00000000	1103.43888780
764.00000000	1139.34934798
766.00000000	1166.75497108
768.00000000	1150.75239179
770.00000000	1126.96277621
772.00000000	1125.26901452
774.00000000	1143.14827469
776.00000000	1131.99893297
778.00000000	1108.99177644
780.00000000	1117.41677470
782.00000000	1156.81442486
784.00000000	1194.27915778
786.00000000	1194.94192016
788.00000000	1187.29432438
790.00000000	1178.55318959
792.00000000	1147.12059607
794.00000000	1112.25139964
796.00000000	1103.56847373
798.00000000	1135.10506665
800.00000000	1141.34672412
802.00000000	1095.52908163
804.00000000	1090.40431884
806.00000000	1138.36089095
808.00000000	1186.68975136
810.00000000	1160.14627948
812.00000000	1117.89671741
814.00000000	1155.99439748
816.00000000	1181.22324680
818.00000000	1161.88499752
820.00000000	1149.57390229
822.00000000	1162.33743444
824.00000000	1180.19421773
826.00000000	1169.65711951
828.00000000	1204.25817697
830.00000000	1284.73731226
832.00000000	1273.87024572
834.00000000	1223.15361230
836.00000000	1210.93797834
838.00000000	1199.62102691
840.00000000	1178.32612147
842.00000000	1163.59818999
844.00000000	1179.75329011
846.00000000	1203.44135715
848.00000000	1203.56035813
850.00000000	1228.77282709
852.00000000	1264.47672799
854.00000000	1257.58590961
856.00000000	1275.55868206
858.00000000	1309.14362331
860.00000000	1265.69889580
862.00000000	1220.60344893
864.00000000	1217.64590419
866.00000000	1198.73841630
868.00000000	1192.62296514
870.00000000	1224.36179903
872.00000000	1253.43050369
874.00000000	1252.53438060
876.00000000	1227.43020402
878.00000000	1225.92693788
880.00000000	1241.49978528
882.00000000	1237.94299772
884.00000000	1198.32970153
886.00000000	1177.78776746
888.00000000	1227.56181626
890.00000000	1244.37030507
892.00000000	1218.42760906
894.00000000	1218.38659243
896.00000000	1216.53035903
898.00000000	1214.90828243
900.00000000	1247.53696169
902.00000000	1254.25099632
904.00000000	1237.36318684
906.00000000	1278.14354161
908.00000000	1306.84138455
910.00000000	1281.60260604
912.00000000	1264.96103430
914.00000000	1259.53519453
916.00000000	1265.02095375
918.00000000	1308.50359385
920.00000000	1316.59627700
922.00000000	1255.58797691
924.00000000	1246.12167219
926.00000000	1264.22400576
928.00000000	1254.28684441
930.00000000	1281.21662172
932.00000000	1307.07313970
934.00000000	1276.29798502
936.00000000	1277.02393426
938.00000000	1295.23483572
940.00000000	1270.84580396
942.00000000	1275.39452684
944.00000000	1311.47869175
946.00000000	1321.23762038
948.00000000	1307.88786524
950.00000000	1294.08921471
952.00000000	1296.33580605
954.00000000	1287.37370266
956.00000000	1277.87939398
958.00000000	1306.79288393
960.00000000	1312.13067101
962.00000000	1287.87614432
964.00000000	1302.64010488
966.00000000	1299.76676747
968.00000000	1256.23924871
970.00000000	1240.79422085
972.00000000	1286.93003463
974.00000000	1343.53164396
976.00000000	1296.01994793
978.00000000	1260.21031944
980.00000000	1311.73035871
982.00000000	1333.25245410
984.00000000	1332.75777735
986.00000000	1337.43304082
988.00000000	1310.54174794
990.00000000	1297.47562987
992.00000000	1336.89300773
994.00000000	1377.50498035
996.00000000	1382.41286465
998.00000000	1373.77323065
1000.00000000	1447.28451239
1002.00000000	1511.49640480
1004.00000000	1465.14928255
1006.00000000	1415.21538702
1008.00000000	1386.62324812
1010.00000000	1358.08790669
1012.00000000	1350.46545280
1014.00000000	1351.65315130
1016.00000000	1334.68654859
1018.00000000	1300.60833634
1020.00000000	1292.08593749
1022.00000000	1333.31229979
1024.00000000	1341.85015857
1026.00000000	1316.01345534
1028.00000000	1311.97777830
1030.00000000	1350.00647192
1032.00000000	1379.73780120
1034.00000000	1349.44554148
1036.00000000	1332.73662004
1038.00000000	1329.16216182
1040.00000000	1297.88291560
1042.00000000	1292.56263028
1044.00000000	1311.79517779
1046.00000000	1311.87137814
1048.00000000	1296.83714484
1050.00000000	1304.87863909
1052.00000000	1357.58271403
1054.00000000	1368.17888264
1056.00000000	1334.52064097
1058.00000000	1320.76590407
1060.00000000	1326.08735010
1062.00000000	1353.61005227
1064.00000000	1399.46040158
1066.00000000	1396.24650887
1068.00000000	1365.70062297
1070.00000000	1378.04397784
1072.00000000	1387.25208745
1074.00000000	1381.98410654
1076.00000000	1390.71253139
1078.00000000	1411.04194399
1080.00000000	1427.79059667
1082.00000000	1427.96476079
1084.00000000	1421.82325636
1086.00000000	1416.61861211
1088.00000000	1417.41190263
1090.00000000	1440.43450036
1092.00000000	1472.25879965
1094.00000000	1471.61680311
1096.00000000	1399.92777226
1098.00000000	1355.04784823
1100.00000000	1441.13513135
1102.00000000	1471.62145304
1104.00000000	1422.86194854
1106.00000000	1401.39356848
1108.00000000	1404.57137203
1110.00000000	1426.82932158
1112.00000000	1453.26419908
1114.00000000	1416.33433309
1116.00000000	1373.88367483
1118.00000000	1412.54738260
1120.00000000	1445.70292392
1122.00000000	1447.44804249
1124.00000000	1452.24027426
1126.00000000	1487.82764468
1128.00000000	1533.00524415
1130.00000000	1546.42635414
1132.00000000	1515.07049752
1134.00000000	1454.50339331
1136.00000000	1398.59844699
1138.00000000	1381.69547725
1140.00000000	1369.95004658
1142.00000000	1332.70544076
1144.00000000	1319.20013911
1146.00000000	1309.36084818
1148.00000000	1280.65782765
1150.00000000	1280.37961975
1152.00000000	1298.37445703
1154.00000000	1313.51355341
1156.00000000	1340.18293114
1158.00000000	1373.38598280
1160.00000000	1385.90309102
1162.00000000	1348.46402460
1164.00000000	1343.45385217
1166.00000000	1388.69408102
1168.00000000	1366.18350055
1170.00000000	1332.92531002
1172.00000000	1349.44703844
1174.00000000	1382.83975359
1176.00000000	1384.25994294
1178.00000000	1356.82677043
1180.00000000	1355.22810762
1182.00000000	1359.44391093
1184.00000000	1353.67869248
1186.00000000	1345.70868774
1188.00000000	1315.86643007
1190.00000000	1281.05423401
1192.00000000	1285.90406956
1194.00000000	1316.24880175
1196.00000000	1346.02492007
1198.00000000	1360.21223729
1200.00000000	1370.97584838
1202.00000000	1359.75975462
1204.00000000	1324.28985961
1206.00000000	1370.28362279
1208.00000000	1417.53190934
1210.00000000	1364.98470535
1212.00000000	1380.39280943
1214.00000000	1449.69994447
1216.00000000	1481.14920847
1218.00000000	1494.47301342
1220.00000000	1483.34522826
1222.00000000	1468.58934605
1224.00000000	1530.71122123
1226.00000000	1564.52133343
1228.00000000	1517.88665158
1230.00000000	1523.00607926
1232.00000000	1543.76683672
1234.00000000	1527.75116440
1236.00000000	1498.05564779
1238.00000000	1502.79036193
1240.00000000	1536.52793826
1242.00000000	1544.08295182
1244.00000000	1541.32943531
1246.00000000	1532.64899322
1248.00000000	1510.83423715
1250.00000000	1524.63029280
1252.00000000	1546.21455527
1254.00000000	1516.71083923
1256.00000000	1488.80988640
1258.00000000	1497.56110748
1260.00000000	1530.15271611
1262.00000000	1528.64119996
1264.00000000	1496.12899943
1266.00000000	1469.36989423
1268.00000000	1471.74227918
1270.00000000	1485.86965927
1272.00000000	1486.25959511
1274.00000000	1468.64144654
1276.00000000	1461.83142793
1278.00000000	1474.30306421
1280.00000000	1478.12095594
1282.00000000	1466.96947108
1284.00000000	1444.76961389
1286.00000000	1426.59848541
1288.00000000	1453.55964602
1290.00000000	1505.58783224
1292.00000000	1527.33376592
1294.00000000	1528.22223998
1296.00000000	1524.28107164
1298.00000000	1533.63870778
1300.00000000	1581.23331878
1302.00000000	1627.02563099
1304.00000000	1639.07877390
1306.00000000	1661.03416172
1308.00000000	1695.94252282
1310.00000000	1721.86288594
1312.00000000	1715.85598259
1314.00000000	1678.58539709
1316.00000000	1632.77011654
1318.00000000	1607.69852054
1320.00000000	1594.40861954
1322.00000000	1590.70198093
1324.00000000	1602.99031680
1326.00000000	1617.40799728
1328.00000000	1623.97141136
1330.00000000	1629.17618380
1332.00000000	1658.72156441
1334.00000000	1680.74388640
1336.00000000	1672.00306556
1338.00000000	1676.37261655
1340.00000000	1678.12280435
1342.00000000	1654.05207617
1344.00000000	1610.37143185
1346.00000000	1556.92322259
1348.00000000	1546.83385543
1350.00000000	1619.18313098
1352.00000000	1605.35857711
1354.00000000	1525.14937056
1356.00000000	1514.04242438
1358.00000000	1502.36971754
1360.00000000	1506.78220396
1362.00000000	1554.38353204
1364.00000000	1555.06823944
1366.00000000	1529.61784254
1368.00000000	1530.08870239
1370.00000000	1555.74152215
1372.00000000	1544.18440497
1374.00000000	1481.56843323
1376.00000000	1426.49636906
1378.00000000	1418.09843108
1380.00000000	1453.13898552
1382.00000000	1491.66942356
1384.00000000	1484.69070642
1386.00000000	1458.38628673
1388.00000000	1450.92001570
1390.00000000	1433.62759446
1392.00000000	1412.47652961
1394.00000000	1411.22394855
1396.00000000	1439.16603953
1398.00000000	1447.27947520
1400.00000000	1446.09431463
1402.00000000	1480.70519856
1404.00000000	1436.27502230
1406.00000000	1379.11725086
1408.00000000	1427.18768892
1410.00000000	1425.05050338
1412.00000000	1384.63956342
1414.00000000	1375.83731307
1416.00000000	1372.33072109
1418.00000000	1403.65245887
1420.00000000	1444.30593059
1422.00000000	1400.99644164
1424.00000000	1327.22745950
1426.00000000	1319.67473728
1428.00000000	1405.36644540
1430.00000000	1423.87629919
1432.00000000	1416.76276886
1434.00000000	1465.00850254
1436.00000000	1454.56788646
1438.00000000	1461.56869297
1440.00000000	1508.24184612
1442.00000000	1469.72604062
1444.00000000	1498.55084468
1446.00000000	1598.04574454
1448.00000000	1609.03961209
1450.00000000	1585.38871905
1452.00000000	1577.91738693
1454.00000000	1586.23427718
1456.00000000	1574.37551065
1458.00000000	1540.99088480
1460.00000000	1518.30306007
1462.00000000	1543.58646237
1464.00000000	1571.62929276
1466.00000000	1538.78042054
1468.00000000	1440.51104180
1470.00000000	1419.15610391
1472.00000000	1424.94693629
1474.00000000	1377.19884331
1476.00000000	1412.02642272
1478.00000000	1444.75984828
1480.00000000	1408.35019588
1482.00000000	1394.11952750
1484.00000000	1383.17712466
1486.00000000	1363.98608477
1488.00000000	1354.37971586
1490.00000000	1339.73785684
1492.00000000	1326.49879286
1494.00000000	1309.48594176
1496.00000000	1246.80342923
1498.00000000	1215.67330958
1500.00000000	1226.19498876
1502.00000000	1182.54678904
1504.00000000	1162.60478109
1506.00000000	1200.88842206
1508.00000000	1242.56419111
1510.00000000	1213.76329175
1512.00000000	1174.82202058
1514.00000000	1185.11466759
1516.00000000	1187.45248300
1518.00000000	1173.33454596
1520.00000000	1170.25492270
1522.00000000	1197.17768808
1524.00000000	1197.30791431
1526.00000000	1196.09426535
1528.00000000	1232.93313033
1530.00000000	1242.26647506
1532.00000000	1222.63748154
1534.00000000	1196.56212077
1536.00000000	1176.72197467
1538.00000000	1190.95170929
1540.00000000	1213.54591707
1542.00000000	1209.57715266
1544.00000000	1237.24966921
1546.00000000	1267.90364724
1548.00000000	1269.07419668
1550.00000000	1279.55132775
1552.00000000	1282.81080357
1554.00000000	1287.83890290
1556.00000000	1319.13500479
1558.00000000	1314.36690093
1560.00000000	1298.06917596
1562.00000000	1307.50383567
1564.00000000	1296.31417787
1566.00000000	1310.96162901
1568.00000000	1356.49249198
1570.00000000	1374.76183637
1572.00000000	1409.02123878
1574.00000000	1425.21691228
1576.00000000	1392.43666845
1578.00000000	1415.99734150
1580.00000000	1448.03138116
1582.00000000	1460.05323329
1584.00000000	1502.59772298
1586.00000000	1474.35511050
1588.00000000	1418.13152658
1590.00000000	1424.13533845
1592.00000000	1381.06397116
1594.00000000	1325.36375497
1596.00000000	1308.22289805
1598.00000000	1298.70683773
1600.00000000	1315.34750153
1602.00000000	1347.89277563
1604.00000000	1356.29565663
1606.00000000	1325.33091176
1608.00000000	1311.14899147
1610.00000000	1340.64886853
1612.00000000	1360.69117565
1614.00000000	1356.42558861
1616.00000000	1328.64057628
1618.00000000	1301.00520301
1620.00000000	1331.49059418
1622.00000000	1355.58106669
1624.00000000	1320.06002587
1626.00000000	1276.28475796
1628.00000000	1264.13663221
1630.00000000	1276.08888626
1632.00000000	1283.74157835
1634.00000000	1290.78150453
1636.00000000	1284.47501111
1638.00000000	1268.95458365
1640.00000000	1279.66110375
1642.00000000	1323.37007079
1644.00000000	1360.77284178
1646.00000000	1367.63369149
1648.00000000	1407.41886317
1650.00000000	1432.47454831
1652.00000000	1413.02258041
1654.00000000	1401.50220536
1656.00000000	1395.85701737
1658.00000000	1399.28661985
1660.00000000	1409.55591548
1662.00000000	1395.12505113
1664.00000000	1410.41984305
1666.00000000	1461.71110817
1668.00000000	1472.22360876
1670.00000000	1430.88299886
1672.00000000	1393.95057507
1674.00000000	1399.75365111
1676.00000000	1398.81409688
1678.00000000	1392.53635566
1680.00000000	1385.75257102
1682.00000000	1365.20405494
1684.00000000	1324.99613196
1686.00000000	1292.37502693
1688.00000000	1279.41567964
1690.00000000	1255.25192428
1692.00000000	1236.76419154
1694.00000000	1235.67425304
1696.00000000	1240.02677162
1698.00000000	1227.03677133
1700.00000000	1186.30875069
1702.00000000	1186.30875069
1704.00000000	1186.30875069
1706.00000000	1186.30875069
1708.00000000	1186.30875069
1710.00000000	1186.30875069
1712.00000000	1186.30875069
1714.00000000	1186.30875069
1716.00000000	1095.57360419
1718.00000000	1056.96494861
1720.00000000	1049.96316569
1722.00000000	1072.45884153
1724.00000000	1096.74700214
1726.00000000	1089.99325816
1728.00000000	1070.03727983
1730.00000000	1064.24167787
1732.00000000	1081.49305405
1734.00000000	1100.42945782
1736.00000000	1105.42525810
1738.00000000	1081.72749519
1740.00000000	1036.28522864
1742.00000000	1052.51129107
1744.00000000	1089.51421800
1746.00000000	1086.61147462
1748.00000000	1085.52820501
1750.00000000	1048.52364318
1752.00000000	1003.80433323
1754.00000000	1009.44703747
1756.00000000	1002.27813202
1758.00000000	1005.36552943
1760.00000000	1037.90106416
1762.00000000	1055.82146497
1764.00000000	1029.02985352
1766.00000000	1013.13889187
1768.00000000	1041.57222902
1770.00000000	1041.28836913
1772.00000000	1040.90791259
1774.00000000	1051.31073051
1776.00000000	1054.95351107
1778.00000000	1071.54721303
1780.00000000	1075.05300814
1782.00000000	1048.35113386
1784.00000000	1016.12663941
1786.00000000	1011.64454916
1788.00000000	1011.61490911
1790.00000000	998.99630306
1792.00000000	1008.32661577
1794.00000000	1018.39247781
1796.00000000	1012.66068183
1798.00000000	1014.95951539
1800.00000000	1068.83302302
1802.00000000	1055.82565904
1804.00000000	994.39625937
1806.00000000	1029.30415779
1808.00000000	1080.57553249
1810.00000000	1063.40140009
1812.00000000	999.23468200
1814.00000000	988.73080959
1816.00000000	998.31398943
1818.00000000	1014.94535331
1820.00000000	1035.49372632
1822.00000000	1024.35318263
1824.00000000	999.58678855
1826.00000000	989.36353763
1828.00000000	1006.79125331
1830.00000000	1039.90811299
1832.00000000	1038.39418179
1834.00000000	1016.19687719
1836.00000000	1029.37532928
1838.00000000	1032.10401231
1840.00000000	1035.16246772
1842.00000000	1042.93299418
1844.00000000	1022.47545793
1846.00000000	1008.48355393
1848.00000000	1023.74557411
1850.00000000	1047.69774292
1852.00000000	1036.26172360
1854.00000000	1020.37124822
1856.00000000	1016.63775018
1858.00000000	1014.33255175
1860.00000000	1009.88338619
1862.00000000	1034.22341423
1864.00000000	1062.12507460
1866.00000000	1047.39193899
1868.00000000	1031.03221784
1870.00000000	1007.62830925
1872.00000000	995.79306583
1874.00000000	1027.61846362
1876.00000000	1036.02504436
1878.00000000	1037.81405671
1880.00000000	1050.83514944
1882.00000000	1050.92977709
1884.00000000	1076.16830971
1886.00000000	1080.11938135
1888.00000000	1044.54563796
1890.00000000	1045.58557970
1892.00000000	1038.42078674
1894.00000000	1018.16733045
1896.00000000	1014.91122262
1898.00000000	1029.81352328
1900.00000000	1043.66523543
1902.00000000	1040.94961387
1904.00000000	1016.53653647
1906.00000000	984.91787038
1908.00000000	1020.78391641
1910.00000000	1052.38078605
1912.00000000	1004.66971050
1914.00000000	1054.56089125
1916.00000000	1063.38394282
1918.00000000	1024.35800733
1920.00000000	1062.82604382
1922.00000000	1029.56699922
1924.00000000	985.63989882
1926.00000000	1009.03488674
1928.00000000	1053.08767804
1930.00000000	1024.67573607
1932.00000000	1009.03904133
1934.00000000	1036.57066640
1936.00000000	1022.60112490
1938.00000000	1022.56212045
1940.00000000	1033.87481711
1942.00000000	1034.75007659
1944.00000000	1030.32112518
1946.00000000	1016.46876320
1948.00000000	1024.12797883
1950.00000000	1049.01557033
1952.00000000	1044.39288872
1954.00000000	1060.64186529
1956.00000000	1052.07324931
1958.00000000	1016.01381960
1960.00000000	1052.12401392
1962.00000000	1071.40286920
1964.00000000	1043.51372978
1966.00000000	1017.98189333
1968.00000000	1035.92026899
1970.00000000	1029.13904536
1972.00000000	1027.32220399
1974.00000000	1068.13299679
1976.00000000	1086.04856355
1978.00000000	1037.56222895
1980.00000000	1002.69385523
1982.00000000	1026.01603931
1984.00000000	1021.78454396
1986.00000000	1047.97232058
1988.00000000	1077.19678264
1990.00000000	1054.10999570
1992.00000000	1014.60212845
1994.00000000	1019.57569206
1996.00000000	1050.31743793
1998.00000000	1072.85668668
2000.00000000	1090.40899099
2002.00000000	1028.93535753
2004.00000000	1001.66312721
2006.00000000	1067.30955053
2008.00000000	1063.00250212
2010.00000000	1066.90379711
2012.00000000	1055.44384951
2014.00000000	1014.93578873
2016.00000000	1050.54776530
2018.00000000	1079.33769406
2020.00000000	1078.35766452
2022.00000000	1066.24510220
2024.00000000	1034.61499168
2026.00000000	1005.43141787
2028.00000000	1009.82563853
2030.00000000	1039.10075546
2032.00000000	1045.92276082
2034.00000000	1038.69716659
2036.00000000	1020.62426011
2038.00000000	1013.41550874
2040.00000000	1048.47414675
2042.00000000	1076.16341243
2044.00000000	1072.50068010
2046.00000000	1055.00628353
2048.00000000	1053.92324650
2050.00000000	1067.16365732
2052.00000000	1080.03302120
2054.00000000	1076.60428441
2056.00000000	1050.80061806
2058.00000000	1023.99199851
2060.00000000	1061.90033924
2062.00000000	1113.17385203
2064.00000000	1079.13450231
2066.00000000	1057.43144909
2068.00000000	1052.67648491
2070.00000000	1062.43453210
2072.00000000	1082.75699823
2074.00000000	1049.83960345
2076.00000000	1027.16079592
2078.00000000	1030.99319426
2080.00000000	1028.70011480
2082.00000000	1036.67852672
2084.00000000	1045.43372480
2086.00000000	1050.80323152
2088.00000000	1063.77136086
2090.00000000	1088.31812802
2092.00000000	1079.06246943
2094.00000000	1061.55092463
2096.00000000	1056.41665026
2098.00000000	1029.49150040
2100.00000000	1037.19271240
2102.00000000	1055.02253615
2104.00000000	1055.05967465
2106.00000000	1057.29174822
2108.00000000	1042.86246238
2110.00000000	1080.03255590
2112.00000000	1106.23692547
2114.00000000	1025.11779512
2116.00000000	1051.03750559
2118.00000000	1062.95734223
2120.00000000	1021.63867439
2122.00000000	1038.49798118
2124.00000000	1092.23120084
2126.00000000	1091.93770554
2128.00000000	1069.80886080
2130.00000000	1075.60670106
2132.00000000	1050.19300038
2134.00000000	1067.98565740
2136.00000000	1072.95048814
2138.00000000	1022.58379080
2140.00000000	1010.78838479
2142.00000000	1046.40042122
2144.00000000	1081.28302624
2146.00000000	1077.08142348
2148.00000000	1047.42788122
2150.00000000	1046.53403408
2152.00000000	1067.38398952
2154.00000000	1091.10319423
2156.00000000	1086.25286033
2158.00000000	1015.61874659
2160.00000000	1047.81176254
2162.00000000	1106.53882759
2164.00000000	1053.62925699
2166.00000000	1002.77306855
2168.00000000	1040.58280024
2170.00000000	1089.43303594
2172.00000000	1078.05205496
2174.00000000	1061.18376807
2176.00000000	1104.13003552
2178.00000000	1134.73634886
2180.00000000	1092.51115583
2182.00000000	1024.49593041
2184.00000000	1027.31046835
2186.00000000	1048.15802677
2188.00000000	1042.07343028
2190.00000000	1039.50962213
2192.00000000	1081.34144559
2194.00000000	1077.08556015
2196.00000000	1071.30386900
2198.00000000	1093.89191551
2200.00000000	1078.63507008
2202.00000000	1059.46685163
2204.00000000	1060.49498831
2206.00000000	1060.81527352
2208.00000000	1051.34486615
2210.00000000	1082.50849160
2212.00000000	1096.87836053
2214.00000000	1074.26615992
2216.00000000	1062.97415110
2218.00000000	1091.62524173
2220.00000000	1058.92561976
2222.00000000	1051.75219861
2224.00000000	1114.37967999
2226.00000000	1149.32251550
2228.00000000	1120.43135586
2230.00000000	1075.25620297
2232.00000000	1073.92631112
2234.00000000	1113.23869116
2236.00000000	1119.51644369
2238.00000000	1088.48739559
2240.00000000	1103.76659909
2242.00000000	1146.75992332
2244.00000000	1110.52771803
2246.00000000	1081.62143793
2248.00000000	1113.54935353
2250.00000000	1141.10849004
2252.00000000	1113.22328822
2254.00000000	1111.54479098
2256.00000000	1103.86234429
2258.00000000	1093.79600041
2260.00000000	1103.56738851
2262.00000000	1114.44771879
2264.00000000	1088.00199225
2266.00000000	1082.92883073
2268.00000000	1108.02822968
2270.00000000	1109.42694264
2272.00000000	1075.72873245
2274.00000000	1060.61997060
2276.00000000	1085.04288048
2278.00000000	1111.72677589
2280.00000000	1096.36039050
2282.00000000	1074.24582368
2284.00000000	1106.20399914
2286.00000000	1130.76782550
2288.00000000	1097.32572102
2290.00000000	1101.67313680
2292.00000000	1075.35974413
2294.00000000	1073.43693269
2296.00000000	1103.65328577
2298.00000000	1097.93340624
2300.00000000	1139.09089249
2302.00000000	1116.85822377
2304.00000000	1087.69002444
2306.00000000	1114.51238808
2308.00000000	1072.37892581
2310.00000000	1074.63403343
2312.00000000	1117.12550028
2314.00000000	1117.03657214
2316.00000000	1069.65924773
2318.00000000	1085.30633283
2320.00000000	1121.23543942
2322.00000000	1146.79426533
2324.00000000	1135.36871251
2326.00000000	1079.33098337
2328.00000000	1108.22619915
2330.00000000	1116.86321168
2332.00000000	1095.95483809
2334.00000000	1111.10970618
2336.00000000	1098.76122565
2338.00000000	1074.57758122
2340.00000000	1089.20413950
2342.00000000	1120.99328492
2344.00000000	1108.06562815
2346.00000000	1086.38146861
2348.00000000	1118.60306729
2350.00000000	1153.86705702
2352.00000000	1140.99667892
2354.00000000	1110.99121474
2356.00000000	1063.99383691
2358.00000000	1079.72951488
2360.00000000	1111.69408118
2362.00000000	1097.83558450
2364.00000000	1113.02934207
2366.00000000	1106.25083303
2368.00000000	1122.52458355
2370.00000000	1128.85712277
2372.00000000	1088.70345576
2374.00000000	1138.15462372
2376.00000000	1117.42350799
2378.00000000	1070.05740026
2380.00000000	1067.61079643
2382.00000000	1070.45141276
2384.00000000	1113.97873879
2386.00000000	1087.97890052
2388.00000000	1065.20354456
2390.00000000	1108.46157776
2392.00000000	1108.64590228
2394.00000000	1088.95127109
2396.00000000	1053.15589571
2398.00000000	1072.87169070
2400.00000000	1133.92367801
2402.00000000	1090.06356509
2404.00000000	1077.04590383
2406.00000000	1096.93136076
2408.00000000	1109.29410831
2410.00000000	1099.18042953
2412.00000000	1064.31904563
2414.00000000	1098.43774898
2416.00000000	1131.20383135
2418.00000000	1116.17967983
2420.00000000	1093.24160053
2422.00000000	1061.70753120
2424.00000000	1052.15453508
2426.00000000	1097.01069717
2428.00000000	1132.59427598
2430.00000000	1105.92980218
2432.00000000	1129.82179027
2434.00000000	1104.70046180
2436.00000000	1089.41529446
2438.00000000	1113.94088344
2440.00000000	1104.69573257
2442.00000000	1131.60037023
2444.00000000	1159.92392282
2446.00000000	1133.53827351
2448.00000000	1096.54954556
2450.00000000	1116.07425860
2452.00000000	1099.82259656
2454.00000000	1095.67682950
2456.00000000	1110.20857575
2458.00000000	1107.44608317
2460.00000000	1095.48846116
2462.00000000	1116.32018084
2464.00000000	1114.18958036
2466.00000000	1083.79346907
2468.00000000	1082.20912148
2470.00000000	1126.80885910
2472.00000000	1132.86408754
2474.00000000	1097.09763601
2476.00000000	1100.98973742
2478.00000000	1124.04892941
2480.00000000	1094.82360362
2482.00000000	1146.72542942
2484.00000000	1102.35326465
2486.00000000	1058.56615333
2488.00000000	1117.23919921
2490.00000000	1146.85420848
2492.00000000	1148.22561678
2494.00000000	1138.17229732
2496.00000000	1109.95961812
2498.00000000	1099.07057956
2500.00000000	1133.73599075
2502.00000000	1118.55594077
2504.00000000	1100.74930834
2506.00000000	1105.66623979
2508.00000000	1113.38595303
2510.00000000	1114.48767143
2512.00000000	1133.72097682
2514.00000000	1191.56999809
2516.00000000	1195.97426484
2518.00000000	1144.73274851
2520.00000000	1119.52019083
2522.00000000	1098.49430014
2524.00000000	1136.53090068
2526.00000000	1162.15352243
2528.00000000	1154.21946949
2530.00000000	1152.66194790
2532.00000000	1127.62102164
2534.00000000	1120.90307499
2536.00000000	1148.55913165
2538.00000000	1175.74644356
2540.00000000	1167.25754319
2542.00000000	1139.04455301
2544.00000000	1126.78374826
2546.00000000	1089.95229077
2548.00000000	1103.84861067
2550.00000000	1163.12016503
2552.00000000	1131.86900507
2554.00000000	1138.39278380
2556.00000000	1127.67405652
2558.00000000	1125.35702897
2560.00000000	1159.06354879
2562.00000000	1175.09281271
2564.00000000	1177.55076478
2566.00000000	1144.37367069
2568.00000000	1133.13404436
2570.00000000	1156.15450376
2572.00000000	1157.47569950
2574.00000000	1133.73259792
2576.00000000	1120.12363067
2578.00000000	1145.37537915
2580.00000000	1133.31098472
2582.00000000	1089.78963741
2584.00000000	1157.40672410
2586.00000000	1213.27596561
2588.00000000	1218.90217745
2590.00000000	1167.90253626
2592.00000000	1132.73765000
2594.00000000	1169.70307814
2596.00000000	1133.31312955
2598.00000000	1148.73280626
2600.00000000	1184.12766273
2602.00000000	1174.63155232
2604.00000000	1143.05300405
2606.00000000	1111.21397214
2608.00000000	1119.57026048
2610.00000000	1138.97216970
2612.00000000	1153.22154447
2614.00000000	1160.96255486
2616.00000000	1153.11716904
2618.00000000	1150.58976964
2620.00000000	1119.42747940
2622.00000000	1086.49270229
2624.00000000	1102.85823242
2626.00000000	1144.17539376
2628.00000000	1144.99257970
2630.00000000	1198.19670844
2632.00000000	1199.01244153
2634.00000000	1160.18732005
2636.00000000	1144.23753698
2638.00000000	1120.13641724
2640.00000000	1196.14481051
2642.00000000	1177.87938636
2644.00000000	1156.40327039
2646.00000000	1187.03768253
2648.00000000	1153.64302942
2650.00000000	1125.62766439
2652.00000000	1142.01221294
2654.00000000	1181.94108645
2656.00000000	1164.88528032
2658.00000000	1145.28546596
2660.00000000	1218.37803294
2662.00000000	1159.31899909
2664.00000000	1131.57650012
2666.00000000	1125.57214378
2668.00000000	1149.85040187
2670.00000000	1213.26077002
2672.00000000	1164.21393684
2674.00000000	1173.85814491
2676.00000000	1190.21139150
2678.00000000	1183.11752891
2680.00000000	1176.32128453
2682.00000000	1165.66799498
2684.00000000	1169.30016433
2686.00000000	1201.09493487
2688.00000000	1196.47806341
2690.00000000	1159.83852845
2692.00000000	1148.55087950
2694.00000000	1167.50739823
2696.00000000	1192.27860611
2698.00000000	1200.61536432
2700.00000000	1196.05389204
2702.00000000	1191.21514245
2704.00000000	1197.32412102
2706.00000000	1201.99722204
2708.00000000	1155.57451602
2710.00000000	1184.65011873
2712.00000000	1250.49929842
2714.00000000	1232.26299245
2716.00000000	1179.03631821
2718.00000000	1224.53698910
2720.00000000	1200.21928072
2722.00000000	1186.79976746
2724.00000000	1198.75737194
2726.00000000	1213.06236851
2728.00000000	1254.35975799
2730.00000000	1251.32647494
2732.00000000	1193.49952978
2734.00000000	1214.95177930
2736.00000000	1250.82979618
2738.00000000	1229.08207852
2740.00000000	1223.86115234
2742.00000000	1192.78228988
2744.00000000	1189.58082968
2746.00000000	1177.32614944
2748.00000000	1174.38015458
2750.00000000	1213.95580867
2752.00000000	1244.23657747
2754.00000000	1237.08716283
2756.00000000	1226.24245410
2758.00000000	1175.99617833
2760.00000000	1175.13793705
2762.00000000	1229.49840286
2764.00000000	1194.00906668
2766.00000000	1177.37064321
2768.00000000	1210.62696670
2770.00000000	1212.27966274
2772.00000000	1204.34940209
2774.00000000	1219.29626758
2776.00000000	1195.67326919
2778.00000000	1164.07920933
2780.00000000	1193.31013753
2782.00000000	1205.58627513
2784.00000000	1181.06856424
2786.00000000	1195.01278966
2788.00000000	1235.30841374
2790.00000000	1192.05238272
2792.00000000	1209.10247028
2794.00000000	1227.98151544
2796.00000000	1209.10807180
2798.00000000	1188.75327771
2800.00000000	1195.83795544
2802.00000000	1233.98799617
2804.00000000	1170.89806629
2806.00000000	1196.11117275
2808.00000000	1243.43657550
2810.00000000	1198.07394305
2812.00000000	1174.16135259
2814.00000000	1217.43807830
2816.00000000	1216.73082837
2818.00000000	1235.74290785
2820.00000000	1223.24184922
2822.00000000	1222.38471839
2824.00000000	1293.41899475
2826.00000000	1286.39316697
2828.00000000	1256.22402861
2830.00000000	1276.30538875
2832.00000000	1291.74572712
2834.00000000	1290.45004639
2836.00000000	1304.75402098
2838.00000000	1307.05989807
2840.00000000	1304.15339161
2842.00000000	1378.26874999
2844.00000000	1383.38628054
2846.00000000	1413.02983006
2848.00000000	1497.31121439
2850.00000000	1517.14882953
2852.00000000	1624.27350348
2854.00000000	1636.25643718
2856.00000000	1655.11059862
2858.00000000	1761.95288944
2860.00000000	1811.86515383
2862.00000000	1780.05667465
2864.00000000	1850.15252522
2866.00000000	1874.30536147
2868.00000000	2017.71730015
2870.00000000	2090.14055066
2872.00000000	2095.94504540
2874.00000000	2185.44550090
2876.00000000	2275.81966025
2878.00000000	2280.91593588
2880.00000000	2248.34209983
2882.00000000	2275.27143022
2884.00000000	2320.51386905
2886.00000000	2310.74463887
2888.00000000	2246.63526001
2890.00000000	2200.13203436
2892.00000000	2268.38256851
2894.00000000	2289.80166102
2896.00000000	2345.22275563
2898.00000000	2420.42880044
2900.00000000	2443.12431275
2902.00000000	2454.64770319
2904.00000000	2485.88521404
2906.00000000	2578.35722504
2908.00000000	2570.68697426
2910.00000000	2634.88843216
2912.00000000	2721.76350244
2914.00000000	2737.82761760
2916.00000000	2838.87456854
2918.00000000	2887.37929202
2920.00000000	2959.64610621
2922.00000000	3094.06624339
2924.00000000	3203.03794729
2926.00000000	3224.43304140
2928.00000000	3228.38606687
2930.00000000	3290.18687171
2932.00000000	3332.10276373
2934.00000000	3365.64271836
2936.00000000	3389.36310811
2938.00000000	3398.70393806
2940.00000000	3305.17208485
2942.00000000	3125.97349401
2944.00000000	3052.35825016
2946.00000000	2972.11244972
2948.00000000	2913.18195431
2950.00000000	2855.74912912
2952.00000000	2817.44309713
2954.00000000	2753.04568309
2956.00000000	2656.89948310
2958.00000000	2654.86103884
2960.00000000	2595.37711593
2962.00000000	2589.13328153
2964.00000000	2577.32300772
2966.00000000	2494.12772928
2968.00000000	2427.80964328
2970.00000000	2394.98825858
2972.00000000	2314.06249888
2974.00000000	2369.42600084
2976.00000000	2325.47634455
2978.00000000	2190.31920878
2980.00000000	2146.26526710
2982.00000000	2120.69863555
2984.00000000	2077.32486452
2986.00000000	2166.53071380
2988.00000000	2023.83363460
2990.00000000	1929.68743469
2992.00000000	1915.86456279
2994.00000000	1856.46976147
2996.00000000	1730.85777448
2998.00000000	1641.23409686
3000.00000000	1662.68385409
3002.00000000	1688.79348153
3004.00000000	1627.94980383
3006.00000000	1521.17977774
3008.00000000	1507.17831213
3010.00000000	1476.69093384
3012.00000000	1400.07729919
3014.00000000	1474.98942940
3016.00000000	1517.86850917
3018.00000000	1409.45309116
3020.00000000	1378.73033992
3022.00000000	1422.49463530
3024.00000000	1387.21412386
3026.00000000	1311.91888627
3028.00000000	1312.09332352
3030.00000000	1326.66075079
3032.00000000	1344.79445856
3034.00000000	1311.00492425
3036.00000000	1325.72954421
3038.00000000	1325.16622221
3040.00000000	1334.20952145
3042.00000000	1360.11002482
3044.00000000	1288.62547908
3046.00000000	1339.31887523
3048.00000000	1341.77340690
3050.00000000	1309.44154870
3052.00000000	1343.43337089
3054.00000000	1351.11514626
3056.00000000	1341.92252407
3058.00000000	1400.31338793
3060.00000000	1385.64482276
3062.00000000	1397.80350334
3064.00000000	1408.65430617
3066.00000000	1413.45081321
3068.00000000	1377.68040249
3070.00000000	1346.69380943
3072.00000000	1349.14195007
3074.00000000	1287.85730456
3076.00000000	1199.70521329
3078.00000000	1274.05808137
3080.00000000	1289.24430828
3082.00000000	1249.32292936
3084.00000000	1242.12273103
3086.00000000	1261.87068425
3088.00000000	1272.17827654
3090.00000000	1273.87603988
3092.00000000	1267.83223527
3094.00000000	1186.36929562
3096.00000000	1212.59837390
3098.00000000	1262.72309466
3100.00000000	1254.16965423
3102.00000000	1227.44086243
3104.00000000	1216.03835235
3106.00000000	1212.16432745
3108.00000000	1199.70489289
3110.00000000	1233.76990617
3112.00000000	1229.97607186
3114.00000000	1203.40148770
3116.00000000	1226.25184882
3118.00000000	1235.66393009
3120.00000000	1193.46144124
3122.00000000	1208.71874178
3124.00000000	1243.81326644
3126.00000000	1214.53924372
3128.00000000	1226.93189381
3130.00000000	1274.12151682
3132.00000000	1277.55307285
3134.00000000	1235.87790345
3136.00000000	1195.48017418
3138.00000000	1187.80010218
3140.00000000	1215.61461748
3142.00000000	1187.83391920
3144.00000000	1168.23905626
3146.00000000	1229.67966838
3148.00000000	1299.34857886
3150.00000000	1262.94561858
3152.00000000	1198.82506291
3154.00000000	1220.73512943
3156.00000000	1240.50634456
3158.00000000	1256.01925636
3160.00000000	1177.10585483
3162.00000000	1135.95291050
3164.00000000	1209.62405757
3166.00000000	1205.62912802
3168.00000000	1184.98167916
3170.00000000	1242.97925969
3172.00000000	1186.08461716
3174.00000000	1177.60384375
3176.00000000	1201.74382853
3178.00000000	1240.95806404
3180.00000000	1176.88310962
3182.00000000	1168.21679100
3184.00000000	1226.92894614
3186.00000000	1219.54037654
3188.00000000	1207.96460575
3190.00000000	1231.14468924
3192.00000000	1190.72426878
3194.00000000	1183.83488104
3196.00000000	1184.86252128
3198.00000000	1183.18253404
3200.00000000	1177.45283861
3202.00000000	1203.44149506
3204.00000000	1242.91751886
3206.00000000	1229.82500467
3208.00000000	1219.22719954
3210.00000000	1229.59135526
3212.00000000	1186.43834946
3214.00000000	1183.76941367
3216.00000000	1177.06093258
3218.00000000	1189.92004470
3220.00000000	1193.44135525
3222.00000000	1174.50223305
3224.00000000	1186.18173333
3226.00000000	1164.15033433
3228.00000000	1188.81861728
3230.00000000	1169.41654795
3232.00000000	1183.03727636
3234.00000000	1228.85004457
3236.00000000	1252.86867648
3238.00000000	1218.79007522
3240.00000000	1184.88395102
3242.00000000	1216.05768742
3244.00000000	1242.32290004
3246.00000000	1225.16604858
3248.00000000	1185.47116453
3250.00000000	1233.59326712
3252.00000000	1274.11172567
3254.00000000	1320.86498624
3256.00000000	1263.52598928
3258.00000000	1168.40618786
3260.00000000	1189.00573569
3262.00000000	1200.16648718
3264.00000000	1241.14167361
3266.00000000	1262.11568676
3268.00000000	1286.90432994
3270.00000000	1228.55797483
3272.00000000	1220.21270275
3274.00000000	1273.38682952
3276.00000000	1294.05062881
3278.00000000	1297.25119732
3280.00000000	1309.33042217
3282.00000000	1290.05640996
3284.00000000	1272.26693089
3286.00000000	1311.03427528
3288.00000000	1262.01237324
3290.00000000	1249.74369761
3292.00000000	1243.40383174
3294.00000000	1294.28703682
3296.00000000	1328.87668368
3298.00000000	1304.07151444
3300.00000000	1314.74590762
3302.00000000	1282.83916320
3304.00000000	1331.74400870
3306.00000000	1294.22037566
3308.00000000	1290.85314585
3310.00000000	1284.84091014
3312.00000000	1286.74177746
3314.00000000	1329.46483517
3316.00000000	1318.32526413
3318.00000000	1292.45425273
3320.00000000	1319.15524293
3322.00000000	1285.31441379
3324.00000000	1303.52370878
3326.00000000	1276.98678282
3328.00000000	1285.06746514
3330.00000000	1324.35028200
3332.00000000	1326.89100051
3334.00000000	1316.71573672
3336.00000000	1326.72714046
3338.00000000	1301.99050803
3340.00000000	1256.38852420
3342.00000000	1276.81165544
3344.00000000	1291.42425547
3346.00000000	1253.66732344
3348.00000000	1245.18036940
3350.00000000	1263.44181081
3352.00000000	1268.46211815
3354.00000000	1287.13013256
3356.00000000	1262.01036105
3358.00000000	1258.47754312
3360.00000000	1295.66283252
3362.00000000	1246.55722779
3364.00000000	1238.28948881
3366.00000000	1329.03951061
3368.00000000	1207.41171813
3370.00000000	1219.90634852
3372.00000000	1189.04876933
3374.00000000	1215.93017614
3376.00000000	1231.54922502
3378.00000000	1223.87519407
3380.00000000	1207.54579131
3382.00000000	1230.00567689
3384.00000000	1261.02762679
3386.00000000	1198.12839608
3388.00000000	1242.55493964
3390.00000000	1199.71974424
3392.00000000	1223.99298156
3394.00000000	1176.39237527
3396.00000000	1178.92749027
3398.00000000	1238.44275746
3400.00000000	1239.19718835
3402.00000000	1252.61419245
3404.00000000	1216.91782915
3406.00000000	1154.89652050
3408.00000000	1210.13032429
3410.00000000	1176.39198757
3412.00000000	1190.23473545
3414.00000000	1204.81381332
3416.00000000	1158.85555925
3418.00000000	1098.78525914
3420.00000000	1174.59539304
3422.00000000	1251.36165704
3424.00000000	1168.10775964
3426.00000000	1111.01234479
3428.00000000	1153.28498192
3430.00000000	1146.59291814
3432.00000000	1151.74038349
3434.00000000	1211.73352750
3436.00000000	1212.37973407
3438.00000000	1207.07951980
3440.00000000	1167.18399502
3442.00000000	1157.95446795
3444.00000000	1173.00365909
3446.00000000	1158.29310002
3448.00000000	1147.19609000
3450.00000000	1139.08793403
3452.00000000	1147.49443330
3454.00000000	1159.13129594
3456.00000000	1143.30862350
3458.00000000	1148.55329728
3460.00000000	1140.59363242
3462.00000000	1180.13778620
3464.00000000	1158.85590187
3466.00000000	1160.14755722
3468.00000000	1154.07785862
3470.00000000	1144.64504161
3472.00000000	1130.66926058
3474.00000000	1161.11045351
3476.00000000	1185.35935599
3478.00000000	1163.05599918
3480.00000000	1135.81615938
3482.00000000	1137.57179148
3484.00000000	1155.53011783
3486.00000000	1112.59831795
3488.00000000	1143.83842994
3490.00000000	1101.50703190
3492.00000000	1109.14976914
3494.00000000	1114.77810936
3496.00000000	1130.60119014
3498.00000000	1075.17625020
3500.00000000	1119.44478959
3502.00000000	1171.12719401
3504.00000000	1135.34318740
3506.00000000	1129.08476982
3508.00000000	1160.83517801
3510.00000000	1161.68175245
3512.00000000	1098.04703027
3514.00000000	1118.52459067
3516.00000000	1134.80298426
3518.00000000	1076.04712417
3520.00000000	1155.32091051
3522.00000000	1169.86217487
3524.00000000	1145.04867332
3526.00000000	1117.33807508
3528.00000000	1109.96077079
3530.00000000	1116.38236544
3532.00000000	1096.59439850
3534.00000000	1083.65027498
3536.00000000	1107.93841942
3538.00000000	1127.91851624
3540.00000000	1138.09659417
3542.00000000	1138.82835345
3544.00000000	1102.32126984
3546.00000000	1081.85908416
3548.00000000	1071.60890897
3550.00000000	1039.68472473
3552.00000000	1075.05817634
3554.00000000	1185.02495131
3556.00000000	1136.82593587
3558.00000000	1117.18258284
3560.00000000	1134.30001572
3562.00000000	1079.19352952
3564.00000000	1063.15858670
3566.00000000	1135.88400289
3568.00000000	1168.28775795
3570.00000000	1127.40714880
3572.00000000	1122.96057036
3574.00000000	1077.86700972
3576.00000000	1160.59601447
3578.00000000	1117.34088005
3580.00000000	1075.78840556
3582.00000000	1068.67843558
3584.00000000	1111.63015950
3586.00000000	1066.22266520
3588.00000000	1079.05178037
3590.00000000	1128.23102842
3592.00000000	1069.64340653
3594.00000000	1105.39636578
3596.00000000	1132.65779214
3598.00000000	1075.97276417
3600.00000000	1115.64108612
3602.00000000	1105.02921475
3604.00000000	1097.72242343
3606.00000000	1089.71241078
3608.00000000	1063.25055464
3610.00000000	1102.07350777
3612.00000000	1089.93094095
3614.00000000	1094.86094022
3616.00000000	1103.80459736
3618.00000000	1097.12433666
3620.00000000	1125.88034434
3622.00000000	1118.62802385
3624.00000000	1087.15631013
3626.00000000	1072.68266653
3628.00000000	1102.57243091
3630.00000000	1126.22478808
3632.00000000	1127.20509885
3634.00000000	1102.55821195
3636.00000000	1096.15315812
3638.00000000	1162.51124770
3640.00000000	1142.58463714
3642.00000000	1111.50383637
3644.00000000	1110.61177722
3646.00000000	1082.73975504
3648.00000000	1044.09832523
3650.00000000	1083.57853995
3652.00000000	1112.82065791
3654.00000000	1127.28760574
3656.00000000	1209.59411149
3658.00000000	1103.39398950
3660.00000000	1113.73172160
3662.00000000	1098.40895306
3664.00000000	1060.95031494
3666.00000000	1109.78528125
3668.00000000	1083.65451087
3670.00000000	1111.65510323
3672.00000000	1126.62014814
3674.00000000	1077.14639252
3676.00000000	1133.77390168
3678.00000000	1093.31021026
3680.00000000	1097.59670455
3682.00000000	1104.73957307
3684.00000000	1120.99445391
3686.00000000	1122.68727625
3688.00000000	1109.88981588
3690.00000000	1064.30176510
3692.00000000	1140.40042431
3694.00000000	1098.16572491
3696.00000000	1100.30762992
3698.00000000	1129.98242407
3700.00000000	1111.37225077
3702.00000000	1096.64791107
3704.00000000	1178.38650263
3706.00000000	1112.46601434
3708.00000000	1062.10962343
3710.00000000	1129.10411657
3712.00000000	1150.89727669
3714.00000000	1096.06737552
3716.00000000	1092.73539007
3718.00000000	1098.33967736
3720.00000000	1075.36839827
3722.00000000	1125.11646306
3724.00000000	1097.76187276
3726.00000000	1118.31179619
3728.00000000	1123.17934171
3730.00000000	1127.92872661
3732.00000000	1116.11444161
3734.00000000	1117.90447356
3736.00000000	1073.43272851
3738.00000000	1092.89315453
3740.00000000	1088.70959092
3742.00000000	1101.31060108
3744.00000000	1176.24117956
3746.00000000	1115.17117104
3748.00000000	1109.49603656
3750.00000000	1143.54008319
3752.00000000	1169.69127665
3754.00000000	1076.56541910
3756.00000000	1030.33279148
3758.00000000	1060.35093064
3760.00000000	1085.76014440
3762.00000000	1144.58040164
3764.00000000	1116.76126775
3766.00000000	1090.70788735
3768.00000000	1123.99450983
3770.00000000	1082.28369754
3772.00000000	1089.12342830
3774.00000000	1130.25060138
3776.00000000	1123.86935947
3778.00000000	1128.47399228
3780.00000000	1109.49300504
3782.00000000	1116.69738736
3784.00000000	1149.80199896
3786.00000000	1132.76477211
3788.00000000	1105.05495407
3790.00000000	1140.82378481
3792.00000000	1077.65502431
3794.00000000	1132.40570755
3796.00000000	1075.63428823
3798.00000000	1136.38067914
3800.00000000	1093.10817910
