400.00000000	871.46288455
402.00000000	861.42978533
404.00000000	858.28000386
406.00000000	856.95563115
408.00000000	852.94232687
410.00000000	860.10643137
412.00000000	873.34172283
414.00000000	869.94892388
416.00000000	854.91082147
418.00000000	845.00798794
420.00000000	857.56572514
422.00000000	881.48559400
424.00000000	890.07647177
426.00000000	876.68473091
428.00000000	859.72956773
430.00000000	876.69473550
432.00000000	896.60572755
434.00000000	878.93625858
436.00000000	850.26299594
438.00000000	830.94188154
440.00000000	823.99660214
442.00000000	827.48832193
444.00000000	841.22268526
446.00000000	868.60145822
448.00000000	888.60641483
450.00000000	877.50707733
452.00000000	858.14972332
454.00000000	844.05518051
456.00000000	827.71122203
458.00000000	819.31430842
460.00000000	829.60787512
462.00000000	851.30586321
464.00000000	865.31152774
466.00000000	853.44344123
468.00000000	834.76487273
470.00000000	825.81063514
472.00000000	824.51464258
474.00000000	831.27945908
476.00000000	842.13491104
478.00000000	836.41749986
480.00000000	814.50966412
482.00000000	800.16242643
484.00000000	818.70228831
486.00000000	855.19341953
488.00000000	836.16080692
490.00000000	809.43730471
492.00000000	848.34766680
494.00000000	858.52033156
496.00000000	824.15384523
498.00000000	834.41210130
500.00000000	864.97862257
502.00000000	877.74156625
504.00000000	893.66423803
506.00000000	895.76043328
508.00000000	858.48998048
510.00000000	835.71179704
512.00000000	845.72534482
514.00000000	848.96887027
516.00000000	850.64702041
518.00000000	863.83571416
520.00000000	875.98706076
522.00000000	883.26363166
524.00000000	887.47032615
526.00000000	878.43381980
528.00000000	863.70750317
530.00000000	871.92741931
532.00000000	894.99225375
534.00000000	914.22390564
536.00000000	924.39704427
538.00000000	915.91531062
540.00000000	884.59920768
542.00000000	865.38238561
544.00000000	868.24016098
546.00000000	865.29729872
548.00000000	876.14182835
550.00000000	909.23163374
552.00000000	904.71903669
554.00000000	864.03783817
556.00000000	837.72806620
558.00000000	859.36314399
560.00000000	899.16630471
562.00000000	875.00217053
564.00000000	851.16982961
566.00000000	878.98986561
568.00000000	859.64124643
570.00000000	827.60459347
572.00000000	874.59945304
574.00000000	908.31228403
576.00000000	882.65767756
578.00000000	850.81376805
580.00000000	842.74632452
582.00000000	858.93627165
584.00000000	867.95175567
586.00000000	868.17474151
588.00000000	874.87322013
590.00000000	886.80798177
592.00000000	885.68089227
594.00000000	852.61410142
596.00000000	844.11136404
598.00000000	878.38959146
600.00000000	876.71784600
602.00000000	869.66140604
604.00000000	905.40278813
606.00000000	899.17189187
608.00000000	852.30028921
610.00000000	842.29864177
612.00000000	842.52150487
614.00000000	829.50074673
616.00000000	826.09804978
618.00000000	835.34430485
620.00000000	848.18158552
622.00000000	854.89853913
624.00000000	865.46725120
626.00000000	890.91966544
628.00000000	892.55072585
630.00000000	867.61773145
632.00000000	859.40936728
634.00000000	854.84107155
636.00000000	839.90682790
638.00000000	838.70172058
640.00000000	868.84678955
642.00000000	919.75954057
644.00000000	923.25615507
646.00000000	895.23621196
648.00000000	907.92804348
650.00000000	898.35840689
652.00000000	851.10446257
654.00000000	854.46753247
656.00000000	872.84749937
658.00000000	863.13805601
660.00000000	886.02979024
662.00000000	922.99692210
664.00000000	917.32355735
666.00000000	897.03684398
668.00000000	901.77966101
670.00000000	948.94244774
672.00000000	973.82284439
674.00000000	944.67372540
676.00000000	914.84593044
678.00000000	893.54061556
680.00000000	873.14826630
682.00000000	865.67804396
684.00000000	877.94968936
686.00000000	900.99952264
688.00000000	893.60594862
690.00000000	870.73283140
692.00000000	895.91523266
694.00000000	929.79937587
696.00000000	936.18519039
698.00000000	935.28289862
700.00000000	915.77165378
702.00000000	884.56588295
704.00000000	922.15913904
706.00000000	979.06867930
708.00000000	955.66190437
710.00000000	926.68197687
712.00000000	929.63803185
714.00000000	928.87333607
716.00000000	911.73809946
718.00000000	892.38741262
720.00000000	907.68302818
722.00000000	962.02082168
724.00000000	1025.55606497
726.00000000	1036.90896902
728.00000000	1011.72940104
730.00000000	1000.93852809
732.00000000	998.67311997
734.00000000	995.40928718
736.00000000	988.70764564
738.00000000	977.73221468
740.00000000	972.16480735
742.00000000	989.30604943
744.00000000	1011.30059307
746.00000000	1017.69513879
748.00000000	1010.39392784
750.00000000	1004.79020375
752.00000000	1012.42622486
754.00000000	1020.60501970
756.00000000	1031.40748130
758.00000000	1046.87418751
760.00000000	1021.26411682
762.00000000	977.36478547
764.00000000	994.44883534
766.00000000	1019.90438511
768.00000000	1012.41831979
770.00000000	1005.40567923
772.00000000	1022.98344972
774.00000000	1058.25929788
776.00000000	1063.28127335
778.00000000	1046.75074957
780.00000000	1038.80427460
782.00000000	1032.20789473
784.00000000	1043.13116833
786.00000000	1084.46915241
788.00000000	1078.09279926
790.00000000	1036.16057018
792.00000000	1052.39041102
794.00000000	1055.03126206
796.00000000	1011.94249694
798.00000000	1004.02750289
800.00000000	1025.45215080
802.00000000	1035.00674181
804.00000000	1005.73256445
806.00000000	972.17967442
808.00000000	974.84501646
810.00000000	990.10497103
812.00000000	992.23499529
814.00000000	977.33681197
816.00000000	990.68923347
818.00000000	1025.21250011
820.00000000	1032.14570865
822.00000000	1026.23723178
824.00000000	1024.47106655
826.00000000	1028.01386582
828.00000000	1046.79485451
830.00000000	1076.87757542
832.00000000	1090.15594643
834.00000000	1069.19418610
836.00000000	1029.47360944
838.00000000	1029.44253683
840.00000000	1045.41198434
842.00000000	1041.18623678
844.00000000	1064.52752991
846.00000000	1095.63570555
848.00000000	1084.23686299
850.00000000	1062.41598667
852.00000000	1064.31973869
854.00000000	1096.15637107
856.00000000	1105.31608090
858.00000000	1083.72114979
860.00000000	1075.78113267
862.00000000	1066.13332126
864.00000000	1055.75210465
866.00000000	1079.11641615
868.00000000	1076.57909209
870.00000000	1032.17887763
872.00000000	1047.53350681
874.00000000	1087.40960663
876.00000000	1085.43954281
878.00000000	1058.65691276
880.00000000	1033.43825403
882.00000000	1023.34416904
884.00000000	1014.65930513
886.00000000	1033.65741934
888.00000000	1101.15206561
890.00000000	1131.14451936
892.00000000	1112.49630798
894.00000000	1096.69822165
896.00000000	1067.64539222
898.00000000	1036.25126466
900.00000000	1042.16033446
902.00000000	1057.87438928
904.00000000	1061.81133197
906.00000000	1064.22422468
908.00000000	1083.30007996
910.00000000	1109.14742829
912.00000000	1101.75834520
914.00000000	1100.03855725
916.00000000	1125.86499824
918.00000000	1127.01314260
920.00000000	1112.43178767
922.00000000	1101.80232314
924.00000000	1079.11691723
926.00000000	1083.39422824
928.00000000	1128.26624484
930.00000000	1111.05022914
932.00000000	1075.33499194
934.00000000	1104.55566221
936.00000000	1122.00338955
938.00000000	1108.33213937
940.00000000	1095.23988037
942.00000000	1084.77670824
944.00000000	1075.57209732
946.00000000	1073.29933657
948.00000000	1098.86951501
950.00000000	1130.29919884
952.00000000	1123.54410348
954.00000000	1116.61756008
956.00000000	1120.85113566
958.00000000	1108.63213673
960.00000000	1100.38810364
962.00000000	1104.65542308
964.00000000	1106.47272958
966.00000000	1125.50743015
968.00000000	1142.95058233
970.00000000	1101.18452885
972.00000000	1089.81033136
974.00000000	1127.10472507
976.00000000	1088.31569430
978.00000000	1078.12044219
980.00000000	1145.53302791
982.00000000	1133.06944800
984.00000000	1107.96877702
986.00000000	1147.01056512
988.00000000	1168.06892907
990.00000000	1150.60125669
992.00000000	1121.66590050
994.00000000	1122.95816345
996.00000000	1155.02479090
998.00000000	1205.08417995
1000.00000000	1273.73940301
1002.00000000	1318.01179237
1004.00000000	1311.28703855
1006.00000000	1310.12208639
1008.00000000	1299.44478131
1010.00000000	1243.04381873
1012.00000000	1172.97218631
1014.00000000	1152.19996170
1016.00000000	1194.31374059
1018.00000000	1171.91465680
1020.00000000	1116.35598188
1022.00000000	1119.21927914
1024.00000000	1118.56758548
1026.00000000	1110.55779158
1028.00000000	1125.45659727
1030.00000000	1129.91689287
1032.00000000	1138.27545760
1034.00000000	1175.23344846
1036.00000000	1176.66869920
1038.00000000	1144.00573560
1040.00000000	1129.65372787
1042.00000000	1148.91415414
1044.00000000	1155.22297825
1046.00000000	1109.35947136
1048.00000000	1116.74213685
1050.00000000	1151.85791463
1052.00000000	1124.15464280
1054.00000000	1131.89062059
1056.00000000	1163.80072865
1058.00000000	1137.48120892
1060.00000000	1124.68838065
1062.00000000	1147.82117338
1064.00000000	1167.81326063
1066.00000000	1166.26872630
1068.00000000	1167.19324892
1070.00000000	1192.71261653
1072.00000000	1164.48698624
1074.00000000	1125.64503434
1076.00000000	1174.58494885
1078.00000000	1210.33271807
1080.00000000	1207.87948745
1082.00000000	1213.90623486
1084.00000000	1196.54747294
1086.00000000	1180.72708957
1088.00000000	1214.39930627
1090.00000000	1231.80992985
1092.00000000	1213.03131760
1094.00000000	1182.57383270
1096.00000000	1134.44420670
1098.00000000	1121.58224474
1100.00000000	1194.84691803
1102.00000000	1249.01228285
1104.00000000	1235.94307237
1106.00000000	1187.92496092
1108.00000000	1171.35427583
1110.00000000	1180.74004428
1112.00000000	1176.19848258
1114.00000000	1179.89327167
1116.00000000	1174.09794130
1118.00000000	1137.78271594
1120.00000000	1133.01458117
1122.00000000	1168.97494898
1124.00000000	1211.16830852
1126.00000000	1234.00575182
1128.00000000	1257.32264185
1130.00000000	1294.17438884
1132.00000000	1279.26550413
1134.00000000	1200.14035168
1136.00000000	1108.79492356
1138.00000000	1098.43721805
1140.00000000	1124.65302664
1142.00000000	1116.67140187
1144.00000000	1114.52556100
1146.00000000	1114.65386259
1148.00000000	1100.60559541
1150.00000000	1089.04884890
1152.00000000	1085.60743146
1154.00000000	1094.06184989
1156.00000000	1123.42375885
1158.00000000	1148.79763750
1160.00000000	1137.59506812
1162.00000000	1086.63922635
1164.00000000	1099.92082476
1166.00000000	1180.87572646
1168.00000000	1160.17794309
1170.00000000	1114.56848150
1172.00000000	1116.37034880
1174.00000000	1112.41791970
1176.00000000	1119.14990643
1178.00000000	1133.36359372
1180.00000000	1116.88776136
1182.00000000	1131.41877509
1184.00000000	1175.10603275
1186.00000000	1166.26711108
1188.00000000	1125.07924143
1190.00000000	1101.14191717
1192.00000000	1124.22740299
1194.00000000	1149.60907824
1196.00000000	1171.01838876
1198.00000000	1208.34393912
1200.00000000	1212.52072947
1202.00000000	1190.08668013
1204.00000000	1189.97870738
1206.00000000	1224.69452201
1208.00000000	1266.36640580
1210.00000000	1270.03287499
1212.00000000	1216.31081337
1214.00000000	1199.82428221
1216.00000000	1270.41495897
1218.00000000	1272.74974341
1220.00000000	1257.71624588
1222.00000000	1306.88444307
1224.00000000	1344.48505386
1226.00000000	1315.92485249
1228.00000000	1271.67851720
1230.00000000	1349.61090320
1232.00000000	1402.88125706
1234.00000000	1357.59847795
1236.00000000	1349.56923345
1238.00000000	1358.26086662
1240.00000000	1358.84196413
1242.00000000	1368.47110979
1244.00000000	1349.70897355
1246.00000000	1332.44409469
1248.00000000	1376.39853731
1250.00000000	1381.72903261
1252.00000000	1336.62997988
1254.00000000	1304.15898148
1256.00000000	1280.64291876
1258.00000000	1272.55547562
1260.00000000	1294.53984073
1262.00000000	1339.28254712
1264.00000000	1342.07092757
1266.00000000	1284.61576741
1268.00000000	1278.52175711
1270.00000000	1320.20277015
1272.00000000	1350.71577117
1274.00000000	1333.56506188
1276.00000000	1321.35533684
1278.00000000	1327.45714771
1280.00000000	1296.49582372
1282.00000000	1280.07753291
1284.00000000	1299.83502695
1286.00000000	1318.73409326
1288.00000000	1329.38415473
1290.00000000	1343.50710752
1292.00000000	1367.48715953
1294.00000000	1366.81849222
1296.00000000	1345.32257902
1298.00000000	1336.26724226
1300.00000000	1363.47963078
1302.00000000	1410.65767920
1304.00000000	1438.50883508
1306.00000000	1418.00900890
1308.00000000	1411.79187939
1310.00000000	1448.90037429
1312.00000000	1461.41011389
1314.00000000	1431.85638996
1316.00000000	1414.67337745
1318.00000000	1473.94308170
1320.00000000	1476.66111919
1322.00000000	1419.81420197
1324.00000000	1413.16009488
1326.00000000	1409.53239347
1328.00000000	1412.94618148
1330.00000000	1443.40865710
1332.00000000	1433.29658104
1334.00000000	1444.23584391
1336.00000000	1516.70099800
1338.00000000	1527.52141374
1340.00000000	1467.86646474
1342.00000000	1400.15539369
1344.00000000	1385.49511685
1346.00000000	1374.58997439
1348.00000000	1353.39873116
1350.00000000	1354.48437071
1352.00000000	1312.17536959
1354.00000000	1277.48502760
1356.00000000	1332.77955198
1358.00000000	1345.52357879
1360.00000000	1306.55497343
1362.00000000	1287.96099377
1364.00000000	1314.05882400
1366.00000000	1334.70737789
1368.00000000	1320.22226832
1370.00000000	1310.58365050
1372.00000000	1297.25047820
1374.00000000	1288.71361770
1376.00000000	1304.72812730
1378.00000000	1261.98083248
1380.00000000	1215.54287845
1382.00000000	1261.75921349
1384.00000000	1245.71445277
1386.00000000	1180.41120099
1388.00000000	1162.55566461
1390.00000000	1183.69075826
1392.00000000	1181.10233004
1394.00000000	1157.20073727
1396.00000000	1202.19696529
1398.00000000	1234.28784125
1400.00000000	1218.56755560
1402.00000000	1209.24912502
1404.00000000	1182.73574180
1406.00000000	1164.38305100
1408.00000000	1189.65008696
1410.00000000	1196.71682659
1412.00000000	1196.32308882
1414.00000000	1202.08802729
1416.00000000	1165.93626812
1418.00000000	1161.66204959
1420.00000000	1212.52933305
1422.00000000	1231.23846557
1424.00000000	1204.85107242
1426.00000000	1180.45048614
1428.00000000	1211.56605142
1430.00000000	1267.96957202
1432.00000000	1270.17660585
1434.00000000	1200.94333695
1436.00000000	1191.66810247
1438.00000000	1245.70490791
1440.00000000	1307.78415723
1442.00000000	1341.87824039
1444.00000000	1360.17726940
1446.00000000	1393.01784051
1448.00000000	1445.73019680
1450.00000000	1442.83321811
1452.00000000	1423.28639114
1454.00000000	1450.66405934
1456.00000000	1459.88359822
1458.00000000	1434.25213863
1460.00000000	1401.44264246
1462.00000000	1392.97716471
1464.00000000	1364.55043443
1466.00000000	1320.36661084
1468.00000000	1310.92563716
1470.00000000	1308.37833188
1472.00000000	1295.68453349
1474.00000000	1272.26463376
1476.00000000	1238.97244855
1478.00000000	1235.05697844
1480.00000000	1249.62501616
1482.00000000	1211.11043762
1484.00000000	1198.25157196
1486.00000000	1218.93527577
1488.00000000	1195.51084175
1490.00000000	1130.04867488
1492.00000000	1111.05737037
1494.00000000	1162.75408223
1496.00000000	1134.17104097
1498.00000000	1087.63661557
1500.00000000	1079.75222102
1502.00000000	1055.61032790
1504.00000000	1033.23058813
1506.00000000	1026.94743072
1508.00000000	1027.64065602
1510.00000000	1021.09308649
1512.00000000	1009.75947886
1514.00000000	1007.73627720
1516.00000000	1022.89959013
1518.00000000	1013.33836627
1520.00000000	1008.52014462
1522.00000000	1067.50520075
1524.00000000	1046.76213930
1526.00000000	1000.96807121
1528.00000000	1052.28848559
1530.00000000	1110.21162748
1532.00000000	1076.70774289
1534.00000000	993.33722505
1536.00000000	1010.75605955
1538.00000000	1014.01358725
1540.00000000	992.70381870
1542.00000000	1026.28572038
1544.00000000	1041.55488846
1546.00000000	1046.73546315
1548.00000000	1069.01540283
1550.00000000	1080.21041285
1552.00000000	1087.10121492
1554.00000000	1104.42428135
1556.00000000	1131.17003785
1558.00000000	1137.57319144
1560.00000000	1124.30347894
1562.00000000	1113.94213289
1564.00000000	1123.03783806
1566.00000000	1142.62482393
1568.00000000	1170.75089125
1570.00000000	1210.10996057
1572.00000000	1215.62016666
1574.00000000	1191.62167864
1576.00000000	1180.04278116
1578.00000000	1202.65847277
1580.00000000	1226.00831966
1582.00000000	1230.33766374
1584.00000000	1238.25516791
1586.00000000	1253.38726308
1588.00000000	1255.80100816
1590.00000000	1224.48788552
1592.00000000	1174.00673017
1594.00000000	1162.48492428
1596.00000000	1177.61416546
1598.00000000	1134.33545320
1600.00000000	1144.22501046
1602.00000000	1204.47914052
1604.00000000	1210.48684801
1606.00000000	1160.20884696
1608.00000000	1127.81116277
1610.00000000	1145.84074260
1612.00000000	1158.43509278
1614.00000000	1164.05976716
1616.00000000	1150.38241867
1618.00000000	1114.54064710
1620.00000000	1124.53946188
1622.00000000	1165.20213665
1624.00000000	1181.35298069
1626.00000000	1145.38785733
1628.00000000	1105.64049477
1630.00000000	1113.17967687
1632.00000000	1156.30691117
1634.00000000	1132.92032394
1636.00000000	1124.67970162
1638.00000000	1156.85564865
1640.00000000	1112.33481861
1642.00000000	1143.96186940
1644.00000000	1228.67212794
1646.00000000	1227.62539374
1648.00000000	1199.99283857
1650.00000000	1218.32719207
1652.00000000	1272.03669636
1654.00000000	1276.57501870
1656.00000000	1245.49301804
1658.00000000	1260.80533626
1660.00000000	1323.55280410
1662.00000000	1254.23918771
1664.00000000	1225.05384076
1666.00000000	1307.38072306
1668.00000000	1328.36680936
1670.00000000	1314.28118045
1672.00000000	1289.12203878
1674.00000000	1261.44353894
1676.00000000	1262.02897450
1678.00000000	1264.41223904
1680.00000000	1272.69957215
1682.00000000	1296.08252671
1684.00000000	1224.94949287
1686.00000000	1201.20479672
1688.00000000	1262.93491875
1690.00000000	1144.35350547
1692.00000000	1102.58304206
1694.00000000	1180.59804931
1696.00000000	1175.22912768
1698.00000000	1115.47889537
1700.00000000	1065.30559326
1702.00000000	1065.30559326
1704.00000000	1065.30559326
1706.00000000	1065.30559326
1708.00000000	1065.30559326
1710.00000000	1065.30559326
1712.00000000	1065.30559326
1714.00000000	1065.30559326
1716.00000000	922.71296114
1718.00000000	895.13601985
1720.00000000	890.58005104
1722.00000000	908.87077902
1724.00000000	928.94611896
1726.00000000	935.99960549
1728.00000000	905.05825631
1730.00000000	896.06935244
1732.00000000	949.16247166
1734.00000000	922.78623500
1736.00000000	903.00574790
1738.00000000	933.18772686
1740.00000000	915.15442697
1742.00000000	898.05158793
1744.00000000	890.48597046
1746.00000000	877.16598976
1748.00000000	875.36251387
1750.00000000	865.49277290
1752.00000000	863.28375448
1754.00000000	891.62013362
1756.00000000	892.20541797
1758.00000000	851.24380426
1760.00000000	830.77983969
1762.00000000	891.41080544
1764.00000000	892.02429646
1766.00000000	847.53118805
1768.00000000	847.06404425
1770.00000000	876.64273049
1772.00000000	883.70922314
1774.00000000	863.65426071
1776.00000000	855.04856338
1778.00000000	870.65872641
1780.00000000	856.15193526
1782.00000000	822.96584999
1784.00000000	851.95828339
1786.00000000	892.20813508
1788.00000000	895.57381393
1790.00000000	857.25515671
1792.00000000	816.50393192
1794.00000000	832.32847724
1796.00000000	878.67901100
1798.00000000	885.57108277
1800.00000000	849.96782857
1802.00000000	830.35055820
1804.00000000	837.80426895
1806.00000000	837.08351840
1808.00000000	852.57932427
1810.00000000	857.00320717
1812.00000000	840.96014472
1814.00000000	850.14527658
1816.00000000	884.05502867
1818.00000000	891.48217669
1820.00000000	858.40679625
1822.00000000	855.73932187
1824.00000000	851.34497189
1826.00000000	838.59713193
1828.00000000	836.33457640
1830.00000000	821.80836747
1832.00000000	847.87430108
1834.00000000	889.81741353
1836.00000000	862.97064854
1838.00000000	830.04558699
1840.00000000	821.51406675
1842.00000000	829.36302392
1844.00000000	836.88848684
1846.00000000	836.38302870
1848.00000000	822.29933028
1850.00000000	816.51781988
1852.00000000	856.19116123
1854.00000000	863.45195067
1856.00000000	854.83889244
1858.00000000	866.84516712
1860.00000000	825.35647043
1862.00000000	845.01690944
1864.00000000	882.10713987
1866.00000000	827.56898289
1868.00000000	858.98375349
1870.00000000	865.53099065
1872.00000000	816.86881662
1874.00000000	844.59425534
1876.00000000	873.74548011
1878.00000000	857.52039424
1880.00000000	828.41583923
1882.00000000	848.00968352
1884.00000000	881.31192115
1886.00000000	871.52836313
1888.00000000	840.67217298
1890.00000000	872.38626250
1892.00000000	850.97736413
1894.00000000	806.61271547
1896.00000000	825.33567167
1898.00000000	857.57535485
1900.00000000	845.17672555
1902.00000000	817.16018840
1904.00000000	817.62893893
1906.00000000	808.45104157
1908.00000000	831.87319952
1910.00000000	861.29579163
1912.00000000	846.31146806
1914.00000000	855.49308204
1916.00000000	856.75858231
1918.00000000	841.30138771
1920.00000000	847.66895223
1922.00000000	865.36892321
1924.00000000	863.04004482
1926.00000000	847.84985172
1928.00000000	847.61008264
1930.00000000	828.75789498
1932.00000000	825.42732840
1934.00000000	843.43620820
1936.00000000	842.41870613
1938.00000000	859.90549175
1940.00000000	859.77689490
1942.00000000	837.24413413
1944.00000000	858.65384490
1946.00000000	904.76101514
1948.00000000	897.26457889
1950.00000000	846.83742615
1952.00000000	855.44534185
1954.00000000	842.92937908
1956.00000000	817.79266383
1958.00000000	829.73085161
1960.00000000	867.57943728
1962.00000000	881.61584168
1964.00000000	871.83476892
1966.00000000	869.14973650
1968.00000000	882.65595313
1970.00000000	869.59628007
1972.00000000	854.70980198
1974.00000000	859.88047976
1976.00000000	841.72276774
1978.00000000	816.95389888
1980.00000000	841.47592600
1982.00000000	887.92138316
1984.00000000	844.13548335
1986.00000000	840.44856185
1988.00000000	863.81890550
1990.00000000	851.96719774
1992.00000000	860.38053811
1994.00000000	879.97318890
1996.00000000	869.79901105
1998.00000000	827.94530119
2000.00000000	816.84079193
2002.00000000	857.97063203
2004.00000000	876.76588008
2006.00000000	847.15312304
2008.00000000	861.07835712
2010.00000000	866.28686655
2012.00000000	835.88811787
2014.00000000	808.73249244
2016.00000000	831.43888452
2018.00000000	847.46674560
2020.00000000	858.45206046
2022.00000000	856.73338883
2024.00000000	799.72858718
2026.00000000	811.64835139
2028.00000000	866.89051257
2030.00000000	881.63420489
2032.00000000	864.18961913
2034.00000000	876.36984684
2036.00000000	859.98820162
2038.00000000	810.80769902
2040.00000000	832.48461648
2042.00000000	862.96739783
2044.00000000	878.05858512
2046.00000000	876.11446084
2048.00000000	857.61365765
2050.00000000	869.91235960
2052.00000000	865.56987946
2054.00000000	832.00485055
2056.00000000	831.95098623
2058.00000000	867.95219513
2060.00000000	869.38603302
2062.00000000	847.47868228
2064.00000000	858.78578870
2066.00000000	826.00316739
2068.00000000	803.15076017
2070.00000000	836.36665023
2072.00000000	881.47062905
2074.00000000	861.98283551
2076.00000000	841.06982167
2078.00000000	838.34594067
2080.00000000	827.06034002
2082.00000000	834.21880233
2084.00000000	862.39862224
2086.00000000	868.56051253
2088.00000000	844.73983756
2090.00000000	856.27871737
2092.00000000	860.23961799
2094.00000000	859.97724536
2096.00000000	863.42432568
2098.00000000	841.81596126
2100.00000000	850.88941034
2102.00000000	871.55461483
2104.00000000	875.10193518
2106.00000000	877.01843783
2108.00000000	871.05210361
2110.00000000	870.39577990
2112.00000000	866.20570973
2114.00000000	844.42903135
2116.00000000	849.46644382
2118.00000000	842.21559450
2120.00000000	830.46115161
2122.00000000	865.66303973
2124.00000000	917.72710731
2126.00000000	876.42897446
2128.00000000	841.04335492
2130.00000000	897.23221223
2132.00000000	879.60184323
2134.00000000	859.96613652
2136.00000000	852.57410807
2138.00000000	846.57771583
2140.00000000	868.96723714
2142.00000000	851.15600901
2144.00000000	838.44620356
2146.00000000	844.32895800
2148.00000000	826.12630972
2150.00000000	856.12393853
2152.00000000	865.33837554
2154.00000000	855.24763376
2156.00000000	861.05182064
2158.00000000	794.74262053
2160.00000000	805.57524786
2162.00000000	856.31735799
2164.00000000	835.43166019
2166.00000000	818.70466470
2168.00000000	870.06722754
2170.00000000	870.87401813
2172.00000000	816.40763483
2174.00000000	862.41523010
2176.00000000	889.56219549
2178.00000000	872.07832482
2180.00000000	851.28940470
2182.00000000	859.20956455
2184.00000000	890.73232631
2186.00000000	889.88526864
2188.00000000	861.34989683
2190.00000000	849.09476306
2192.00000000	860.52539019
2194.00000000	871.38310710
2196.00000000	860.59244990
2198.00000000	856.96294381
2200.00000000	885.95290076
2202.00000000	849.75563386
2204.00000000	848.58494861
2206.00000000	882.86280700
2208.00000000	867.43140825
2210.00000000	870.41428028
2212.00000000	838.44461150
2214.00000000	823.83930381
2216.00000000	857.00112335
2218.00000000	845.20575824
2220.00000000	869.49697820
2222.00000000	900.79515252
2224.00000000	901.88627891
2226.00000000	905.05821686
2228.00000000	918.62963963
2230.00000000	861.18837713
2232.00000000	831.27135002
2234.00000000	896.47952199
2236.00000000	875.56091166
2238.00000000	853.97479881
2240.00000000	871.26982342
2242.00000000	880.75241372
2244.00000000	850.28844689
2246.00000000	840.21605483
2248.00000000	870.69598480
2250.00000000	877.42701671
2252.00000000	839.49157946
2254.00000000	861.78774589
2256.00000000	880.32064187
2258.00000000	865.07299532
2260.00000000	853.24566340
2262.00000000	867.17560913
2264.00000000	845.28242861
2266.00000000	827.94846624
2268.00000000	833.71769784
2270.00000000	844.97314840
2272.00000000	866.68934267
2274.00000000	848.39002635
2276.00000000	857.60300947
2278.00000000	899.23500059
2280.00000000	868.75322576
2282.00000000	823.31230066
2284.00000000	852.81871202
2286.00000000	880.02313303
2288.00000000	825.71283882
2290.00000000	815.56319918
2292.00000000	865.74388094
2294.00000000	876.94726546
2296.00000000	838.52837656
2298.00000000	840.57894184
2300.00000000	857.57006531
2302.00000000	879.24090939
2304.00000000	898.30234281
2306.00000000	895.84218152
2308.00000000	870.92406372
2310.00000000	888.95610937
2312.00000000	882.97378082
2314.00000000	834.17302551
2316.00000000	825.87651717
2318.00000000	879.25641002
2320.00000000	890.19291150
2322.00000000	876.63532880
2324.00000000	898.09565218
2326.00000000	922.60689951
2328.00000000	897.93819957
2330.00000000	893.29441989
2332.00000000	902.04622182
2334.00000000	878.52470371
2336.00000000	869.93394477
2338.00000000	868.49689821
2340.00000000	854.19858924
2342.00000000	852.58736114
2344.00000000	886.19588437
2346.00000000	890.94299420
2348.00000000	883.90292274
2350.00000000	884.67745176
2352.00000000	890.78531424
2354.00000000	891.26757285
2356.00000000	875.75651974
2358.00000000	867.77353856
2360.00000000	884.38822951
2362.00000000	898.37523798
2364.00000000	872.59213174
2366.00000000	876.58195914
2368.00000000	889.47035680
2370.00000000	873.47204372
2372.00000000	853.37181176
2374.00000000	878.10483995
2376.00000000	893.53785208
2378.00000000	865.75296492
2380.00000000	846.36775580
2382.00000000	881.79119847
2384.00000000	877.18415595
2386.00000000	839.19346247
2388.00000000	844.11756986
2390.00000000	885.38497402
2392.00000000	877.14622448
2394.00000000	875.25378714
2396.00000000	875.22160398
2398.00000000	867.39462787
2400.00000000	862.93506328
2402.00000000	863.03614385
2404.00000000	851.20576908
2406.00000000	869.52010715
2408.00000000	904.93843677
2410.00000000	899.53819342
2412.00000000	862.53324069
2414.00000000	865.49686510
2416.00000000	888.75785463
2418.00000000	889.25759807
2420.00000000	872.76308425
2422.00000000	868.33096358
2424.00000000	846.32534222
2426.00000000	859.22229221
2428.00000000	893.25183256
2430.00000000	884.87356888
2432.00000000	897.36258676
2434.00000000	883.15991406
2436.00000000	869.66665104
2438.00000000	858.86895261
2440.00000000	824.47183983
2442.00000000	860.71708824
2444.00000000	888.85353259
2446.00000000	882.10720522
2448.00000000	870.53101825
2450.00000000	868.88814195
2452.00000000	881.11584788
2454.00000000	889.30593733
2456.00000000	904.39328905
2458.00000000	902.70392329
2460.00000000	859.00870706
2462.00000000	872.48587345
2464.00000000	874.63091728
2466.00000000	875.47503492
2468.00000000	895.10836408
2470.00000000	888.92426950
2472.00000000	884.56980242
2474.00000000	865.04994298
2476.00000000	874.59279886
2478.00000000	893.37971959
2480.00000000	847.56954510
2482.00000000	848.21701287
2484.00000000	889.39062148
2486.00000000	883.29502633
2488.00000000	848.20894721
2490.00000000	862.19137030
2492.00000000	830.53399038
2494.00000000	845.85812556
2496.00000000	874.89794220
2498.00000000	892.14120407
2500.00000000	929.81868511
2502.00000000	884.42146498
2504.00000000	889.12165977
2506.00000000	887.72993059
2508.00000000	865.55098347
2510.00000000	890.17747257
2512.00000000	834.86631527
2514.00000000	865.07791095
2516.00000000	932.66561559
2518.00000000	923.36853544
2520.00000000	876.09947757
2522.00000000	887.26541168
2524.00000000	893.91772613
2526.00000000	879.87638060
2528.00000000	861.90562464
2530.00000000	864.06369353
2532.00000000	896.37349984
2534.00000000	857.81595136
2536.00000000	874.94308973
2538.00000000	924.34456829
2540.00000000	888.20374303
2542.00000000	847.77163996
2544.00000000	879.71894433
2546.00000000	860.72688577
2548.00000000	871.50513334
2550.00000000	932.95275437
2552.00000000	870.17743232
2554.00000000	863.62117529
2556.00000000	883.16580079
2558.00000000	890.22007264
2560.00000000	897.44192268
2562.00000000	894.65570550
2564.00000000	854.73255505
2566.00000000	862.10329245
2568.00000000	897.94773645
2570.00000000	903.88368753
2572.00000000	890.84870837
2574.00000000	900.44563037
2576.00000000	874.92333375
2578.00000000	880.74674018
2580.00000000	890.32928635
2582.00000000	860.04609243
2584.00000000	879.45606615
2586.00000000	927.55291985
2588.00000000	923.25039065
2590.00000000	910.90012486
2592.00000000	915.60153086
2594.00000000	880.30200066
2596.00000000	861.82627141
2598.00000000	899.01171247
2600.00000000	935.93111133
2602.00000000	918.89823474
2604.00000000	883.88093185
2606.00000000	890.48464736
2608.00000000	861.03178782
2610.00000000	886.55445231
2612.00000000	929.78663256
2614.00000000	924.02472760
2616.00000000	931.69861389
2618.00000000	910.06362442
2620.00000000	887.53206825
2622.00000000	886.03430762
2624.00000000	884.82216078
2626.00000000	883.80742467
2628.00000000	925.80497868
2630.00000000	932.60603146
2632.00000000	903.28886465
2634.00000000	888.75767732
2636.00000000	907.09146730
2638.00000000	921.55386064
2640.00000000	903.37981051
2642.00000000	906.60212670
2644.00000000	927.95089163
2646.00000000	920.06478740
2648.00000000	879.38853509
2650.00000000	863.79477290
2652.00000000	886.21783028
2654.00000000	859.06710434
2656.00000000	861.02009919
2658.00000000	924.97713844
2660.00000000	915.32616723
2662.00000000	910.58946589
2664.00000000	930.39695673
2666.00000000	941.41028648
2668.00000000	931.56389969
2670.00000000	926.13719292
2672.00000000	936.36190389
2674.00000000	922.53370591
2676.00000000	905.18599922
2678.00000000	908.42409884
2680.00000000	923.66292695
2682.00000000	933.87331149
2684.00000000	934.61240196
2686.00000000	899.46627429
2688.00000000	916.76757293
2690.00000000	930.08178038
2692.00000000	904.97154770
2694.00000000	950.01950819
2696.00000000	964.56567409
2698.00000000	985.71865159
2700.00000000	961.34973140
2702.00000000	917.88866021
2704.00000000	937.03303890
2706.00000000	954.57380379
2708.00000000	908.46196623
2710.00000000	901.25394747
2712.00000000	967.45527880
2714.00000000	985.80986429
2716.00000000	915.93636374
2718.00000000	931.31505547
2720.00000000	967.22067801
2722.00000000	955.50507807
2724.00000000	950.64390796
2726.00000000	952.82463341
2728.00000000	910.92989276
2730.00000000	917.38746847
2732.00000000	956.62278568
2734.00000000	994.44091030
2736.00000000	1006.29294708
2738.00000000	980.76922667
2740.00000000	944.02365728
2742.00000000	954.68745137
2744.00000000	984.56264637
2746.00000000	968.19141867
2748.00000000	935.82347170
2750.00000000	936.00175772
2752.00000000	948.24034406
2754.00000000	966.20304286
2756.00000000	976.58946498
2758.00000000	976.79526323
2760.00000000	976.09995065
2762.00000000	972.05294626
2764.00000000	958.94205181
2766.00000000	960.64808019
2768.00000000	961.19706686
2770.00000000	926.53422312
2772.00000000	901.27441145
2774.00000000	923.45256899
2776.00000000	954.70361563
2778.00000000	972.38512155
2780.00000000	924.59595142
2782.00000000	943.16952913
2784.00000000	948.81491497
2786.00000000	892.10196629
2788.00000000	918.49094152
2790.00000000	941.54672641
2792.00000000	959.10180473
2794.00000000	922.02267281
2796.00000000	901.60487374
2798.00000000	944.33660375
2800.00000000	970.56193562
2802.00000000	973.42724979
2804.00000000	975.13533861
2806.00000000	962.75128884
2808.00000000	951.33240033
2810.00000000	942.07971698
2812.00000000	921.50795208
2814.00000000	941.37548870
2816.00000000	1025.89225185
2818.00000000	944.56104298
2820.00000000	904.38917836
2822.00000000	974.97487492
2824.00000000	980.47696021
2826.00000000	989.54440331
2828.00000000	959.05547024
2830.00000000	979.99964645
2832.00000000	1016.05780138
2834.00000000	1027.03472594
2836.00000000	1041.04493640
2838.00000000	1066.36260661
2840.00000000	1088.55666373
2842.00000000	1104.32498848
2844.00000000	1113.96325994
2846.00000000	1137.08179439
2848.00000000	1144.23574139
2850.00000000	1163.68640430
2852.00000000	1317.83775597
2854.00000000	1352.69859438
2856.00000000	1424.90688727
2858.00000000	1467.50910840
2860.00000000	1437.92797305
2862.00000000	1466.09822300
2864.00000000	1534.64055322
2866.00000000	1585.95147880
2868.00000000	1665.22719503
2870.00000000	1788.14674877
2872.00000000	1842.09627947
2874.00000000	1852.44524183
2876.00000000	1933.35777274
2878.00000000	1951.01163002
2880.00000000	2002.40443002
2882.00000000	1984.98149210
2884.00000000	1995.98427494
2886.00000000	2006.18337536
2888.00000000	1948.64071177
2890.00000000	1990.51645706
2892.00000000	2000.99537066
2894.00000000	2025.22023302
2896.00000000	2057.64400116
2898.00000000	2076.99653438
2900.00000000	2091.55621873
2902.00000000	2123.04920482
2904.00000000	2194.11211498
2906.00000000	2275.13738457
2908.00000000	2311.12172000
2910.00000000	2294.96436839
2912.00000000	2348.10354620
2914.00000000	2465.85767281
2916.00000000	2482.63807180
2918.00000000	2513.98896102
2920.00000000	2729.22044881
2922.00000000	2756.58716131
2924.00000000	2818.65403862
2926.00000000	2907.72042048
2928.00000000	2853.62688358
2930.00000000	2947.42396616
2932.00000000	2929.97886843
2934.00000000	2917.92818721
2936.00000000	2976.55907844
2938.00000000	3017.32995827
2940.00000000	2926.41582397
2942.00000000	2783.95244585
2944.00000000	2762.65932932
2946.00000000	2687.01239427
2948.00000000	2589.38797927
2950.00000000	2490.31397701
2952.00000000	2470.41917016
2954.00000000	2463.72839792
2956.00000000	2380.44665987
2958.00000000	2362.57898809
2960.00000000	2320.43623394
2962.00000000	2234.48214059
2964.00000000	2250.85433601
2966.00000000	2261.39055116
2968.00000000	2186.44678587
2970.00000000	2127.38447367
2972.00000000	2080.25773712
2974.00000000	2091.70989853
2976.00000000	2096.22483190
2978.00000000	2005.53634461
2980.00000000	1915.79557875
2982.00000000	1890.64544898
2984.00000000	1862.80735894
2986.00000000	1820.44631908
2988.00000000	1765.22265970
2990.00000000	1676.50837137
2992.00000000	1625.50179900
2994.00000000	1604.54839441
2996.00000000	1516.11704018
2998.00000000	1409.63821488
3000.00000000	1439.29291318
3002.00000000	1464.79645079
3004.00000000	1346.69742183
3006.00000000	1287.60742973
3008.00000000	1301.84643870
3010.00000000	1259.82766972
3012.00000000	1194.37685027
3014.00000000	1215.21297008
3016.00000000	1243.09745986
3018.00000000	1188.70658094
3020.00000000	1136.52785775
3022.00000000	1099.48717719
3024.00000000	1093.40990858
3026.00000000	1098.78895787
3028.00000000	1073.72927262
3030.00000000	1061.85690783
3032.00000000	1032.36444136
3034.00000000	1069.06989910
3036.00000000	1070.31384691
3038.00000000	1074.48918162
3040.00000000	1113.52474192
3042.00000000	1086.21602232
3044.00000000	1045.40366245
3046.00000000	1140.51443676
3048.00000000	1070.11803642
3050.00000000	1043.51749491
3052.00000000	1041.54690895
3054.00000000	1083.93128834
3056.00000000	1113.88045536
3058.00000000	1043.25111672
3060.00000000	1097.19341556
3062.00000000	1136.86328734
3064.00000000	1138.87413242
3066.00000000	1102.69175982
3068.00000000	1088.89008842
3070.00000000	1095.38137403
3072.00000000	1104.76333392
3074.00000000	1113.19711370
3076.00000000	1040.36627600
3078.00000000	1006.02140003
3080.00000000	1013.89811397
3082.00000000	1019.08928675
3084.00000000	997.10500299
3086.00000000	987.83650534
3088.00000000	996.37613418
3090.00000000	969.41301508
3092.00000000	956.29739358
3094.00000000	967.39341558
3096.00000000	941.20789725
3098.00000000	926.97332061
3100.00000000	949.19804139
3102.00000000	1021.74593353
3104.00000000	1033.25611603
3106.00000000	902.91637628
3108.00000000	945.51416406
3110.00000000	983.03900363
3112.00000000	963.98334627
3114.00000000	944.94061556
3116.00000000	950.29051084
3118.00000000	964.45454312
3120.00000000	959.41401845
3122.00000000	939.47818330
3124.00000000	960.79165740
3126.00000000	985.65769266
3128.00000000	941.18997165
3130.00000000	929.18439656
3132.00000000	958.06563048
3134.00000000	938.10086468
3136.00000000	922.21791621
3138.00000000	960.46115688
3140.00000000	919.38177563
3142.00000000	945.66155552
3144.00000000	924.09688788
3146.00000000	917.94546867
3148.00000000	946.37208735
3150.00000000	963.49737919
3152.00000000	940.40353013
3154.00000000	912.51248407
3156.00000000	927.56106100
3158.00000000	875.48366022
3160.00000000	890.56384358
3162.00000000	892.67581787
3164.00000000	885.63858567
3166.00000000	917.92526483
3168.00000000	929.51397899
3170.00000000	881.23301151
3172.00000000	878.94565800
3174.00000000	964.47468584
3176.00000000	972.47941707
3178.00000000	935.30796370
3180.00000000	916.26779339
3182.00000000	932.09691177
3184.00000000	953.19792782
3186.00000000	945.54746010
3188.00000000	944.12701638
3190.00000000	969.84076389
3192.00000000	924.32442690
3194.00000000	921.38637736
3196.00000000	916.90494552
3198.00000000	946.52412505
3200.00000000	956.46166634
3202.00000000	919.49002295
3204.00000000	905.15935390
3206.00000000	932.33857135
3208.00000000	957.59128644
3210.00000000	944.79150846
3212.00000000	935.12878878
3214.00000000	911.41993943
3216.00000000	886.85486598
3218.00000000	928.28323912
3220.00000000	920.71048266
3222.00000000	872.33321621
3224.00000000	921.76825081
3226.00000000	912.90574320
3228.00000000	901.56111215
3230.00000000	914.59475153
3232.00000000	957.65917319
3234.00000000	948.04576816
3236.00000000	923.66415933
3238.00000000	922.34117829
3240.00000000	912.88198252
3242.00000000	896.46073039
3244.00000000	903.95376418
3246.00000000	947.04155732
3248.00000000	945.71594253
3250.00000000	943.07224470
3252.00000000	995.10827189
3254.00000000	932.03225636
3256.00000000	920.81630316
3258.00000000	968.96148176
3260.00000000	918.50043280
3262.00000000	940.11047564
3264.00000000	947.21857941
3266.00000000	970.77035610
3268.00000000	958.63615462
3270.00000000	946.35726076
3272.00000000	976.97502964
3274.00000000	973.89238349
3276.00000000	962.20792769
3278.00000000	983.36496764
3280.00000000	988.07560308
3282.00000000	986.59381193
3284.00000000	957.18935515
3286.00000000	968.80604911
3288.00000000	1024.63435904
3290.00000000	1019.62416549
3292.00000000	994.07012195
3294.00000000	1032.57538302
3296.00000000	1047.20801487
3298.00000000	993.51088594
3300.00000000	1001.03394072
3302.00000000	1054.00317894
3304.00000000	1018.44703809
3306.00000000	993.34713325
3308.00000000	1016.28361522
3310.00000000	1056.70978708
3312.00000000	1009.84118400
3314.00000000	1020.47830309
3316.00000000	1044.56744182
3318.00000000	999.54499433
3320.00000000	1001.24369144
3322.00000000	1015.34697067
3324.00000000	1061.43031342
3326.00000000	988.47785315
3328.00000000	1014.49410875
3330.00000000	1066.27691469
3332.00000000	1072.20754603
3334.00000000	1030.70934671
3336.00000000	1024.48265877
3338.00000000	1036.88491763
3340.00000000	1005.90127004
3342.00000000	998.00689534
3344.00000000	1002.51913429
3346.00000000	1011.54865762
3348.00000000	1016.48447962
3350.00000000	1053.09955194
3352.00000000	1048.04932739
3354.00000000	1081.41840889
3356.00000000	1036.12494761
3358.00000000	976.94089125
3360.00000000	1005.38134265
3362.00000000	991.70120692
3364.00000000	958.26632916
3366.00000000	929.58105869
3368.00000000	958.53962845
3370.00000000	986.35847400
3372.00000000	1009.37099233
3374.00000000	993.97415665
3376.00000000	975.73782404
3378.00000000	974.38468675
3380.00000000	948.04771576
3382.00000000	935.81911148
3384.00000000	943.66087716
3386.00000000	928.75085596
3388.00000000	988.26962636
3390.00000000	971.05672981
3392.00000000	927.28740453
3394.00000000	928.94519217
3396.00000000	928.73404896
3398.00000000	936.29457239
3400.00000000	928.39670327
3402.00000000	982.78246061
3404.00000000	999.54733086
3406.00000000	910.66151719
3408.00000000	917.36582149
3410.00000000	936.68294635
3412.00000000	891.68995595
3414.00000000	895.56223230
3416.00000000	895.03248370
3418.00000000	913.81668487
3420.00000000	908.21823992
3422.00000000	878.26226869
3424.00000000	859.09930365
3426.00000000	870.87642314
3428.00000000	888.31351299
3430.00000000	912.54587953
3432.00000000	927.18151816
3434.00000000	876.77245000
3436.00000000	885.22981195
3438.00000000	878.94934425
3440.00000000	873.11247601
3442.00000000	869.63240164
3444.00000000	871.92708725
3446.00000000	876.59784029
3448.00000000	841.47788509
3450.00000000	839.20811334
3452.00000000	873.86512562
3454.00000000	844.58046946
3456.00000000	806.39167855
3458.00000000	820.31930203
3460.00000000	816.16502574
3462.00000000	850.36183090
3464.00000000	844.31539195
3466.00000000	798.74413287
3468.00000000	853.94104662
3470.00000000	816.87172608
3472.00000000	826.45612673
3474.00000000	866.67001734
3476.00000000	831.74062663
3478.00000000	805.27469786
3480.00000000	813.63162261
3482.00000000	822.09814439
3484.00000000	850.41243911
3486.00000000	860.02100688
3488.00000000	833.28934025
3490.00000000	812.33279821
3492.00000000	789.38170776
3494.00000000	805.40174199
3496.00000000	818.02575308
3498.00000000	812.57715856
3500.00000000	793.90436761
3502.00000000	812.73126539
3504.00000000	810.66882822
3506.00000000	803.96244826
3508.00000000	814.94448362
3510.00000000	786.84484955
3512.00000000	822.32458274
3514.00000000	799.04490634
3516.00000000	813.54697002
3518.00000000	828.96903430
3520.00000000	794.09312366
3522.00000000	791.69710236
3524.00000000	827.02364961
3526.00000000	808.35642089
3528.00000000	809.40498063
3530.00000000	822.90309810
3532.00000000	790.35486258
3534.00000000	756.84879114
3536.00000000	785.02238218
3538.00000000	823.07019851
3540.00000000	793.12162456
3542.00000000	774.39052734
3544.00000000	769.00917083
3546.00000000	822.06664923
3548.00000000	802.46004161
3550.00000000	802.57377482
3552.00000000	788.45655532
3554.00000000	782.64132380
3556.00000000	789.38601803
3558.00000000	768.03219427
3560.00000000	784.52229785
3562.00000000	781.70562291
3564.00000000	764.83070979
3566.00000000	819.07452621
3568.00000000	813.43406270
3570.00000000	751.17446039
3572.00000000	779.44548292
3574.00000000	786.68212945
3576.00000000	778.61926528
3578.00000000	770.74613880
3580.00000000	788.56497790
3582.00000000	784.98146953
3584.00000000	787.75375991
3586.00000000	758.66808506
3588.00000000	757.95671237
3590.00000000	783.76977406
3592.00000000	800.33667432
3594.00000000	825.59026887
3596.00000000	817.87139308
3598.00000000	763.63298085
3600.00000000	763.92540008
3602.00000000	804.79495154
3604.00000000	788.73263068
3606.00000000	779.95615467
3608.00000000	808.77529634
3610.00000000	812.71161848
3612.00000000	739.56599717
3614.00000000	748.48076744
3616.00000000	776.58027882
3618.00000000	748.94583342
3620.00000000	770.95498865
3622.00000000	801.08564218
3624.00000000	747.22988561
3626.00000000	750.49335394
3628.00000000	800.50135786
3630.00000000	812.38172461
3632.00000000	817.01725108
3634.00000000	810.18861587
3636.00000000	770.24219303
3638.00000000	757.54038099
3640.00000000	781.92648902
3642.00000000	757.21011141
3644.00000000	797.60446040
3646.00000000	750.89204092
3648.00000000	789.39175880
3650.00000000	764.17317291
3652.00000000	778.61124316
3654.00000000	780.27792379
3656.00000000	770.54560156
3658.00000000	758.07213808
3660.00000000	804.08700784
3662.00000000	764.48809781
3664.00000000	750.40343427
3666.00000000	751.57935817
3668.00000000	769.16757368
3670.00000000	780.75623401
3672.00000000	768.61353630
3674.00000000	775.85728371
3676.00000000	779.62149887
3678.00000000	816.04674891
3680.00000000	780.24345697
3682.00000000	787.24358627
3684.00000000	745.18123126
3686.00000000	781.75407180
3688.00000000	758.45318170
3690.00000000	751.78412340
3692.00000000	764.11770540
3694.00000000	705.02973213
3696.00000000	771.27293247
3698.00000000	769.16932863
3700.00000000	730.86297013
3702.00000000	755.69319253
3704.00000000	744.66243931
3706.00000000	761.98016511
3708.00000000	741.13066352
3710.00000000	748.68227128
3712.00000000	769.96522910
3714.00000000	777.37939989
3716.00000000	782.05402010
3718.00000000	750.04648272
3720.00000000	769.86534857
3722.00000000	778.91363208
3724.00000000	767.17508240
3726.00000000	765.70889788
3728.00000000	758.52876993
3730.00000000	784.29453563
3732.00000000	754.57258921
3734.00000000	757.81211197
3736.00000000	721.48509422
3738.00000000	742.63603905
3740.00000000	766.38156985
3742.00000000	734.94437472
3744.00000000	798.21637113
3746.00000000	747.16179680
3748.00000000	761.56385929
3750.00000000	799.37775034
3752.00000000	805.13095022
3754.00000000	751.11412782
3756.00000000	691.23159167
3758.00000000	720.25046931
3760.00000000	738.56506068
3762.00000000	777.20497059
3764.00000000	767.20274062
3766.00000000	742.94305188
3768.00000000	740.20051067
3770.00000000	710.18952056
3772.00000000	738.11332762
3774.00000000	785.87183798
3776.00000000	805.62840486
3778.00000000	730.49832078
3780.00000000	749.01711080
3782.00000000	780.85798005
3784.00000000	754.27691157
3786.00000000	773.09791348
3788.00000000	746.92248141
3790.00000000	772.15846470
3792.00000000	730.70785331
3794.00000000	818.12753023
3796.00000000	782.98232445
3798.00000000	751.68615095
3800.00000000	758.66780193
