400.00000000	1087.74002731
402.00000000	1069.35172787
404.00000000	1056.63872409
406.00000000	1046.94572068
408.00000000	1033.45759214
410.00000000	1050.04627651
412.00000000	1084.63185119
414.00000000	1082.11863912
416.00000000	1048.26108903
418.00000000	1022.41830424
420.00000000	1057.16601044
422.00000000	1106.14981717
424.00000000	1086.70754416
426.00000000	1057.81151339
428.00000000	1055.64080631
430.00000000	1042.57557079
432.00000000	1026.48948572
434.00000000	1028.50778987
436.00000000	1037.24548747
438.00000000	1039.87627873
440.00000000	1032.43487711
442.00000000	1038.47259447
444.00000000	1065.30092237
446.00000000	1077.22846832
448.00000000	1064.05304608
450.00000000	1038.84909821
452.00000000	1026.83408822
454.00000000	1031.08881252
456.00000000	1027.80033253
458.00000000	1013.44969835
460.00000000	999.51060524
462.00000000	1007.10559926
464.00000000	1016.38680599
466.00000000	992.72767322
468.00000000	986.47719691
470.00000000	1010.99652926
472.00000000	1000.98680131
474.00000000	984.57407046
476.00000000	1009.02714158
478.00000000	1029.89339055
480.00000000	1022.88232967
482.00000000	1002.91263491
484.00000000	1009.64939240
486.00000000	1050.19092889
488.00000000	1067.17878566
490.00000000	1057.01484528
492.00000000	1045.13915673
494.00000000	1030.71876620
496.00000000	1020.06078462
498.00000000	1027.64550556
500.00000000	1033.73559070
502.00000000	1032.97464479
504.00000000	1067.65859092
506.00000000	1101.85198004
508.00000000	1075.84326247
510.00000000	1051.47503215
512.00000000	1055.71919565
514.00000000	1049.79741626
516.00000000	1059.03264519
518.00000000	1100.91953741
520.00000000	1119.01100162
522.00000000	1097.38589960
524.00000000	1062.27482012
526.00000000	1058.37710243
528.00000000	1091.15655935
530.00000000	1116.25011245
532.00000000	1127.01468848
534.00000000	1127.16115672
536.00000000	1105.46243208
538.00000000	1080.74162435
540.00000000	1080.14318976
542.00000000	1068.54130505
544.00000000	1053.15880546
546.00000000	1099.17467269
548.00000000	1154.06114736
550.00000000	1153.07027305
552.00000000	1122.51895045
554.00000000	1089.49073449
556.00000000	1069.50561899
558.00000000	1066.24271031
560.00000000	1074.38657787
562.00000000	1081.76325799
564.00000000	1082.17432601
566.00000000	1079.93391811
568.00000000	1092.55171035
570.00000000	1098.21829127
572.00000000	1068.35608635
574.00000000	1053.91895897
576.00000000	1062.59083593
578.00000000	1043.95026379
580.00000000	1032.42088762
582.00000000	1053.86203941
584.00000000	1056.21196055
586.00000000	1040.74779380
588.00000000	1044.22144443
590.00000000	1084.60359327
592.00000000	1120.65724890
594.00000000	1079.41821643
596.00000000	1032.59491374
598.00000000	1039.22598087
600.00000000	1054.44177438
602.00000000	1057.31180361
604.00000000	1053.65733887
606.00000000	1067.48920328
608.00000000	1085.30862961
610.00000000	1067.95923009
612.00000000	1028.10859025
614.00000000	1003.42371705
616.00000000	1034.03844716
618.00000000	1071.75214884
620.00000000	1068.53312363
622.00000000	1069.29780694
624.00000000	1076.55477233
626.00000000	1068.35991137
628.00000000	1084.54285208
630.00000000	1118.20103146
632.00000000	1107.58911633
634.00000000	1090.81099612
636.00000000	1109.16643558
638.00000000	1139.84047098
640.00000000	1166.60562208
642.00000000	1180.35787841
644.00000000	1170.33417955
646.00000000	1141.37739980
648.00000000	1114.19763454
650.00000000	1114.65392848
652.00000000	1133.51470262
654.00000000	1120.68210760
656.00000000	1096.14129817
658.00000000	1095.09284057
660.00000000	1113.92059457
662.00000000	1137.85997259
664.00000000	1153.78939753
666.00000000	1168.12639071
668.00000000	1191.67154117
670.00000000	1224.38420634
672.00000000	1209.37815280
674.00000000	1146.66919557
676.00000000	1135.44914752
678.00000000	1147.14203343
680.00000000	1129.89971345
682.00000000	1129.90784011
684.00000000	1145.32924257
686.00000000	1142.05635197
688.00000000	1132.34467955
690.00000000	1133.03864145
692.00000000	1149.29927228
694.00000000	1157.32228716
696.00000000	1159.07612020
698.00000000	1201.68426323
700.00000000	1250.13067273
702.00000000	1249.75342974
704.00000000	1203.59412767
706.00000000	1168.21738280
708.00000000	1195.32797242
710.00000000	1210.75083768
712.00000000	1199.72390310
714.00000000	1216.23679754
716.00000000	1209.63020651
718.00000000	1180.62925447
720.00000000	1233.18582909
722.00000000	1293.33457969
724.00000000	1280.68868859
726.00000000	1278.11468163
728.00000000	1295.41769197
730.00000000	1291.44156754
732.00000000	1261.93891715
734.00000000	1241.96144105
736.00000000	1274.19589568
738.00000000	1304.44345343
740.00000000	1319.47170098
742.00000000	1378.90004209
744.00000000	1446.30281175
746.00000000	1488.33538979
748.00000000	1542.70137503
750.00000000	1581.31962338
752.00000000	1563.39667284
754.00000000	1517.64272143
756.00000000	1449.56963475
758.00000000	1360.82105598
760.00000000	1328.72860610
762.00000000	1352.14307629
764.00000000	1349.68192231
766.00000000	1338.26744697
768.00000000	1335.06261271
770.00000000	1319.29961383
772.00000000	1321.96973061
774.00000000	1353.46947241
776.00000000	1348.21486279
778.00000000	1332.56870405
780.00000000	1355.29152666
782.00000000	1371.24260340
784.00000000	1380.63149415
786.00000000	1410.57048527
788.00000000	1414.71103158
790.00000000	1384.65158072
792.00000000	1363.20624650
794.00000000	1364.07992152
796.00000000	1376.32169083
798.00000000	1373.04635424
800.00000000	1357.21437722
802.00000000	1343.33490828
804.00000000	1341.45450653
806.00000000	1343.40455501
808.00000000	1344.69641167
810.00000000	1369.62396269
812.00000000	1403.15487794
814.00000000	1411.67871693
816.00000000	1401.75587678
818.00000000	1397.28674969
820.00000000	1416.86488514
822.00000000	1422.58264075
824.00000000	1408.14325808
826.00000000	1416.30861142
828.00000000	1459.61075514
830.00000000	1500.51209272
832.00000000	1460.81529080
834.00000000	1384.70753754
836.00000000	1355.71570214
838.00000000	1411.99693651
840.00000000	1463.16486186
842.00000000	1427.53045448
844.00000000	1407.26836929
846.00000000	1425.37613720
848.00000000	1441.85375935
850.00000000	1457.64983342
852.00000000	1477.32801737
854.00000000	1494.40145812
856.00000000	1477.18621227
858.00000000	1450.43012887
860.00000000	1483.67802588
862.00000000	1527.75977469
864.00000000	1526.36973723
866.00000000	1477.70507063
868.00000000	1459.76730233
870.00000000	1504.38274646
872.00000000	1527.73157490
874.00000000	1523.62167112
876.00000000	1510.71010300
878.00000000	1474.98400513
880.00000000	1445.89737618
882.00000000	1454.77870022
884.00000000	1471.20141937
886.00000000	1502.58552547
888.00000000	1552.76473500
890.00000000	1522.20336914
892.00000000	1467.25045622
894.00000000	1524.63329117
896.00000000	1577.48682698
898.00000000	1552.89218540
900.00000000	1491.39018402
902.00000000	1468.53909076
904.00000000	1494.79711013
906.00000000	1507.83278136
908.00000000	1526.82973872
910.00000000	1545.81245040
912.00000000	1505.95001611
914.00000000	1500.34102384
916.00000000	1576.98381097
918.00000000	1620.37628223
920.00000000	1625.93546835
922.00000000	1622.58929636
924.00000000	1595.20732559
926.00000000	1593.53182600
928.00000000	1642.70489271
930.00000000	1638.71453899
932.00000000	1609.45458225
934.00000000	1633.22713925
936.00000000	1670.90534145
938.00000000	1668.92579084
940.00000000	1613.27811378
942.00000000	1593.23751229
944.00000000	1627.78188269
946.00000000	1658.92014759
948.00000000	1625.42728478
950.00000000	1579.31196819
952.00000000	1625.59434372
954.00000000	1662.07299758
956.00000000	1627.99215396
958.00000000	1576.11710976
960.00000000	1621.27149691
962.00000000	1711.67432677
964.00000000	1654.70032908
966.00000000	1624.05573855
968.00000000	1683.03315234
970.00000000	1651.10335082
972.00000000	1662.02507131
974.00000000	1753.00943591
976.00000000	1706.19667204
978.00000000	1643.15242154
980.00000000	1676.98308592
982.00000000	1699.16386207
984.00000000	1720.92002033
986.00000000	1765.63253038
988.00000000	1778.96431016
990.00000000	1757.42556049
992.00000000	1728.55175738
994.00000000	1723.36735514
996.00000000	1756.60033965
998.00000000	1812.11262580
1000.00000000	1837.16107252
1002.00000000	1854.79580056
1004.00000000	1898.29102155
1006.00000000	1925.78787787
1008.00000000	1894.40085323
1010.00000000	1805.73050589
1012.00000000	1744.78439832
1014.00000000	1719.40597341
1016.00000000	1696.60339467
1018.00000000	1682.66083368
1020.00000000	1688.18293041
1022.00000000	1703.31432826
1024.00000000	1675.72208988
1026.00000000	1649.47706689
1028.00000000	1685.08301247
1030.00000000	1697.53637053
1032.00000000	1712.88909412
1034.00000000	1785.40830624
1036.00000000	1775.41284324
1038.00000000	1694.77128366
1040.00000000	1664.03827873
1042.00000000	1699.34241994
1044.00000000	1733.41181151
1046.00000000	1701.83208933
1048.00000000	1696.18461511
1050.00000000	1745.31180773
1052.00000000	1801.76226505
1054.00000000	1816.93604359
1056.00000000	1802.09266397
1058.00000000	1798.94207406
1060.00000000	1792.23424174
1062.00000000	1791.95876629
1064.00000000	1818.72692487
1066.00000000	1831.76092107
1068.00000000	1835.92273058
1070.00000000	1855.77173203
1072.00000000	1829.18051371
1074.00000000	1803.31924330
1076.00000000	1865.77199093
1078.00000000	1899.22325867
1080.00000000	1900.14751866
1082.00000000	1931.95442429
1084.00000000	1869.65094564
1086.00000000	1779.43506832
1088.00000000	1824.67753448
1090.00000000	1884.18045836
1092.00000000	1898.66802584
1094.00000000	1884.80295512
1096.00000000	1804.13578525
1098.00000000	1748.00931826
1100.00000000	1832.89413891
1102.00000000	1920.47085124
1104.00000000	1918.73156999
1106.00000000	1849.85721873
1108.00000000	1844.76716310
1110.00000000	1896.89145193
1112.00000000	1905.74118508
1114.00000000	1842.70699278
1116.00000000	1792.00689696
1118.00000000	1837.15048668
1120.00000000	1876.96226837
1122.00000000	1881.36685980
1124.00000000	1885.25566727
1126.00000000	1911.70608499
1128.00000000	1983.66051630
1130.00000000	2064.60597241
1132.00000000	1997.20902036
1134.00000000	1862.77547757
1136.00000000	1807.50990919
1138.00000000	1776.67355303
1140.00000000	1748.47638506
1142.00000000	1723.61352083
1144.00000000	1685.34055678
1146.00000000	1688.99113300
1148.00000000	1750.81927002
1150.00000000	1753.05319549
1152.00000000	1718.39666124
1154.00000000	1711.97125590
1156.00000000	1734.18839415
1158.00000000	1764.33313929
1160.00000000	1767.85557880
1162.00000000	1715.06166210
1164.00000000	1686.50847845
1166.00000000	1719.61602828
1168.00000000	1732.76559044
1170.00000000	1722.76917658
1172.00000000	1723.21959152
1174.00000000	1757.29918942
1176.00000000	1768.40903438
1178.00000000	1729.01884284
1180.00000000	1680.07155566
1182.00000000	1661.46647846
1184.00000000	1667.97404794
1186.00000000	1661.07446605
1188.00000000	1662.46195575
1190.00000000	1670.04513341
1192.00000000	1651.32350363
1194.00000000	1610.48445778
1196.00000000	1596.55433084
1198.00000000	1655.13227565
1200.00000000	1721.08661589
1202.00000000	1742.17434033
1204.00000000	1722.85327606
1206.00000000	1741.26502456
1208.00000000	1791.03286805
1210.00000000	1812.98420874
1212.00000000	1788.29242230
1214.00000000	1772.10384656
1216.00000000	1802.07262932
1218.00000000	1807.75798309
1220.00000000	1822.82369018
1222.00000000	1885.76211278
1224.00000000	1933.93124264
1226.00000000	1900.67326299
1228.00000000	1826.37893949
1230.00000000	1869.79823845
1232.00000000	1942.64619151
1234.00000000	1935.93070237
1236.00000000	1863.62248657
1238.00000000	1846.70358845
1240.00000000	1893.17090642
1242.00000000	1886.06512034
1244.00000000	1860.74441669
1246.00000000	1854.22427334
1248.00000000	1858.60116546
1250.00000000	1846.23839927
1252.00000000	1826.34175410
1254.00000000	1820.25858074
1256.00000000	1796.82837979
1258.00000000	1788.38216467
1260.00000000	1829.69092019
1262.00000000	1852.30599215
1264.00000000	1827.60701578
1266.00000000	1791.15463240
1268.00000000	1819.65702621
1270.00000000	1825.10090812
1272.00000000	1770.51687187
1274.00000000	1788.81323241
1276.00000000	1829.08485148
1278.00000000	1824.18196303
1280.00000000	1788.77632142
1282.00000000	1770.84971846
1284.00000000	1785.25655439
1286.00000000	1806.20711289
1288.00000000	1820.02427349
1290.00000000	1843.84004031
1292.00000000	1884.41333623
1294.00000000	1861.70523010
1296.00000000	1843.01721867
1298.00000000	1917.16024118
1300.00000000	1974.27374287
1302.00000000	2010.68687354
1304.00000000	2051.32539482
1306.00000000	2052.03986770
1308.00000000	2071.13550059
1310.00000000	2125.93154870
1312.00000000	2122.74313521
1314.00000000	2066.00711003
1316.00000000	2024.83487874
1318.00000000	2055.08486571
1320.00000000	2034.19331805
1322.00000000	1978.54949253
1324.00000000	2000.24818908
1326.00000000	1994.55053490
1328.00000000	1949.86523317
1330.00000000	1939.11161071
1332.00000000	1994.30952908
1334.00000000	2051.35819188
1336.00000000	2057.64632357
1338.00000000	2063.81579206
1340.00000000	2070.05387303
1342.00000000	2038.66333518
1344.00000000	1943.91468015
1346.00000000	1897.92293742
1348.00000000	1933.02671171
1350.00000000	1958.73108275
1352.00000000	1925.07517490
1354.00000000	1889.79449249
1356.00000000	1922.57221205
1358.00000000	1922.20902003
1360.00000000	1908.88322811
1362.00000000	1927.78364132
1364.00000000	1901.00613633
1366.00000000	1867.39502479
1368.00000000	1863.64906165
1370.00000000	1840.28429028
1372.00000000	1800.56066700
1374.00000000	1779.55997900
1376.00000000	1799.73295374
1378.00000000	1792.86999708
1380.00000000	1799.57875638
1382.00000000	1884.87267622
1384.00000000	1892.56454492
1386.00000000	1834.57780737
1388.00000000	1801.53309889
1390.00000000	1784.85879142
1392.00000000	1790.69693686
1394.00000000	1821.61649463
1396.00000000	1851.04065477
1398.00000000	1824.73948518
1400.00000000	1786.89356671
1402.00000000	1828.37835654
1404.00000000	1814.08917855
1406.00000000	1762.08583176
1408.00000000	1764.37014994
1410.00000000	1719.11471444
1412.00000000	1689.77907909
1414.00000000	1724.59777550
1416.00000000	1686.25163109
1418.00000000	1649.14634614
1420.00000000	1675.14566209
1422.00000000	1703.51049635
1424.00000000	1710.14780520
1426.00000000	1704.50031383
1428.00000000	1718.80304407
1430.00000000	1784.76202788
1432.00000000	1813.65254545
1434.00000000	1745.05780361
1436.00000000	1715.00678420
1438.00000000	1768.59416344
1440.00000000	1835.03910122
1442.00000000	1807.83184719
1444.00000000	1828.67298767
1446.00000000	1910.25091164
1448.00000000	1927.91221671
1450.00000000	1945.90076488
1452.00000000	1944.37645760
1454.00000000	1895.28472216
1456.00000000	1908.92041087
1458.00000000	1940.50832393
1460.00000000	1916.71519681
1462.00000000	1854.12634039
1464.00000000	1835.15317367
1466.00000000	1828.15002782
1468.00000000	1744.35299093
1470.00000000	1716.24589462
1472.00000000	1741.77412206
1474.00000000	1736.86451317
1476.00000000	1701.68282915
1478.00000000	1646.84282206
1480.00000000	1603.89617571
1482.00000000	1617.14140283
1484.00000000	1652.61287759
1486.00000000	1643.19419132
1488.00000000	1559.10173030
1490.00000000	1499.82064695
1492.00000000	1491.35416814
1494.00000000	1496.06577289
1496.00000000	1483.56920009
1498.00000000	1493.02676989
1500.00000000	1505.70451994
1502.00000000	1443.89371430
1504.00000000	1427.31857007
1506.00000000	1475.03968365
1508.00000000	1490.41254773
1510.00000000	1425.97594884
1512.00000000	1379.39003881
1514.00000000	1407.66332205
1516.00000000	1405.93709067
1518.00000000	1421.97280335
1520.00000000	1467.48219496
1522.00000000	1478.12084808
1524.00000000	1474.67044238
1526.00000000	1470.04085783
1528.00000000	1474.10205696
1530.00000000	1515.32520541
1532.00000000	1521.78202937
1534.00000000	1475.59498165
1536.00000000	1467.08786675
1538.00000000	1482.35373624
1540.00000000	1479.95723707
1542.00000000	1456.33541211
1544.00000000	1486.54767889
1546.00000000	1541.57825489
1548.00000000	1566.80265604
1550.00000000	1571.99059422
1552.00000000	1588.24066203
1554.00000000	1627.91804165
1556.00000000	1669.26058651
1558.00000000	1664.02671234
1560.00000000	1610.51753662
1562.00000000	1556.38355657
1564.00000000	1565.12374819
1566.00000000	1609.21919335
1568.00000000	1644.70024101
1570.00000000	1660.50492344
1572.00000000	1678.79638833
1574.00000000	1685.34200020
1576.00000000	1669.73667591
1578.00000000	1687.60500495
1580.00000000	1743.04870497
1582.00000000	1793.29092741
1584.00000000	1792.84175224
1586.00000000	1784.13083391
1588.00000000	1742.72824482
1590.00000000	1650.85335655
1592.00000000	1641.24571178
1594.00000000	1663.19235776
1596.00000000	1635.50976440
1598.00000000	1583.67865880
1600.00000000	1593.08730005
1602.00000000	1650.39274349
1604.00000000	1673.23695986
1606.00000000	1647.95519047
1608.00000000	1636.86105445
1610.00000000	1652.91222044
1612.00000000	1616.39737313
1614.00000000	1549.45776486
1616.00000000	1515.22930800
1618.00000000	1548.49997607
1620.00000000	1594.47967997
1622.00000000	1602.41063969
1624.00000000	1563.45634901
1626.00000000	1516.25296139
1628.00000000	1500.03888121
1630.00000000	1510.80664002
1632.00000000	1514.11414089
1634.00000000	1495.87619231
1636.00000000	1504.76212845
1638.00000000	1537.35518526
1640.00000000	1517.03450654
1642.00000000	1522.16411847
1644.00000000	1557.83970477
1646.00000000	1578.23303510
1648.00000000	1621.79000823
1650.00000000	1634.69080147
1652.00000000	1609.23354017
1654.00000000	1628.41526693
1656.00000000	1659.34415030
1658.00000000	1707.66184846
1660.00000000	1755.10999410
1662.00000000	1676.05043696
1664.00000000	1662.66571507
1666.00000000	1737.34464178
1668.00000000	1687.27688170
1670.00000000	1711.09037381
1672.00000000	1730.79475873
1674.00000000	1619.57436281
1676.00000000	1581.81688765
1678.00000000	1617.06201964
1680.00000000	1653.63717147
1682.00000000	1639.22256918
1684.00000000	1542.17382705
1686.00000000	1497.08315466
1688.00000000	1552.40160599
1690.00000000	1523.73187267
1692.00000000	1477.60040017
1694.00000000	1478.33212156
1696.00000000	1485.55651457
1698.00000000	1414.71895571
1700.00000000	1379.44053650
1702.00000000	1379.44053650
1704.00000000	1379.44053650
1706.00000000	1379.44053650
1708.00000000	1379.44053650
1710.00000000	1379.44053650
1712.00000000	1379.44053650
1714.00000000	1379.44053650
1716.00000000	1297.42876878
1718.00000000	1304.90920261
1720.00000000	1263.66649854
1722.00000000	1269.41899474
1724.00000000	1340.47390936
1726.00000000	1280.70888808
1728.00000000	1211.85579265
1730.00000000	1221.85877594
1732.00000000	1270.68821906
1734.00000000	1294.66613958
1736.00000000	1302.34673921
1738.00000000	1301.26621448
1740.00000000	1270.75681598
1742.00000000	1234.49075637
1744.00000000	1220.35183789
1746.00000000	1228.74865302
1748.00000000	1229.11009807
1750.00000000	1235.42482410
1752.00000000	1230.55231865
1754.00000000	1197.80749424
1756.00000000	1209.46588918
1758.00000000	1244.41140301
1760.00000000	1258.09199831
1762.00000000	1244.40273905
1764.00000000	1218.91366578
1766.00000000	1212.88550609
1768.00000000	1224.50704654
1770.00000000	1201.31356406
1772.00000000	1179.33203329
1774.00000000	1194.70740180
1776.00000000	1238.74724688
1778.00000000	1259.65312949
1780.00000000	1210.39492352
1782.00000000	1154.12157759
1784.00000000	1206.36751839
1786.00000000	1258.09393870
1788.00000000	1256.34450685
1790.00000000	1214.38496009
1792.00000000	1162.45925287
1794.00000000	1173.38878409
1796.00000000	1218.22600415
1798.00000000	1227.13663137
1800.00000000	1228.30277699
1802.00000000	1223.38804396
1804.00000000	1219.01918057
1806.00000000	1234.93731352
1808.00000000	1264.60373811
1810.00000000	1262.52758778
1812.00000000	1220.83162679
1814.00000000	1196.65367592
1816.00000000	1212.61459583
1818.00000000	1241.49391690
1820.00000000	1240.77498270
1822.00000000	1204.11387829
1824.00000000	1200.38827199
1826.00000000	1229.38997465
1828.00000000	1237.03435055
1830.00000000	1225.91444266
1832.00000000	1243.68044374
1834.00000000	1265.13803124
1836.00000000	1227.91258055
1838.00000000	1210.11101481
1840.00000000	1216.41345173
1842.00000000	1209.98899281
1844.00000000	1193.57431038
1846.00000000	1250.65845689
1848.00000000	1261.88744347
1850.00000000	1181.59716669
1852.00000000	1217.06721783
1854.00000000	1233.42295067
1856.00000000	1209.88065659
1858.00000000	1218.36486373
1860.00000000	1210.58721434
1862.00000000	1234.98518720
1864.00000000	1273.09143382
1866.00000000	1256.75671287
1868.00000000	1226.76011268
1870.00000000	1231.49253612
1872.00000000	1260.96602200
1874.00000000	1260.07623413
1876.00000000	1221.41296846
1878.00000000	1213.24441959
1880.00000000	1241.47215560
1882.00000000	1230.95445079
1884.00000000	1232.91417653
1886.00000000	1239.48595834
1888.00000000	1222.00276150
1890.00000000	1207.41179785
1892.00000000	1253.28390198
1894.00000000	1284.92971290
1896.00000000	1243.63321532
1898.00000000	1235.34284493
1900.00000000	1264.87857930
1902.00000000	1254.49825638
1904.00000000	1197.68888924
1906.00000000	1242.61873921
1908.00000000	1268.38926898
1910.00000000	1250.06253803
1912.00000000	1257.87131763
1914.00000000	1225.24519788
1916.00000000	1219.67323125
1918.00000000	1252.75116597
1920.00000000	1257.26482445
1922.00000000	1247.43630787
1924.00000000	1254.09478640
1926.00000000	1267.24572874
1928.00000000	1252.65003592
1930.00000000	1231.87342320
1932.00000000	1226.34255426
1934.00000000	1242.31480251
1936.00000000	1261.71573825
1938.00000000	1242.09581648
1940.00000000	1234.70343661
1942.00000000	1254.61295382
1944.00000000	1248.32300369
1946.00000000	1272.22336845
1948.00000000	1248.85378024
1950.00000000	1196.51138936
1952.00000000	1261.10864421
1954.00000000	1231.16975475
1956.00000000	1198.09806048
1958.00000000	1255.00972873
1960.00000000	1251.46451199
1962.00000000	1266.52209771
1964.00000000	1259.54833149
1966.00000000	1210.77348916
1968.00000000	1238.47048282
1970.00000000	1273.48165888
1972.00000000	1259.18982406
1974.00000000	1224.09777345
1976.00000000	1231.80429778
1978.00000000	1221.79488298
1980.00000000	1242.69917135
1982.00000000	1287.10453145
1984.00000000	1213.06467520
1986.00000000	1214.08099168
1988.00000000	1244.79369153
1990.00000000	1214.00306935
1992.00000000	1242.90550895
1994.00000000	1266.26006049
1996.00000000	1245.09201967
1998.00000000	1224.36126299
2000.00000000	1258.88173400
2002.00000000	1257.54061679
2004.00000000	1225.96582192
2006.00000000	1223.87725900
2008.00000000	1250.17472421
2010.00000000	1263.75343424
2012.00000000	1240.95664063
2014.00000000	1224.55331930
2016.00000000	1277.71081660
2018.00000000	1279.99888110
2020.00000000	1254.98449884
2022.00000000	1260.93411899
2024.00000000	1252.25341502
2026.00000000	1230.60311149
2028.00000000	1236.79331632
2030.00000000	1270.15901191
2032.00000000	1271.89348963
2034.00000000	1249.71698626
2036.00000000	1227.81272255
2038.00000000	1220.88898288
2040.00000000	1231.77612030
2042.00000000	1262.61622666
2044.00000000	1282.63196000
2046.00000000	1281.28452150
2048.00000000	1285.01662804
2050.00000000	1296.82350004
2052.00000000	1313.94709432
2054.00000000	1314.53395054
2056.00000000	1282.45406834
2058.00000000	1265.26979751
2060.00000000	1272.35791752
2062.00000000	1296.76170333
2064.00000000	1316.63926697
2066.00000000	1281.32725835
2068.00000000	1254.08222318
2070.00000000	1284.76193810
2072.00000000	1332.13821266
2074.00000000	1309.50197462
2076.00000000	1287.04296971
2078.00000000	1260.25062875
2080.00000000	1216.13757511
2082.00000000	1269.29631869
2084.00000000	1266.25429408
2086.00000000	1230.96741171
2088.00000000	1254.81465216
2090.00000000	1255.46421376
2092.00000000	1278.90547779
2094.00000000	1319.89512845
2096.00000000	1324.42875582
2098.00000000	1282.11944401
2100.00000000	1278.02170747
2102.00000000	1288.37245810
2104.00000000	1289.29191923
2106.00000000	1306.37885870
2108.00000000	1273.14533497
2110.00000000	1270.07044965
2112.00000000	1305.53527474
2114.00000000	1291.56688158
2116.00000000	1280.51039638
2118.00000000	1268.10649021
2120.00000000	1262.08955428
2122.00000000	1293.04126190
2124.00000000	1340.17699642
2126.00000000	1297.64906144
2128.00000000	1233.14973178
2130.00000000	1259.97700660
2132.00000000	1318.18312750
2134.00000000	1345.76836039
2136.00000000	1291.89166084
2138.00000000	1218.15048445
2140.00000000	1254.37490658
2142.00000000	1289.35390348
2144.00000000	1289.32666503
2146.00000000	1294.96868458
2148.00000000	1328.26103831
2150.00000000	1339.25200207
2152.00000000	1293.41913837
2154.00000000	1265.62080058
2156.00000000	1310.79322938
2158.00000000	1298.61108123
2160.00000000	1250.92967311
2162.00000000	1232.41063221
2164.00000000	1257.66576668
2166.00000000	1292.56552545
2168.00000000	1351.10254751
2170.00000000	1354.59407641
2172.00000000	1302.26220511
2174.00000000	1310.26750708
2176.00000000	1340.21164211
2178.00000000	1314.25775754
2180.00000000	1266.86554168
2182.00000000	1268.25535841
2184.00000000	1250.31483531
2186.00000000	1261.54317634
2188.00000000	1284.25345468
2190.00000000	1289.02492576
2192.00000000	1327.33429650
2194.00000000	1333.66739167
2196.00000000	1299.14615076
2198.00000000	1270.21031396
2200.00000000	1281.14505682
2202.00000000	1314.84072371
2204.00000000	1357.45411249
2206.00000000	1378.13482679
2208.00000000	1358.38311928
2210.00000000	1334.69825364
2212.00000000	1302.16968631
2214.00000000	1296.18342752
2216.00000000	1312.79045780
2218.00000000	1287.63474668
2220.00000000	1312.58111510
2222.00000000	1372.89920458
2224.00000000	1401.29510501
2226.00000000	1381.64573467
2228.00000000	1359.70798258
2230.00000000	1325.93548035
2232.00000000	1310.87710937
2234.00000000	1340.78170615
2236.00000000	1356.64574541
2238.00000000	1322.82047564
2240.00000000	1321.22148401
2242.00000000	1350.26836263
2244.00000000	1307.62411085
2246.00000000	1272.38497479
2248.00000000	1330.47969523
2250.00000000	1377.80553827
2252.00000000	1328.32174368
2254.00000000	1339.95857434
2256.00000000	1356.98618419
2258.00000000	1360.18153068
2260.00000000	1359.78624088
2262.00000000	1343.81185399
2264.00000000	1330.34878607
2266.00000000	1307.52164190
2268.00000000	1309.83235456
2270.00000000	1356.61383216
2272.00000000	1357.61198920
2274.00000000	1281.11040715
2276.00000000	1314.14959645
2278.00000000	1421.07361371
2280.00000000	1353.79343273
2282.00000000	1333.07022149
2284.00000000	1348.47573549
2286.00000000	1366.21102367
2288.00000000	1371.09024043
2290.00000000	1308.53146764
2292.00000000	1335.60330502
2294.00000000	1368.90273491
2296.00000000	1335.53723676
2298.00000000	1331.29891187
2300.00000000	1376.35109876
2302.00000000	1393.39377459
2304.00000000	1391.90392680
2306.00000000	1426.27465283
2308.00000000	1453.33545213
2310.00000000	1360.42317835
2312.00000000	1338.37802625
2314.00000000	1391.71536894
2316.00000000	1345.49807863
2318.00000000	1327.56866639
2320.00000000	1381.88678726
2322.00000000	1430.23978245
2324.00000000	1436.16716841
2326.00000000	1444.02721370
2328.00000000	1399.72115277
2330.00000000	1370.96783344
2332.00000000	1361.04536870
2334.00000000	1340.77773214
2336.00000000	1362.61796602
2338.00000000	1373.47093339
2340.00000000	1348.51396098
2342.00000000	1319.56205047
2344.00000000	1327.46347826
2346.00000000	1362.68846303
2348.00000000	1382.92129277
2350.00000000	1369.17544162
2352.00000000	1355.88756644
2354.00000000	1375.27453327
2356.00000000	1357.30208727
2358.00000000	1340.39870742
2360.00000000	1356.05785607
2362.00000000	1370.11879631
2364.00000000	1344.47566210
2366.00000000	1334.48738254
2368.00000000	1373.32512234
2370.00000000	1385.88012411
2372.00000000	1360.58556119
2374.00000000	1455.88576313
2376.00000000	1401.73684936
2378.00000000	1297.41967202
2380.00000000	1302.57502459
2382.00000000	1331.48930826
2384.00000000	1333.07981863
2386.00000000	1328.99762934
2388.00000000	1334.14868807
2390.00000000	1335.33026880
2392.00000000	1320.16245100
2394.00000000	1308.65744311
2396.00000000	1312.64609725
2398.00000000	1359.06425372
2400.00000000	1406.29098951
2402.00000000	1362.21910238
2404.00000000	1348.26616281
2406.00000000	1318.56607734
2408.00000000	1319.56581376
2410.00000000	1388.14591044
2412.00000000	1353.79953279
2414.00000000	1338.62730642
2416.00000000	1412.62519327
2418.00000000	1431.85077689
2420.00000000	1317.78216764
2422.00000000	1300.46499211
2424.00000000	1279.83185600
2426.00000000	1363.90740509
2428.00000000	1474.36035575
2430.00000000	1405.08872250
2432.00000000	1379.83032381
2434.00000000	1364.13980983
2436.00000000	1380.69385399
2438.00000000	1400.83074010
2440.00000000	1349.15843873
2442.00000000	1351.41867221
2444.00000000	1384.71102108
2446.00000000	1390.72009530
2448.00000000	1374.27627731
2450.00000000	1373.65552993
2452.00000000	1373.31221458
2454.00000000	1394.94261048
2456.00000000	1392.96230067
2458.00000000	1340.03332759
2460.00000000	1315.18086029
2462.00000000	1398.03930457
2464.00000000	1436.98271992
2466.00000000	1380.38415578
2468.00000000	1364.72212445
2470.00000000	1454.78679613
2472.00000000	1407.25816011
2474.00000000	1362.75474210
2476.00000000	1391.47525160
2478.00000000	1405.04416077
2480.00000000	1377.15063983
2482.00000000	1429.00174812
2484.00000000	1416.69635822
2486.00000000	1386.73755484
2488.00000000	1402.98306642
2490.00000000	1391.88395884
2492.00000000	1396.00576709
2494.00000000	1375.18070216
2496.00000000	1379.97968513
2498.00000000	1409.67384277
2500.00000000	1391.43065313
2502.00000000	1396.80508800
2504.00000000	1413.10252846
2506.00000000	1379.69905595
2508.00000000	1348.82745026
2510.00000000	1387.51880917
2512.00000000	1375.09890102
2514.00000000	1407.98429783
2516.00000000	1460.81244226
2518.00000000	1434.67556003
2520.00000000	1359.98238954
2522.00000000	1380.14686701
2524.00000000	1373.58970201
2526.00000000	1354.73342761
2528.00000000	1368.20624606
2530.00000000	1383.71227450
2532.00000000	1380.34357207
2534.00000000	1404.45536202
2536.00000000	1426.61607630
2538.00000000	1445.14595459
2540.00000000	1432.57563773
2542.00000000	1341.36607477
2544.00000000	1367.74850957
2546.00000000	1353.83503422
2548.00000000	1371.30813634
2550.00000000	1455.05100786
2552.00000000	1397.18055294
2554.00000000	1400.00728862
2556.00000000	1408.67840184
2558.00000000	1401.34552442
2560.00000000	1425.40504378
2562.00000000	1458.81103679
2564.00000000	1419.86717983
2566.00000000	1374.83298337
2568.00000000	1366.06539726
2570.00000000	1403.10333290
2572.00000000	1454.53739854
2574.00000000	1447.09554034
2576.00000000	1430.34027829
2578.00000000	1432.38984951
2580.00000000	1408.83021189
2582.00000000	1374.76037433
2584.00000000	1414.59349008
2586.00000000	1422.97298283
2588.00000000	1426.51894840
2590.00000000	1427.02694225
2592.00000000	1405.11925642
2594.00000000	1382.82653818
2596.00000000	1372.22502927
2598.00000000	1364.72162420
2600.00000000	1394.13160343
2602.00000000	1432.97808138
2604.00000000	1416.05704428
2606.00000000	1380.11114861
2608.00000000	1410.02807768
2610.00000000	1434.82554169
2612.00000000	1400.63600618
2614.00000000	1398.96757557
2616.00000000	1476.42929859
2618.00000000	1400.82287446
2620.00000000	1369.89391120
2622.00000000	1377.44732943
2624.00000000	1361.85273268
2626.00000000	1391.77515071
2628.00000000	1454.96196927
2630.00000000	1468.43784879
2632.00000000	1461.54028574
2634.00000000	1453.42584891
2636.00000000	1407.03837377
2638.00000000	1355.03900320
2640.00000000	1440.40061374
2642.00000000	1459.19109519
2644.00000000	1449.89402148
2646.00000000	1477.68597948
2648.00000000	1456.00870708
2650.00000000	1400.74699305
2652.00000000	1401.71275633
2654.00000000	1438.16881646
2656.00000000	1467.00381402
2658.00000000	1451.09361092
2660.00000000	1393.27092617
2662.00000000	1405.78839198
2664.00000000	1432.45784331
2666.00000000	1418.03238034
2668.00000000	1421.78029318
2670.00000000	1473.90063937
2672.00000000	1471.06384017
2674.00000000	1441.35270815
2676.00000000	1408.50583571
2678.00000000	1418.55025987
2680.00000000	1439.03788781
2682.00000000	1422.78418692
2684.00000000	1469.96549716
2686.00000000	1485.01734855
2688.00000000	1438.81066917
2690.00000000	1430.84040294
2692.00000000	1472.79925457
2694.00000000	1461.87167409
2696.00000000	1469.79486789
2698.00000000	1459.34111142
2700.00000000	1472.45097716
2702.00000000	1486.54807993
2704.00000000	1437.35264335
2706.00000000	1384.99428516
2708.00000000	1393.98722699
2710.00000000	1477.80831689
2712.00000000	1525.54945889
2714.00000000	1513.87872537
2716.00000000	1510.35335444
2718.00000000	1499.23439451
2720.00000000	1539.06277919
2722.00000000	1477.60932060
2724.00000000	1466.95688534
2726.00000000	1520.23013959
2728.00000000	1461.92276055
2730.00000000	1525.04923950
2732.00000000	1547.13444340
2734.00000000	1511.29600897
2736.00000000	1539.24107944
2738.00000000	1575.38940598
2740.00000000	1502.34163469
2742.00000000	1494.49228195
2744.00000000	1430.48933347
2746.00000000	1422.24404615
2748.00000000	1453.15208756
2750.00000000	1472.56819140
2752.00000000	1539.16113099
2754.00000000	1520.86956509
2756.00000000	1482.45981495
2758.00000000	1473.92306422
2760.00000000	1497.94433631
2762.00000000	1516.03333862
2764.00000000	1491.34208051
2766.00000000	1466.52656781
2768.00000000	1443.43767156
2770.00000000	1438.76390282
2772.00000000	1440.51588541
2774.00000000	1432.14474994
2776.00000000	1444.65637573
2778.00000000	1488.34060797
2780.00000000	1441.31156399
2782.00000000	1446.94793029
2784.00000000	1477.55586446
2786.00000000	1465.25438441
2788.00000000	1476.59827613
2790.00000000	1432.89040775
2792.00000000	1475.52196792
2794.00000000	1462.56134937
2796.00000000	1417.77200985
2798.00000000	1463.78673547
2800.00000000	1532.69651341
2802.00000000	1521.62722546
2804.00000000	1482.95266941
2806.00000000	1471.27230611
2808.00000000	1510.85863153
2810.00000000	1526.83529541
2812.00000000	1481.97642884
2814.00000000	1500.65359259
2816.00000000	1505.97555567
2818.00000000	1488.56627124
2820.00000000	1483.34814756
2822.00000000	1509.41277110
2824.00000000	1544.86473149
2826.00000000	1540.90028696
2828.00000000	1503.89518854
2830.00000000	1560.32493731
2832.00000000	1613.42000963
2834.00000000	1595.75741012
2836.00000000	1591.49761123
2838.00000000	1649.34130333
2840.00000000	1708.96561694
2842.00000000	1751.83724779
2844.00000000	1810.29586043
2846.00000000	1829.88360658
2848.00000000	1843.96316033
2850.00000000	1944.38330727
2852.00000000	2009.69172907
2854.00000000	2026.57001333
2856.00000000	2143.51405042
2858.00000000	2280.75567806
2860.00000000	2261.90788075
2862.00000000	2211.59814117
2864.00000000	2349.32654592
2866.00000000	2379.71299485
2868.00000000	2512.71408946
2870.00000000	2631.62227786
2872.00000000	2683.12914833
2874.00000000	2758.90345189
2876.00000000	2792.06516742
2878.00000000	2730.87426892
2880.00000000	2821.25717194
2882.00000000	2878.96875144
2884.00000000	2923.44959621
2886.00000000	2923.08935011
2888.00000000	2844.51797211
2890.00000000	2895.62306012
2892.00000000	2932.30987252
2894.00000000	2967.75015216
2896.00000000	3095.37986160
2898.00000000	3091.96205959
2900.00000000	3046.64490185
2902.00000000	3191.40318859
2904.00000000	3154.45038379
2906.00000000	3222.36443914
2908.00000000	3321.78112327
2910.00000000	3396.80080820
2912.00000000	3420.81951903
2914.00000000	3457.12051760
2916.00000000	3581.31817772
2918.00000000	3622.78175114
2920.00000000	3774.18273974
2922.00000000	3894.49377418
2924.00000000	3971.26418991
2926.00000000	4096.68346914
2928.00000000	4176.59316860
2930.00000000	4110.91753666
2932.00000000	4119.98051541
2934.00000000	4175.99749391
2936.00000000	4144.87624450
2938.00000000	4117.89853134
2940.00000000	4087.89347987
2942.00000000	3944.09354857
2944.00000000	3816.94875054
2946.00000000	3772.52838190
2948.00000000	3671.75667674
2950.00000000	3556.64002695
2952.00000000	3468.63294178
2954.00000000	3404.04948450
2956.00000000	3326.90445551
2958.00000000	3191.57416241
2960.00000000	3142.90746351
2962.00000000	3170.10597720
2964.00000000	3194.39916463
2966.00000000	3204.12808138
2968.00000000	3059.00954539
2970.00000000	2822.46818835
2972.00000000	2863.78471543
2974.00000000	2819.21294010
2976.00000000	2750.68276034
2978.00000000	2744.07474214
2980.00000000	2675.44841463
2982.00000000	2567.50217729
2984.00000000	2551.48638981
2986.00000000	2528.59615397
2988.00000000	2446.30477457
2990.00000000	2382.12611575
2992.00000000	2323.79674368
2994.00000000	2175.24232464
2996.00000000	2044.12497011
2998.00000000	2030.36292182
3000.00000000	2012.23960440
3002.00000000	2031.22166146
3004.00000000	1942.62927232
3006.00000000	1870.41709227
3008.00000000	1830.14049807
3010.00000000	1779.90052395
3012.00000000	1761.03419846
3014.00000000	1791.78576122
3016.00000000	1801.75692314
3018.00000000	1747.47227516
3020.00000000	1736.75097714
3022.00000000	1662.78003319
3024.00000000	1626.15605706
3026.00000000	1647.42859015
3028.00000000	1575.50015269
3030.00000000	1570.63482706
3032.00000000	1620.67216756
3034.00000000	1569.89427189
3036.00000000	1571.08752647
3038.00000000	1625.09257493
3040.00000000	1652.73535444
3042.00000000	1641.75497825
3044.00000000	1603.13488078
3046.00000000	1629.57781800
3048.00000000	1604.42391454
3050.00000000	1635.58531154
3052.00000000	1644.03038334
3054.00000000	1647.96562092
3056.00000000	1646.50822671
3058.00000000	1626.49017488
3060.00000000	1740.44567544
3062.00000000	1743.61939184
3064.00000000	1720.89619479
3066.00000000	1660.98001131
3068.00000000	1655.23653998
3070.00000000	1662.87393270
3072.00000000	1632.36421029
3074.00000000	1648.47353369
3076.00000000	1599.82566882
3078.00000000	1505.46618063
3080.00000000	1550.57832029
3082.00000000	1553.50705498
3084.00000000	1500.94904293
3086.00000000	1505.17839373
3088.00000000	1546.96655670
3090.00000000	1548.95620052
3092.00000000	1484.95190397
3094.00000000	1521.30464889
3096.00000000	1535.86904153
3098.00000000	1448.18566898
3100.00000000	1461.70995782
3102.00000000	1532.05295216
3104.00000000	1516.01551663
3106.00000000	1532.03855135
3108.00000000	1488.50729202
3110.00000000	1532.02920303
3112.00000000	1497.79155381
3114.00000000	1453.62549137
3116.00000000	1484.98206954
3118.00000000	1502.82786059
3120.00000000	1474.91612176
3122.00000000	1474.46434731
3124.00000000	1470.36618502
3126.00000000	1512.80549233
3128.00000000	1521.96004159
3130.00000000	1517.30971859
3132.00000000	1501.49984726
3134.00000000	1489.69268688
3136.00000000	1479.53199352
3138.00000000	1454.10722437
3140.00000000	1492.13805276
3142.00000000	1495.12246095
3144.00000000	1429.46450331
3146.00000000	1465.85633777
3148.00000000	1530.68430402
3150.00000000	1530.62432804
3152.00000000	1510.66378758
3154.00000000	1493.78577017
3156.00000000	1478.82359693
3158.00000000	1466.88719608
3160.00000000	1440.52663373
3162.00000000	1527.87857993
3164.00000000	1504.18686147
3166.00000000	1433.71871765
3168.00000000	1507.72638531
3170.00000000	1546.79323596
3172.00000000	1436.22184217
3174.00000000	1440.49366849
3176.00000000	1468.39857483
3178.00000000	1473.26485814
3180.00000000	1478.71584926
3182.00000000	1431.41865827
3184.00000000	1423.38020234
3186.00000000	1416.31989023
3188.00000000	1358.55383197
3190.00000000	1465.24926526
3192.00000000	1490.75389832
3194.00000000	1422.40144189
3196.00000000	1454.83179688
3198.00000000	1457.62785977
3200.00000000	1457.90437443
3202.00000000	1464.05365820
3204.00000000	1436.60163633
3206.00000000	1452.03345984
3208.00000000	1472.57400188
3210.00000000	1484.24865903
3212.00000000	1510.60491287
3214.00000000	1465.84016166
3216.00000000	1483.36252854
3218.00000000	1499.33027651
3220.00000000	1497.36670990
3222.00000000	1493.86406414
3224.00000000	1420.90420796
3226.00000000	1418.48828057
3228.00000000	1468.99232747
3230.00000000	1454.27468662
3232.00000000	1509.11367424
3234.00000000	1530.14507563
3236.00000000	1527.97840960
3238.00000000	1486.67586895
3240.00000000	1448.97424569
3242.00000000	1456.23103498
3244.00000000	1398.41120275
3246.00000000	1490.47810579
3248.00000000	1444.78487458
3250.00000000	1423.50081525
3252.00000000	1485.48727713
3254.00000000	1494.89074036
3256.00000000	1524.65130296
3258.00000000	1514.56383244
3260.00000000	1440.07538804
3262.00000000	1495.44603953
3264.00000000	1473.62648159
3266.00000000	1498.60504195
3268.00000000	1490.66786596
3270.00000000	1480.31270295
3272.00000000	1460.85523646
3274.00000000	1483.54701383
3276.00000000	1537.13624816
3278.00000000	1554.35889886
3280.00000000	1535.55101029
3282.00000000	1526.81230624
3284.00000000	1580.69544609
3286.00000000	1568.03454777
3288.00000000	1569.74873552
3290.00000000	1495.18344817
3292.00000000	1518.32436182
3294.00000000	1528.65310734
3296.00000000	1575.41291786
3298.00000000	1640.51561310
3300.00000000	1551.14593129
3302.00000000	1571.99179897
3304.00000000	1523.25397897
3306.00000000	1586.79010990
3308.00000000	1561.00574259
3310.00000000	1560.56455876
3312.00000000	1579.94675315
3314.00000000	1597.27933393
3316.00000000	1606.00474422
3318.00000000	1594.49097687
3320.00000000	1560.17379291
3322.00000000	1524.00193078
3324.00000000	1590.13093258
3326.00000000	1540.80783640
3328.00000000	1522.75242233
3330.00000000	1603.13981595
3332.00000000	1595.17962953
3334.00000000	1546.09112808
3336.00000000	1596.25747402
3338.00000000	1604.19670185
3340.00000000	1535.97231666
3342.00000000	1566.46708332
3344.00000000	1548.73955503
3346.00000000	1501.43491899
3348.00000000	1509.74652275
3350.00000000	1549.64022681
3352.00000000	1528.88087619
3354.00000000	1512.36645696
3356.00000000	1499.45350546
3358.00000000	1533.26134199
3360.00000000	1591.70759542
3362.00000000	1529.07090687
3364.00000000	1461.93038970
3366.00000000	1540.77796081
3368.00000000	1538.82383621
3370.00000000	1528.10781929
3372.00000000	1554.01628164
3374.00000000	1493.23403953
3376.00000000	1510.41235376
3378.00000000	1545.98896799
3380.00000000	1556.91098058
3382.00000000	1526.65267686
3384.00000000	1456.76209115
3386.00000000	1485.80492125
3388.00000000	1469.01165540
3390.00000000	1538.98533175
3392.00000000	1484.97788604
3394.00000000	1470.82868406
3396.00000000	1442.37694995
3398.00000000	1476.31948514
3400.00000000	1460.82414364
3402.00000000	1447.57863756
3404.00000000	1492.03001830
3406.00000000	1486.39025228
3408.00000000	1459.32154071
3410.00000000	1424.23518978
3412.00000000	1404.73300123
3414.00000000	1400.13063850
3416.00000000	1475.12872215
3418.00000000	1423.95568629
3420.00000000	1377.26411998
3422.00000000	1387.92729812
3424.00000000	1432.90228827
3426.00000000	1401.17832161
3428.00000000	1391.90350260
3430.00000000	1435.67574237
3432.00000000	1400.27939623
3434.00000000	1464.82487880
3436.00000000	1439.54816038
3438.00000000	1438.34154738
3440.00000000	1356.65474278
3442.00000000	1413.49737806
3444.00000000	1419.43463285
3446.00000000	1396.24263065
3448.00000000	1392.61218440
3450.00000000	1423.43518053
3452.00000000	1447.20300299
3454.00000000	1388.80114708
3456.00000000	1330.93031089
3458.00000000	1357.32013459
3460.00000000	1380.07014006
3462.00000000	1373.47276374
3464.00000000	1456.11267997
3466.00000000	1413.27724814
3468.00000000	1337.69949268
3470.00000000	1296.74886323
3472.00000000	1324.85952891
3474.00000000	1367.27547667
3476.00000000	1392.68276153
3478.00000000	1362.52248767
3480.00000000	1305.86702138
3482.00000000	1366.11378348
3484.00000000	1444.54280439
3486.00000000	1395.87042163
3488.00000000	1403.02803407
3490.00000000	1332.04662362
3492.00000000	1381.42068005
3494.00000000	1359.81191143
3496.00000000	1316.67584206
3498.00000000	1346.87352700
3500.00000000	1335.85889175
3502.00000000	1293.17362093
3504.00000000	1336.37587663
3506.00000000	1367.96318408
3508.00000000	1313.81352001
3510.00000000	1313.84751781
3512.00000000	1338.38447383
3514.00000000	1329.77367243
3516.00000000	1399.94629587
3518.00000000	1348.77810798
3520.00000000	1361.07945559
3522.00000000	1382.62131400
3524.00000000	1336.91849873
3526.00000000	1301.50129997
3528.00000000	1303.94233134
3530.00000000	1309.99316731
3532.00000000	1328.16076065
3534.00000000	1304.88727697
3536.00000000	1299.93586305
3538.00000000	1369.75851557
3540.00000000	1351.00597179
3542.00000000	1345.53798207
3544.00000000	1342.09643858
3546.00000000	1320.02898911
3548.00000000	1402.46154637
3550.00000000	1323.81158253
3552.00000000	1275.95130045
3554.00000000	1330.76898778
3556.00000000	1311.99872313
3558.00000000	1274.15178948
3560.00000000	1342.43038192
3562.00000000	1314.62482698
3564.00000000	1265.69821207
3566.00000000	1314.45352211
3568.00000000	1320.89753311
3570.00000000	1346.33298143
3572.00000000	1301.83844078
3574.00000000	1293.28750790
3576.00000000	1281.21376882
3578.00000000	1277.06455860
3580.00000000	1280.54399470
3582.00000000	1299.10446510
3584.00000000	1213.72910234
3586.00000000	1288.80602897
3588.00000000	1326.76286507
3590.00000000	1273.56584081
3592.00000000	1271.57948401
3594.00000000	1305.42380288
3596.00000000	1284.21047323
3598.00000000	1301.40733347
3600.00000000	1352.14020537
3602.00000000	1279.86706610
3604.00000000	1263.06195465
3606.00000000	1317.35629896
3608.00000000	1317.36832888
3610.00000000	1321.35829442
3612.00000000	1283.54656090
3614.00000000	1238.29005252
3616.00000000	1261.83160399
3618.00000000	1321.84151105
3620.00000000	1319.45778892
3622.00000000	1263.58780150
3624.00000000	1263.50851789
3626.00000000	1263.21064512
3628.00000000	1267.89375094
3630.00000000	1287.69328666
3632.00000000	1254.69513484
3634.00000000	1254.54821187
3636.00000000	1294.53633592
3638.00000000	1250.62075391
3640.00000000	1224.85159069
3642.00000000	1261.30177822
3644.00000000	1288.19094301
3646.00000000	1274.17707793
3648.00000000	1229.97405571
3650.00000000	1246.28212384
3652.00000000	1244.62984446
3654.00000000	1211.74318570
3656.00000000	1331.69479208
3658.00000000	1289.52275008
3660.00000000	1241.01052598
3662.00000000	1300.57547535
3664.00000000	1274.31503660
3666.00000000	1189.34247603
3668.00000000	1256.01702286
3670.00000000	1281.99648894
3672.00000000	1239.11651368
3674.00000000	1266.58906822
3676.00000000	1231.16302981
3678.00000000	1240.99922321
3680.00000000	1270.07994358
3682.00000000	1269.06228900
3684.00000000	1239.93758246
3686.00000000	1251.83284775
3688.00000000	1265.86528235
3690.00000000	1257.19857773
3692.00000000	1246.56175206
3694.00000000	1296.80989947
3696.00000000	1263.97248970
3698.00000000	1247.96448804
3700.00000000	1269.59604738
3702.00000000	1235.16093950
3704.00000000	1175.76024361
3706.00000000	1214.95005537
3708.00000000	1248.24481352
3710.00000000	1219.90266316
3712.00000000	1243.07273490
3714.00000000	1241.20243832
3716.00000000	1198.55991740
3718.00000000	1261.05732914
3720.00000000	1303.27526649
3722.00000000	1260.07817489
3724.00000000	1267.73223549
3726.00000000	1256.94135282
3728.00000000	1269.05574304
3730.00000000	1271.44631865
3732.00000000	1280.79636060
3734.00000000	1257.16524913
3736.00000000	1185.55952930
3738.00000000	1254.02354823
3740.00000000	1248.42845686
3742.00000000	1236.92319974
3744.00000000	1296.45266413
3746.00000000	1222.63420638
3748.00000000	1207.57873376
3750.00000000	1279.01182407
3752.00000000	1313.16902439
3754.00000000	1270.12465753
3756.00000000	1221.85112718
3758.00000000	1202.89086757
3760.00000000	1253.40463378
3762.00000000	1266.31445697
3764.00000000	1262.98754127
3766.00000000	1242.55457331
3768.00000000	1197.24921210
3770.00000000	1261.77489538
3772.00000000	1299.72136305
3774.00000000	1264.64014525
3776.00000000	1254.82877619
3778.00000000	1260.21893707
3780.00000000	1315.21005213
3782.00000000	1268.95144348
3784.00000000	1289.12204456
3786.00000000	1247.90055625
3788.00000000	1236.63650725
3790.00000000	1303.21819473
3792.00000000	1215.19811404
3794.00000000	1284.09589423
3796.00000000	1260.48812659
3798.00000000	1254.11514622
3800.00000000	1253.71605887
