400.00000000	1196.14708765
402.00000000	1154.05586246
404.00000000	1125.61612284
406.00000000	1138.64248885
408.00000000	1189.46675232
410.00000000	1218.47845705
412.00000000	1207.58714170
414.00000000	1186.77355673
416.00000000	1165.91392102
418.00000000	1152.70675284
420.00000000	1164.26438516
422.00000000	1188.78781399
424.00000000	1195.74723002
426.00000000	1166.75542740
428.00000000	1115.72322165
430.00000000	1091.90845759
432.00000000	1108.08178964
434.00000000	1151.41692057
436.00000000	1193.26868537
438.00000000	1201.26612341
440.00000000	1156.25659413
442.00000000	1116.08375093
444.00000000	1121.65215770
446.00000000	1138.84331218
448.00000000	1145.85942856
450.00000000	1138.55346570
452.00000000	1128.16052506
454.00000000	1116.63442843
456.00000000	1094.79757670
458.00000000	1082.00404461
460.00000000	1098.67708523
462.00000000	1137.14015358
464.00000000	1157.83513244
466.00000000	1121.74462598
468.00000000	1091.55646098
470.00000000	1102.24788493
472.00000000	1111.63137593
474.00000000	1121.70818139
476.00000000	1144.27067136
478.00000000	1146.18605323
480.00000000	1127.37760629
482.00000000	1121.71948147
484.00000000	1134.98682266
486.00000000	1158.77302124
488.00000000	1176.81640322
490.00000000	1167.73213881
492.00000000	1129.16715646
494.00000000	1125.95506465
496.00000000	1163.19756083
498.00000000	1177.55326230
500.00000000	1178.96762923
502.00000000	1184.85102986
504.00000000	1172.71598944
506.00000000	1158.37860068
508.00000000	1169.32556883
510.00000000	1169.33041804
512.00000000	1154.39016197
514.00000000	1166.12889116
516.00000000	1174.36599378
518.00000000	1159.79355011
520.00000000	1185.04285868
522.00000000	1213.30879109
524.00000000	1172.25358381
526.00000000	1164.08488990
528.00000000	1218.68664850
530.00000000	1235.11975663
532.00000000	1218.43276737
534.00000000	1204.33685717
536.00000000	1186.20936474
538.00000000	1177.69629808
540.00000000	1197.78128849
542.00000000	1209.26632438
544.00000000	1197.18788462
546.00000000	1191.71894487
548.00000000	1213.41505678
550.00000000	1244.97267161
552.00000000	1207.26563027
554.00000000	1141.75843923
556.00000000	1145.70452566
558.00000000	1158.45338312
560.00000000	1149.12533120
562.00000000	1162.97632443
564.00000000	1181.13253600
566.00000000	1175.48685310
568.00000000	1161.28927552
570.00000000	1170.40313010
572.00000000	1216.28012442
574.00000000	1219.78386301
576.00000000	1164.70172003
578.00000000	1124.57773869
580.00000000	1122.12527354
582.00000000	1143.40629734
584.00000000	1150.14591190
586.00000000	1144.22659841
588.00000000	1143.84312241
590.00000000	1131.13511617
592.00000000	1124.21783774
594.00000000	1165.04183053
596.00000000	1176.98201062
598.00000000	1127.13899060
600.00000000	1115.93564912
602.00000000	1148.92254171
604.00000000	1175.52370368
606.00000000	1162.99575387
608.00000000	1135.34403978
610.00000000	1145.57258145
612.00000000	1156.69535626
614.00000000	1141.91809248
616.00000000	1125.08416103
618.00000000	1117.50851591
620.00000000	1126.51638521
622.00000000	1165.32682708
624.00000000	1206.49809149
626.00000000	1208.73496912
628.00000000	1194.69987291
630.00000000	1184.22467330
632.00000000	1175.96142602
634.00000000	1165.74837962
636.00000000	1154.45989781
638.00000000	1152.82673611
640.00000000	1168.61991348
642.00000000	1202.42262088
644.00000000	1240.85432817
646.00000000	1261.92153232
648.00000000	1244.14670020
650.00000000	1194.85633874
652.00000000	1158.41636675
654.00000000	1197.97777664
656.00000000	1221.45218395
658.00000000	1168.07837601
660.00000000	1180.01529356
662.00000000	1238.42822460
664.00000000	1237.24821768
666.00000000	1209.02127049
668.00000000	1214.44711805
670.00000000	1284.30735348
672.00000000	1301.06566084
674.00000000	1235.50889014
676.00000000	1240.96740095
678.00000000	1264.69875136
680.00000000	1223.30930414
682.00000000	1208.76720464
684.00000000	1227.62058807
686.00000000	1225.06351807
688.00000000	1215.23389856
690.00000000	1216.95118374
692.00000000	1231.94476783
694.00000000	1233.00531756
696.00000000	1226.21310300
698.00000000	1269.73704375
700.00000000	1301.23804965
702.00000000	1265.58064941
704.00000000	1260.26799548
706.00000000	1291.25602177
708.00000000	1296.32964225
710.00000000	1263.08724488
712.00000000	1232.92161577
714.00000000	1263.90463918
716.00000000	1274.36616806
718.00000000	1232.74490478
720.00000000	1234.29564358
722.00000000	1273.65398260
724.00000000	1317.38950566
726.00000000	1377.29863251
728.00000000	1406.57051036
730.00000000	1355.90388942
732.00000000	1296.67413023
734.00000000	1272.99540876
736.00000000	1284.60730840
738.00000000	1340.44401805
740.00000000	1395.50645860
742.00000000	1361.42286658
744.00000000	1343.05107701
746.00000000	1413.51425409
748.00000000	1459.65618138
750.00000000	1473.95252966
752.00000000	1491.04689900
754.00000000	1477.68169648
756.00000000	1440.33169855
758.00000000	1411.00288156
760.00000000	1375.68009464
762.00000000	1347.64484471
764.00000000	1362.17221271
766.00000000	1367.83909064
768.00000000	1347.15422442
770.00000000	1358.92168727
772.00000000	1385.33095406
774.00000000	1393.47150584
776.00000000	1391.71539564
778.00000000	1400.58481580
780.00000000	1425.67339789
782.00000000	1426.45061928
784.00000000	1424.65802267
786.00000000	1464.22693530
788.00000000	1473.52256386
790.00000000	1424.91612182
792.00000000	1366.70277216
794.00000000	1358.70702635
796.00000000	1395.79257434
798.00000000	1395.54469007
800.00000000	1376.02400097
802.00000000	1377.67135866
804.00000000	1399.33863969
806.00000000	1418.45694184
808.00000000	1417.20090964
810.00000000	1411.47119553
812.00000000	1422.56050723
814.00000000	1447.82025322
816.00000000	1414.72979778
818.00000000	1366.45070826
820.00000000	1415.49174668
822.00000000	1469.81922149
824.00000000	1470.76024776
826.00000000	1460.98271086
828.00000000	1473.38309006
830.00000000	1500.08782303
832.00000000	1491.03651446
834.00000000	1472.05218452
836.00000000	1480.04367216
838.00000000	1502.19674388
840.00000000	1491.78955384
842.00000000	1431.99933442
844.00000000	1410.66207038
846.00000000	1438.49143878
848.00000000	1471.57713115
850.00000000	1502.29562082
852.00000000	1529.49352801
854.00000000	1548.06309677
856.00000000	1541.48375816
858.00000000	1528.73383702
860.00000000	1551.69560389
862.00000000	1558.12109806
864.00000000	1530.90908844
866.00000000	1527.11921993
868.00000000	1518.33621563
870.00000000	1489.18306989
872.00000000	1494.85248579
874.00000000	1511.10447245
876.00000000	1510.72588180
878.00000000	1536.70944278
880.00000000	1547.48236099
882.00000000	1502.90176693
884.00000000	1495.28384626
886.00000000	1526.62118957
888.00000000	1536.85216659
890.00000000	1520.02945750
892.00000000	1515.12253680
894.00000000	1556.45724247
896.00000000	1557.48666694
898.00000000	1520.81280277
900.00000000	1536.35094792
902.00000000	1553.63941343
904.00000000	1542.27883275
906.00000000	1539.20023508
908.00000000	1550.94896953
910.00000000	1554.62327513
912.00000000	1519.32136326
914.00000000	1523.14050042
916.00000000	1592.23040414
918.00000000	1611.63124878
920.00000000	1599.48240461
922.00000000	1610.89373366
924.00000000	1635.87868720
926.00000000	1641.25488033
928.00000000	1613.01514241
930.00000000	1595.86103032
932.00000000	1597.46753825
934.00000000	1606.81762553
936.00000000	1634.82389265
938.00000000	1636.24495989
940.00000000	1578.52423923
942.00000000	1587.56166013
944.00000000	1635.43608539
946.00000000	1605.94472898
948.00000000	1598.96839426
950.00000000	1636.61491525
952.00000000	1644.41343149
954.00000000	1630.56930721
956.00000000	1617.53718273
958.00000000	1616.16849076
960.00000000	1619.68100391
962.00000000	1611.85066217
964.00000000	1583.30420482
966.00000000	1585.04091369
968.00000000	1613.17600038
970.00000000	1595.67059524
972.00000000	1618.59397143
974.00000000	1687.52218952
976.00000000	1651.21136901
978.00000000	1625.88580402
980.00000000	1680.95187673
982.00000000	1667.42524384
984.00000000	1652.01508669
986.00000000	1697.72335191
988.00000000	1699.07761736
990.00000000	1668.21693947
992.00000000	1668.83095832
994.00000000	1727.69070234
996.00000000	1761.10305736
998.00000000	1724.75193061
1000.00000000	1751.15789097
1002.00000000	1843.48818785
1004.00000000	1917.44198721
1006.00000000	1895.28259267
1008.00000000	1832.45348811
1010.00000000	1811.20906934
1012.00000000	1793.93884841
1014.00000000	1756.18886743
1016.00000000	1705.15369597
1018.00000000	1676.43473012
1020.00000000	1683.99788875
1022.00000000	1708.86135034
1024.00000000	1697.76166332
1026.00000000	1674.58619656
1028.00000000	1689.94206216
1030.00000000	1711.13018520
1032.00000000	1741.94536670
1034.00000000	1792.98610214
1036.00000000	1793.43788632
1038.00000000	1754.92845410
1040.00000000	1747.00289576
1042.00000000	1786.99414046
1044.00000000	1821.27670514
1046.00000000	1797.82719341
1048.00000000	1807.54128251
1050.00000000	1823.70009178
1052.00000000	1772.88528153
1054.00000000	1789.47918874
1056.00000000	1833.40161705
1058.00000000	1774.21837044
1060.00000000	1747.86679795
1062.00000000	1756.68333249
1064.00000000	1714.77713878
1066.00000000	1743.54362078
1068.00000000	1802.87622171
1070.00000000	1762.33097553
1072.00000000	1743.67112333
1074.00000000	1760.05296028
1076.00000000	1737.28455533
1078.00000000	1749.09615474
1080.00000000	1809.44222827
1082.00000000	1858.50040274
1084.00000000	1846.23228183
1086.00000000	1798.78614661
1088.00000000	1785.81682858
1090.00000000	1818.79892118
1092.00000000	1841.95948681
1094.00000000	1799.28665042
1096.00000000	1768.44211817
1098.00000000	1779.15936458
1100.00000000	1799.32981865
1102.00000000	1791.07887652
1104.00000000	1771.66400603
1106.00000000	1788.87342487
1108.00000000	1847.60349475
1110.00000000	1857.37276668
1112.00000000	1758.52979359
1114.00000000	1741.32866394
1116.00000000	1794.86443103
1118.00000000	1797.84550563
1120.00000000	1796.35188894
1122.00000000	1789.55514993
1124.00000000	1759.80668259
1126.00000000	1770.36920601
1128.00000000	1819.77741697
1130.00000000	1862.68028667
1132.00000000	1868.98033381
1134.00000000	1808.13943346
1136.00000000	1695.19178774
1138.00000000	1638.69161015
1140.00000000	1638.70012899
1142.00000000	1652.08029484
1144.00000000	1684.62242350
1146.00000000	1689.11629604
1148.00000000	1644.99770886
1150.00000000	1631.79572226
1152.00000000	1632.94323277
1154.00000000	1628.55314055
1156.00000000	1674.24432869
1158.00000000	1728.26304525
1160.00000000	1721.40779910
1162.00000000	1639.37256259
1164.00000000	1609.16543001
1166.00000000	1675.01924255
1168.00000000	1698.81349890
1170.00000000	1691.67989387
1172.00000000	1690.12646312
1174.00000000	1682.84204109
1176.00000000	1667.11158274
1178.00000000	1640.07832397
1180.00000000	1604.05703218
1182.00000000	1608.31391848
1184.00000000	1652.80793660
1186.00000000	1672.46921482
1188.00000000	1626.19702080
1190.00000000	1558.01193067
1192.00000000	1556.42518154
1194.00000000	1590.39409186
1196.00000000	1604.62738385
1198.00000000	1590.06781657
1200.00000000	1660.58274080
1202.00000000	1739.73533623
1204.00000000	1699.96755150
1206.00000000	1719.43008779
1208.00000000	1775.28738496
1210.00000000	1754.33380118
1212.00000000	1739.83860606
1214.00000000	1757.04454451
1216.00000000	1786.16933177
1218.00000000	1820.42505927
1220.00000000	1831.02386449
1222.00000000	1804.97596615
1224.00000000	1780.04623778
1226.00000000	1797.73120207
1228.00000000	1841.43048912
1230.00000000	1831.08126191
1232.00000000	1832.24037327
1234.00000000	1871.25369232
1236.00000000	1868.84038711
1238.00000000	1850.29108115
1240.00000000	1847.10156853
1242.00000000	1859.69656196
1244.00000000	1893.76204874
1246.00000000	1907.49994614
1248.00000000	1859.15877892
1250.00000000	1859.16426354
1252.00000000	1899.10467707
1254.00000000	1888.14978120
1256.00000000	1849.61883107
1258.00000000	1839.03481848
1260.00000000	1872.08920868
1262.00000000	1864.40472298
1264.00000000	1819.70010671
1266.00000000	1796.72089509
1268.00000000	1836.53870297
1270.00000000	1882.76440325
1272.00000000	1889.10321096
1274.00000000	1888.87016834
1276.00000000	1887.78857121
1278.00000000	1871.58421111
1280.00000000	1834.54260740
1282.00000000	1848.72999090
1284.00000000	1875.74656551
1286.00000000	1816.84302274
1288.00000000	1854.04261538
1290.00000000	1939.13843176
1292.00000000	1894.67553933
1294.00000000	1892.00366252
1296.00000000	1926.24168851
1298.00000000	1914.31623701
1300.00000000	1961.91257887
1302.00000000	2030.71683847
1304.00000000	2041.52310915
1306.00000000	2017.72859116
1308.00000000	2012.89106167
1310.00000000	2047.81518225
1312.00000000	2081.32436094
1314.00000000	2061.32286213
1316.00000000	2011.17020793
1318.00000000	2011.80369590
1320.00000000	2017.48428819
1322.00000000	2004.14487837
1324.00000000	1992.07629570
1326.00000000	1984.05810438
1328.00000000	1999.71796943
1330.00000000	2047.82906409
1332.00000000	2078.33765809
1334.00000000	2053.03370501
1336.00000000	2011.34633635
1338.00000000	2074.17662253
1340.00000000	2106.20821217
1342.00000000	2016.27341015
1344.00000000	1923.99072743
1346.00000000	1911.36930449
1348.00000000	1953.89032588
1350.00000000	1952.74615542
1352.00000000	1892.60027350
1354.00000000	1836.98905871
1356.00000000	1846.12282356
1358.00000000	1851.22109041
1360.00000000	1884.14817031
1362.00000000	1954.58945468
1364.00000000	1905.72563563
1366.00000000	1819.97566484
1368.00000000	1808.25956032
1370.00000000	1833.73913283
1372.00000000	1818.50889742
1374.00000000	1779.45860186
1376.00000000	1802.10120567
1378.00000000	1789.71538178
1380.00000000	1767.25990980
1382.00000000	1825.26013542
1384.00000000	1853.88764173
1386.00000000	1829.58573533
1388.00000000	1797.53430342
1390.00000000	1783.11246207
1392.00000000	1775.74056658
1394.00000000	1773.73178138
1396.00000000	1797.71271657
1398.00000000	1804.79178591
1400.00000000	1793.92811641
1402.00000000	1806.00961818
1404.00000000	1795.23829617
1406.00000000	1755.68975365
1408.00000000	1718.29387423
1410.00000000	1691.91219897
1412.00000000	1706.37639606
1414.00000000	1744.96932226
1416.00000000	1712.97698431
1418.00000000	1689.05104928
1420.00000000	1732.47218942
1422.00000000	1782.85004844
1424.00000000	1765.27306629
1426.00000000	1727.09199114
1428.00000000	1760.73121739
1430.00000000	1774.56385464
1432.00000000	1766.48505255
1434.00000000	1777.10965026
1436.00000000	1781.29429405
1438.00000000	1801.02129651
1440.00000000	1825.57999645
1442.00000000	1802.24548601
1444.00000000	1849.57018637
1446.00000000	1961.99702035
1448.00000000	2006.91425810
1450.00000000	1997.45058637
1452.00000000	1988.40930880
1454.00000000	1996.78646730
1456.00000000	1961.54458469
1458.00000000	1953.28609017
1460.00000000	1970.30917869
1462.00000000	1872.75567659
1464.00000000	1810.08600272
1466.00000000	1807.23744982
1468.00000000	1750.73572552
1470.00000000	1757.04202237
1472.00000000	1776.59801045
1474.00000000	1722.44568821
1476.00000000	1710.54823509
1478.00000000	1711.35305571
1480.00000000	1695.17584569
1482.00000000	1710.19126395
1484.00000000	1667.28643853
1486.00000000	1583.63232682
1488.00000000	1561.01118516
1490.00000000	1544.51397046
1492.00000000	1547.06026917
1494.00000000	1577.54156826
1496.00000000	1542.20754147
1498.00000000	1497.41182222
1500.00000000	1465.63663458
1502.00000000	1390.61431328
1504.00000000	1405.04792374
1506.00000000	1478.20764654
1508.00000000	1473.39902126
1510.00000000	1442.21462639
1512.00000000	1435.23988486
1514.00000000	1458.74811072
1516.00000000	1477.04835355
1518.00000000	1464.99737703
1520.00000000	1425.92258324
1522.00000000	1396.20689281
1524.00000000	1431.64900332
1526.00000000	1495.22270643
1528.00000000	1521.43577926
1530.00000000	1523.22897434
1532.00000000	1494.50171490
1534.00000000	1456.12569996
1536.00000000	1459.89596780
1538.00000000	1465.91396611
1540.00000000	1462.67322942
1542.00000000	1472.66214415
1544.00000000	1486.94256024
1546.00000000	1494.34820291
1548.00000000	1510.50776725
1550.00000000	1567.42295605
1552.00000000	1578.76697222
1554.00000000	1551.28029570
1556.00000000	1580.84955605
1558.00000000	1623.22611875
1560.00000000	1603.36465758
1562.00000000	1533.74803723
1564.00000000	1555.19488335
1566.00000000	1586.59285362
1568.00000000	1574.26260327
1570.00000000	1585.36858092
1572.00000000	1623.97459891
1574.00000000	1643.28422643
1576.00000000	1633.17426140
1578.00000000	1683.80582565
1580.00000000	1688.91143000
1582.00000000	1638.93884875
1584.00000000	1690.36530689
1586.00000000	1714.72558662
1588.00000000	1675.20636998
1590.00000000	1635.52243194
1592.00000000	1594.89534037
1594.00000000	1589.99615671
1596.00000000	1597.22710996
1598.00000000	1535.87521062
1600.00000000	1550.06496746
1602.00000000	1626.81208480
1604.00000000	1646.40983557
1606.00000000	1662.18745614
1608.00000000	1664.68463239
1610.00000000	1651.70365963
1612.00000000	1662.45056882
1614.00000000	1606.73745349
1616.00000000	1538.10253085
1618.00000000	1568.37102778
1620.00000000	1588.02817945
1622.00000000	1576.63815422
1624.00000000	1565.55058591
1626.00000000	1564.77872400
1628.00000000	1556.11233688
1630.00000000	1560.29931916
1632.00000000	1588.48327486
1634.00000000	1556.01040730
1636.00000000	1538.15650203
1638.00000000	1582.80520261
1640.00000000	1601.07356180
1642.00000000	1582.63967537
1644.00000000	1577.67956582
1646.00000000	1624.65060340
1648.00000000	1674.60969729
1650.00000000	1720.72176866
1652.00000000	1751.64276683
1654.00000000	1740.82792345
1656.00000000	1746.10634877
1658.00000000	1768.01182978
1660.00000000	1773.15977571
1662.00000000	1776.74964846
1664.00000000	1776.81348245
1666.00000000	1777.57265120
1668.00000000	1787.68244663
1670.00000000	1770.02654399
1672.00000000	1728.37531427
1674.00000000	1696.21172236
1676.00000000	1694.77311169
1678.00000000	1721.02799122
1680.00000000	1737.61560754
1682.00000000	1703.96146780
1684.00000000	1650.51355107
1686.00000000	1624.63964629
1688.00000000	1627.71794541
1690.00000000	1595.14981533
1692.00000000	1515.28126618
1694.00000000	1479.39108386
1696.00000000	1541.08224133
1698.00000000	1512.11279013
1700.00000000	1461.89475131
1702.00000000	1461.89475131
1704.00000000	1461.89475131
1706.00000000	1461.89475131
1708.00000000	1461.89475131
1710.00000000	1461.89475131
1712.00000000	1461.89475131
1714.00000000	1461.89475131
1716.00000000	1363.96660433
1718.00000000	1328.98898310
1720.00000000	1308.12149994
1722.00000000	1317.20086757
1724.00000000	1340.34428465
1726.00000000	1339.57772314
1728.00000000	1312.37747489
1730.00000000	1291.33864246
1732.00000000	1300.02387479
1734.00000000	1303.31775461
1736.00000000	1320.43914770
1738.00000000	1337.80848081
1740.00000000	1306.89256632
1742.00000000	1297.58785106
1744.00000000	1281.61196388
1746.00000000	1244.66399139
1748.00000000	1284.25705940
1750.00000000	1271.99195801
1752.00000000	1236.92611903
1754.00000000	1291.20050079
1756.00000000	1273.35108604
1758.00000000	1254.22671436
1760.00000000	1272.26664540
1762.00000000	1229.43680240
1764.00000000	1229.20827782
1766.00000000	1254.41669232
1768.00000000	1242.27599577
1770.00000000	1232.50577092
1772.00000000	1243.13972612
1774.00000000	1259.51875263
1776.00000000	1265.35310707
1778.00000000	1280.43127510
1780.00000000	1281.71431337
1782.00000000	1251.85735282
1784.00000000	1222.30311294
1786.00000000	1263.33891379
1788.00000000	1286.94448428
1790.00000000	1235.92530442
1792.00000000	1226.28897469
1794.00000000	1236.91323832
1796.00000000	1253.47339386
1798.00000000	1272.38237802
1800.00000000	1245.75873158
1802.00000000	1229.43950030
1804.00000000	1242.15537113
1806.00000000	1240.45862896
1808.00000000	1236.92788833
1810.00000000	1243.97361553
1812.00000000	1249.68106768
1814.00000000	1235.39440877
1816.00000000	1245.99794610
1818.00000000	1287.46732090
1820.00000000	1311.76082915
1822.00000000	1269.06524981
1824.00000000	1244.83908269
1826.00000000	1253.75363947
1828.00000000	1252.71108394
1830.00000000	1269.47672043
1832.00000000	1276.51606837
1834.00000000	1263.75943485
1836.00000000	1255.62127406
1838.00000000	1246.51428130
1840.00000000	1234.94916535
1842.00000000	1241.85301346
1844.00000000	1279.97243777
1846.00000000	1265.05522314
1848.00000000	1217.04293987
1850.00000000	1227.66138099
1852.00000000	1325.86071056
1854.00000000	1329.27713797
1856.00000000	1256.44564621
1858.00000000	1236.35084431
1860.00000000	1238.75994093
1862.00000000	1265.08617949
1864.00000000	1283.82496032
1866.00000000	1269.27383881
1868.00000000	1291.86679868
1870.00000000	1268.39187077
1872.00000000	1221.57629918
1874.00000000	1267.12950605
1876.00000000	1268.22732266
1878.00000000	1237.95066638
1880.00000000	1244.26508562
1882.00000000	1275.73062918
1884.00000000	1258.04774630
1886.00000000	1280.32618930
1888.00000000	1346.61914209
1890.00000000	1274.34349996
1892.00000000	1221.30945054
1894.00000000	1237.52537812
1896.00000000	1263.07450930
1898.00000000	1280.36122713
1900.00000000	1273.77042014
1902.00000000	1255.41060748
1904.00000000	1249.44575464
1906.00000000	1257.16136034
1908.00000000	1260.25501353
1910.00000000	1247.91204605
1912.00000000	1238.27996069
1914.00000000	1269.87399924
1916.00000000	1281.16112613
1918.00000000	1278.84669694
1920.00000000	1303.81939130
1922.00000000	1257.58749382
1924.00000000	1244.96989035
1926.00000000	1290.32672175
1928.00000000	1279.45546028
1930.00000000	1238.14228162
1932.00000000	1229.95854584
1934.00000000	1243.02009717
1936.00000000	1222.30545160
1938.00000000	1245.44969758
1940.00000000	1250.00156736
1942.00000000	1233.92223354
1944.00000000	1297.34252235
1946.00000000	1304.60316173
1948.00000000	1262.68109403
1950.00000000	1234.52974570
1952.00000000	1221.86430071
1954.00000000	1240.58879370
1956.00000000	1265.74633105
1958.00000000	1269.54393822
1960.00000000	1262.78924432
1962.00000000	1272.35747173
1964.00000000	1273.92761641
1966.00000000	1260.68937943
1968.00000000	1276.45103129
1970.00000000	1282.96556267
1972.00000000	1292.10925248
1974.00000000	1306.96109390
1976.00000000	1277.36547199
1978.00000000	1256.64720322
1980.00000000	1270.22090057
1982.00000000	1286.14958874
1984.00000000	1270.34315880
1986.00000000	1299.21819685
1988.00000000	1320.14237385
1990.00000000	1275.83480132
1992.00000000	1250.45065448
1994.00000000	1278.23836620
1996.00000000	1286.59754980
1998.00000000	1242.45341665
2000.00000000	1235.68762596
2002.00000000	1242.77722824
2004.00000000	1252.43519742
2006.00000000	1279.46981923
2008.00000000	1314.94645887
2010.00000000	1285.21509597
2012.00000000	1251.97976412
2014.00000000	1270.52155315
2016.00000000	1266.43292421
2018.00000000	1249.45876612
2020.00000000	1272.62174856
2022.00000000	1312.14307195
2024.00000000	1268.66280292
2026.00000000	1224.93671142
2028.00000000	1252.08784676
2030.00000000	1293.93349298
2032.00000000	1245.96455005
2034.00000000	1251.65658884
2036.00000000	1254.22818044
2038.00000000	1222.16588079
2040.00000000	1263.78039183
2042.00000000	1267.68480910
2044.00000000	1247.53393523
2046.00000000	1257.07314270
2048.00000000	1282.20570452
2050.00000000	1291.42334567
2052.00000000	1309.15688500
2054.00000000	1321.91865768
2056.00000000	1283.39028137
2058.00000000	1253.11559914
2060.00000000	1284.17460997
2062.00000000	1308.76155672
2064.00000000	1251.62874139
2066.00000000	1252.33761641
2068.00000000	1256.49840470
2070.00000000	1261.43434168
2072.00000000	1323.38980635
2074.00000000	1352.73510409
2076.00000000	1292.39299996
2078.00000000	1235.98574042
2080.00000000	1267.07506626
2082.00000000	1272.54404465
2084.00000000	1264.26612336
2086.00000000	1249.36478862
2088.00000000	1245.19858470
2090.00000000	1305.11541283
2092.00000000	1327.99830447
2094.00000000	1325.65586735
2096.00000000	1329.46436468
2098.00000000	1297.53875998
2100.00000000	1312.80925632
2102.00000000	1333.08101885
2104.00000000	1309.32830510
2106.00000000	1277.92238724
2108.00000000	1245.81479782
2110.00000000	1251.22446496
2112.00000000	1269.55428313
2114.00000000	1246.65927676
2116.00000000	1252.97270519
2118.00000000	1294.27419977
2120.00000000	1293.59159347
2122.00000000	1244.30542387
2124.00000000	1300.03763865
2126.00000000	1283.55859889
2128.00000000	1238.86934988
2130.00000000	1295.00299228
2132.00000000	1329.47207408
2134.00000000	1321.41969590
2136.00000000	1283.30950356
2138.00000000	1250.46710301
2140.00000000	1262.87465508
2142.00000000	1279.77788044
2144.00000000	1280.06319494
2146.00000000	1278.16556886
2148.00000000	1287.89385135
2150.00000000	1282.91930465
2152.00000000	1293.60117020
2154.00000000	1313.76029108
2156.00000000	1305.47471115
2158.00000000	1283.92405823
2160.00000000	1284.71469575
2162.00000000	1303.81039435
2164.00000000	1312.17841442
2166.00000000	1302.26576376
2168.00000000	1300.57576775
2170.00000000	1282.59248938
2172.00000000	1262.95924536
2174.00000000	1292.39984740
2176.00000000	1291.71247616
2178.00000000	1309.05790168
2180.00000000	1329.33899189
2182.00000000	1298.38964849
2184.00000000	1306.73027760
2186.00000000	1268.54038363
2188.00000000	1261.66755790
2190.00000000	1338.39675272
2192.00000000	1316.98104206
2194.00000000	1304.46669401
2196.00000000	1316.56604427
2198.00000000	1304.14274279
2200.00000000	1274.09795327
2202.00000000	1275.27522890
2204.00000000	1288.52357682
2206.00000000	1306.75413601
2208.00000000	1327.85062230
2210.00000000	1302.43112068
2212.00000000	1281.21660841
2214.00000000	1270.72445794
2216.00000000	1259.92064514
2218.00000000	1273.32480648
2220.00000000	1290.84851916
2222.00000000	1337.08218856
2224.00000000	1367.09226685
2226.00000000	1324.42177253
2228.00000000	1334.96393562
2230.00000000	1354.32156800
2232.00000000	1319.31790037
2234.00000000	1271.84660125
2236.00000000	1304.24885498
2238.00000000	1311.25817431
2240.00000000	1287.59546816
2242.00000000	1289.44382979
2244.00000000	1311.08051022
2246.00000000	1285.44272137
2248.00000000	1310.70226976
2250.00000000	1357.84028916
2252.00000000	1331.32470999
2254.00000000	1300.63919023
2256.00000000	1301.13738780
2258.00000000	1300.66221414
2260.00000000	1298.23129502
2262.00000000	1329.25945869
2264.00000000	1330.22254816
2266.00000000	1295.72936897
2268.00000000	1299.46359474
2270.00000000	1351.86238992
2272.00000000	1327.37844105
2274.00000000	1296.70475287
2276.00000000	1306.76947589
2278.00000000	1328.99891945
2280.00000000	1322.80570103
2282.00000000	1312.51575632
2284.00000000	1345.11590691
2286.00000000	1338.04015813
2288.00000000	1274.07294788
2290.00000000	1335.74018376
2292.00000000	1361.24607792
2294.00000000	1318.39829696
2296.00000000	1300.26239688
2298.00000000	1342.38673010
2300.00000000	1352.42554778
2302.00000000	1349.33240891
2304.00000000	1346.70977708
2306.00000000	1337.26403294
2308.00000000	1341.66880960
2310.00000000	1373.48048129
2312.00000000	1351.36103981
2314.00000000	1300.81151718
2316.00000000	1306.63090394
2318.00000000	1302.45378202
2320.00000000	1360.13886340
2322.00000000	1388.61704650
2324.00000000	1357.74036850
2326.00000000	1396.67177242
2328.00000000	1396.26315094
2330.00000000	1343.09418828
2332.00000000	1318.99931896
2334.00000000	1349.20687932
2336.00000000	1336.43599899
2338.00000000	1284.54446173
2340.00000000	1268.65147538
2342.00000000	1310.41491598
2344.00000000	1345.89893802
2346.00000000	1328.10584964
2348.00000000	1335.76901714
2350.00000000	1348.25103074
2352.00000000	1320.09470418
2354.00000000	1295.95944051
2356.00000000	1323.02765724
2358.00000000	1363.89105324
2360.00000000	1361.22224857
2362.00000000	1306.46759430
2364.00000000	1265.79862949
2366.00000000	1325.34972420
2368.00000000	1373.93401764
2370.00000000	1349.30716003
2372.00000000	1318.53641218
2374.00000000	1324.41989129
2376.00000000	1379.73253283
2378.00000000	1361.54671922
2380.00000000	1290.22512073
2382.00000000	1320.00320963
2384.00000000	1354.85432484
2386.00000000	1350.03132002
2388.00000000	1357.80523940
2390.00000000	1365.18178948
2392.00000000	1296.92176817
2394.00000000	1282.71201099
2396.00000000	1320.30266983
2398.00000000	1361.77032848
2400.00000000	1380.86926327
2402.00000000	1372.96954753
2404.00000000	1366.46130993
2406.00000000	1371.31930555
2408.00000000	1365.23771353
2410.00000000	1346.50520933
2412.00000000	1348.84924367
2414.00000000	1315.91232674
2416.00000000	1341.52706679
2418.00000000	1382.67283169
2420.00000000	1329.52783637
2422.00000000	1310.74056120
2424.00000000	1306.25879499
2426.00000000	1329.33269262
2428.00000000	1355.18109284
2430.00000000	1336.52923981
2432.00000000	1333.19458340
2434.00000000	1322.04988985
2436.00000000	1337.17387844
2438.00000000	1363.52895433
2440.00000000	1349.07134583
2442.00000000	1377.24755698
2444.00000000	1414.32275027
2446.00000000	1398.58419599
2448.00000000	1340.62285602
2450.00000000	1323.90713509
2452.00000000	1395.36587678
2454.00000000	1453.28966649
2456.00000000	1413.37046066
2458.00000000	1323.87693573
2460.00000000	1307.20195973
2462.00000000	1367.53773673
2464.00000000	1376.44868684
2466.00000000	1328.38430483
2468.00000000	1323.04091078
2470.00000000	1383.32914658
2472.00000000	1387.25886959
2474.00000000	1403.71289180
2476.00000000	1387.49476322
2478.00000000	1341.08180488
2480.00000000	1360.29164090
2482.00000000	1324.85113642
2484.00000000	1335.82382885
2486.00000000	1396.65729161
2488.00000000	1398.99924029
2490.00000000	1339.30738520
2492.00000000	1380.57656002
2494.00000000	1393.90833324
2496.00000000	1336.94270131
2498.00000000	1306.10627882
2500.00000000	1345.76341469
2502.00000000	1348.62158863
2504.00000000	1318.34208164
2506.00000000	1330.32154182
2508.00000000	1374.07336367
2510.00000000	1385.49589431
2512.00000000	1404.95729499
2514.00000000	1399.32071340
2516.00000000	1419.55250056
2518.00000000	1416.11516419
2520.00000000	1343.08036343
2522.00000000	1376.86455923
2524.00000000	1377.95958927
2526.00000000	1345.78318635
2528.00000000	1324.72426867
2530.00000000	1325.48858954
2532.00000000	1361.59007114
2534.00000000	1331.07103129
2536.00000000	1359.73914530
2538.00000000	1414.82322927
2540.00000000	1383.44760927
2542.00000000	1358.08919041
2544.00000000	1367.52413549
2546.00000000	1351.85061230
2548.00000000	1336.90443003
2550.00000000	1365.95387803
2552.00000000	1394.28138116
2554.00000000	1385.15387124
2556.00000000	1342.34757049
2558.00000000	1358.93735097
2560.00000000	1414.82518087
2562.00000000	1388.66153451
2564.00000000	1346.93243087
2566.00000000	1365.83889382
2568.00000000	1358.87337601
2570.00000000	1353.17185011
2572.00000000	1405.64163089
2574.00000000	1366.46336401
2576.00000000	1365.65245903
2578.00000000	1420.79081626
2580.00000000	1437.92122231
2582.00000000	1392.82132773
2584.00000000	1383.77039373
2586.00000000	1434.37854752
2588.00000000	1425.29480799
2590.00000000	1404.65512485
2592.00000000	1388.08007163
2594.00000000	1310.52256042
2596.00000000	1331.87708812
2598.00000000	1366.70873372
2600.00000000	1372.78096793
2602.00000000	1372.66970923
2604.00000000	1375.47877587
2606.00000000	1367.80195047
2608.00000000	1342.83234111
2610.00000000	1342.70474145
2612.00000000	1381.94320673
2614.00000000	1403.97099548
2616.00000000	1365.35326703
2618.00000000	1350.98856807
2620.00000000	1356.23323033
2622.00000000	1395.50973305
2624.00000000	1423.65426142
2626.00000000	1391.97267232
2628.00000000	1390.21476724
2630.00000000	1403.77524296
2632.00000000	1446.18954843
2634.00000000	1438.66035262
2636.00000000	1378.07500839
2638.00000000	1402.14435890
2640.00000000	1425.76139442
2642.00000000	1431.81543352
2644.00000000	1440.17917730
2646.00000000	1433.61585781
2648.00000000	1394.98832079
2650.00000000	1367.75253985
2652.00000000	1355.05775125
2654.00000000	1371.48095408
2656.00000000	1387.47247197
2658.00000000	1397.41744712
2660.00000000	1422.34661296
2662.00000000	1393.99757402
2664.00000000	1431.49642964
2666.00000000	1446.44600646
2668.00000000	1429.55234743
2670.00000000	1443.22451647
2672.00000000	1393.34565397
2674.00000000	1381.60238269
2676.00000000	1377.66856062
2678.00000000	1380.55980742
2680.00000000	1415.73729839
2682.00000000	1458.01280676
2684.00000000	1462.24499673
2686.00000000	1395.57729676
2688.00000000	1376.25663510
2690.00000000	1428.93175354
2692.00000000	1453.55790248
2694.00000000	1419.80644181
2696.00000000	1427.45367002
2698.00000000	1457.72588310
2700.00000000	1433.94365915
2702.00000000	1412.61847318
2704.00000000	1443.36000790
2706.00000000	1428.29610448
2708.00000000	1437.22412886
2710.00000000	1437.52187257
2712.00000000	1478.46698012
2714.00000000	1487.98897400
2716.00000000	1419.35874866
2718.00000000	1483.82627984
2720.00000000	1472.30413031
2722.00000000	1504.27549203
2724.00000000	1525.29059896
2726.00000000	1495.73504900
2728.00000000	1512.82998458
2730.00000000	1472.35950956
2732.00000000	1489.02536185
2734.00000000	1494.22758656
2736.00000000	1508.14905117
2738.00000000	1538.98113863
2740.00000000	1516.66049752
2742.00000000	1531.97330747
2744.00000000	1483.54963597
2746.00000000	1464.13431145
2748.00000000	1494.74269823
2750.00000000	1524.15324731
2752.00000000	1547.61403153
2754.00000000	1506.54809098
2756.00000000	1470.82882354
2758.00000000	1497.57868970
2760.00000000	1514.04056685
2762.00000000	1489.53147718
2764.00000000	1487.07526280
2766.00000000	1455.78974189
2768.00000000	1480.64226717
2770.00000000	1506.94807910
2772.00000000	1465.42397374
2774.00000000	1466.24860305
2776.00000000	1557.64488619
2778.00000000	1458.00668259
2780.00000000	1428.41686505
2782.00000000	1460.81175164
2784.00000000	1489.51019090
2786.00000000	1477.86356914
2788.00000000	1430.02266343
2790.00000000	1515.93921001
2792.00000000	1547.89394786
2794.00000000	1484.43572503
2796.00000000	1454.95090080
2798.00000000	1480.96604163
2800.00000000	1497.05315298
2802.00000000	1544.59604114
2804.00000000	1461.48520786
2806.00000000	1464.98641620
2808.00000000	1507.74547726
2810.00000000	1506.88073273
2812.00000000	1508.07833560
2814.00000000	1436.65465537
2816.00000000	1515.47377770
2818.00000000	1458.23693336
2820.00000000	1473.47488524
2822.00000000	1587.59276639
2824.00000000	1534.23929227
2826.00000000	1468.40208558
2828.00000000	1466.09557928
2830.00000000	1558.22581596
2832.00000000	1625.02265426
2834.00000000	1644.15564997
2836.00000000	1657.85943019
2838.00000000	1635.20383688
2840.00000000	1634.96042723
2842.00000000	1719.70459176
2844.00000000	1796.86460156
2846.00000000	1780.15702263
2848.00000000	1780.44655538
2850.00000000	1880.62456252
2852.00000000	1934.23494876
2854.00000000	2107.97850992
2856.00000000	2135.78001464
2858.00000000	2152.23982833
2860.00000000	2275.79783982
2862.00000000	2308.96015573
2864.00000000	2251.37390908
2866.00000000	2354.10485003
2868.00000000	2422.15824758
2870.00000000	2544.45494621
2872.00000000	2616.34212025
2874.00000000	2612.47666499
2876.00000000	2728.79938291
2878.00000000	2764.37876595
2880.00000000	2768.88740045
2882.00000000	2790.77617116
2884.00000000	2819.15344161
2886.00000000	2761.85043300
2888.00000000	2725.89378907
2890.00000000	2879.24801416
2892.00000000	2815.96950968
2894.00000000	2880.46264934
2896.00000000	2969.41544034
2898.00000000	3043.09725200
2900.00000000	3066.02092560
2902.00000000	3019.13530919
2904.00000000	3177.85665581
2906.00000000	3168.35795384
2908.00000000	3288.10441873
2910.00000000	3345.04970393
2912.00000000	3363.83787260
2914.00000000	3479.07857240
2916.00000000	3501.96849459
2918.00000000	3633.00120324
2920.00000000	3826.94263927
2922.00000000	3854.08603419
2924.00000000	3946.35506015
2926.00000000	4093.88847593
2928.00000000	4076.97956227
2930.00000000	4101.07862368
2932.00000000	4207.37600938
2934.00000000	4104.45118169
2936.00000000	4093.08744305
2938.00000000	4126.04925864
2940.00000000	4057.06851236
2942.00000000	3959.32462913
2944.00000000	3799.46079222
2946.00000000	3671.27065512
2948.00000000	3621.80162855
2950.00000000	3517.51375525
2952.00000000	3468.40915264
2954.00000000	3460.15680478
2956.00000000	3341.91519884
2958.00000000	3275.24934394
2960.00000000	3253.55512165
2962.00000000	3158.08158415
2964.00000000	3079.11773684
2966.00000000	3182.33726739
2968.00000000	3163.33826986
2970.00000000	2912.30030117
2972.00000000	2966.13220531
2974.00000000	2896.35551147
2976.00000000	2820.55067498
2978.00000000	2798.81339998
2980.00000000	2707.43071930
2982.00000000	2641.61176184
2984.00000000	2671.41072717
2986.00000000	2578.57233335
2988.00000000	2512.16878599
2990.00000000	2415.76480633
2992.00000000	2415.97079176
2994.00000000	2324.20075658
2996.00000000	2167.87860367
2998.00000000	2126.06196689
3000.00000000	2051.99659909
3002.00000000	2049.81053996
3004.00000000	2040.89329833
3006.00000000	1958.47623163
3008.00000000	1898.08787742
3010.00000000	1887.15436070
3012.00000000	1853.62108492
3014.00000000	1833.46792239
3016.00000000	1893.90298647
3018.00000000	1853.53657679
3020.00000000	1808.62718801
3022.00000000	1738.85098512
3024.00000000	1715.80242285
3026.00000000	1735.66933211
3028.00000000	1709.39334628
3030.00000000	1724.38176839
3032.00000000	1657.96125978
3034.00000000	1741.28991047
3036.00000000	1710.75622199
3038.00000000	1682.20190362
3040.00000000	1753.29486180
3042.00000000	1752.42261943
3044.00000000	1739.95869381
3046.00000000	1761.65026365
3048.00000000	1665.11645220
3050.00000000	1737.08124440
3052.00000000	1816.28828846
3054.00000000	1786.90095323
3056.00000000	1757.20472275
3058.00000000	1752.64677460
3060.00000000	1765.09843825
3062.00000000	1785.27766493
3064.00000000	1832.70640884
3066.00000000	1839.28591484
3068.00000000	1766.04435008
3070.00000000	1716.35127304
3072.00000000	1734.62450170
3074.00000000	1721.22990850
3076.00000000	1685.11667046
3078.00000000	1680.42499715
3080.00000000	1657.27891689
3082.00000000	1671.06039925
3084.00000000	1644.76567695
3086.00000000	1598.24952369
3088.00000000	1603.27481116
3090.00000000	1614.28510464
3092.00000000	1696.15702680
3094.00000000	1666.32978820
3096.00000000	1604.93081648
3098.00000000	1599.92119719
3100.00000000	1633.71987196
3102.00000000	1661.19776528
3104.00000000	1644.91041391
3106.00000000	1581.98682252
3108.00000000	1558.42654415
3110.00000000	1618.47475574
3112.00000000	1664.27374874
3114.00000000	1631.18610849
3116.00000000	1643.38050085
3118.00000000	1664.79685062
3120.00000000	1603.57880106
3122.00000000	1590.16473253
3124.00000000	1607.95880539
3126.00000000	1611.19530418
3128.00000000	1703.28974643
3130.00000000	1632.17754096
3132.00000000	1597.86910600
3134.00000000	1640.73217632
3136.00000000	1578.25508372
3138.00000000	1570.04486533
3140.00000000	1607.88956564
3142.00000000	1570.93213640
3144.00000000	1528.97306644
3146.00000000	1632.26847326
3148.00000000	1675.51165573
3150.00000000	1589.95856681
3152.00000000	1613.24143507
3154.00000000	1699.15828219
3156.00000000	1583.31809272
3158.00000000	1548.71913201
3160.00000000	1566.52072125
3162.00000000	1582.39307250
3164.00000000	1626.32507667
3166.00000000	1616.63240618
3168.00000000	1581.37618295
3170.00000000	1593.55573408
3172.00000000	1570.66770060
3174.00000000	1581.60871739
3176.00000000	1639.20700246
3178.00000000	1595.17009865
3180.00000000	1605.07181411
3182.00000000	1621.22755386
3184.00000000	1557.24484289
3186.00000000	1563.90498467
3188.00000000	1635.12705619
3190.00000000	1582.50211013
3192.00000000	1613.62818956
3194.00000000	1576.19606683
3196.00000000	1622.78810765
3198.00000000	1629.77860886
3200.00000000	1606.73904233
3202.00000000	1587.50348001
3204.00000000	1589.12708872
3206.00000000	1627.33455938
3208.00000000	1583.79049989
3210.00000000	1618.13207773
3212.00000000	1650.46509526
3214.00000000	1667.45458839
3216.00000000	1652.81273514
3218.00000000	1600.70496018
3220.00000000	1596.86435031
3222.00000000	1630.68465646
3224.00000000	1595.26403524
3226.00000000	1560.19198690
3228.00000000	1593.37974216
3230.00000000	1649.40822275
3232.00000000	1718.60019691
3234.00000000	1643.62906517
3236.00000000	1620.34638472
3238.00000000	1646.01087184
3240.00000000	1595.80346763
3242.00000000	1584.69428205
3244.00000000	1582.60224099
3246.00000000	1561.60399870
3248.00000000	1607.63408916
3250.00000000	1675.85849639
3252.00000000	1618.37243824
3254.00000000	1635.15155367
3256.00000000	1673.21106018
3258.00000000	1630.37861478
3260.00000000	1635.19478922
3262.00000000	1642.70642499
3264.00000000	1627.69866532
3266.00000000	1724.21082350
3268.00000000	1632.62898825
3270.00000000	1624.45525055
3272.00000000	1676.72550091
3274.00000000	1652.75744744
3276.00000000	1648.79856968
3278.00000000	1675.13708273
3280.00000000	1647.27636052
3282.00000000	1630.33756743
3284.00000000	1620.65049143
3286.00000000	1740.61243399
3288.00000000	1759.51718883
3290.00000000	1679.87696933
3292.00000000	1658.53233025
3294.00000000	1685.27705490
3296.00000000	1682.74182367
3298.00000000	1704.91450985
3300.00000000	1731.15256938
3302.00000000	1658.42277945
3304.00000000	1676.40198056
3306.00000000	1693.65688442
3308.00000000	1688.17565142
3310.00000000	1698.04902498
3312.00000000	1710.74195533
3314.00000000	1777.13140389
3316.00000000	1737.68216877
3318.00000000	1678.28541773
3320.00000000	1775.58105383
3322.00000000	1721.71170206
3324.00000000	1685.15461523
3326.00000000	1718.59226829
3328.00000000	1677.21066747
3330.00000000	1663.20993353
3332.00000000	1740.41274893
3334.00000000	1731.94768752
3336.00000000	1695.78939344
3338.00000000	1716.51818467
3340.00000000	1707.02621436
3342.00000000	1689.36824037
3344.00000000	1676.17393369
3346.00000000	1690.12045341
3348.00000000	1672.09851112
3350.00000000	1674.42962061
3352.00000000	1688.78174988
3354.00000000	1696.52544875
3356.00000000	1701.20215418
3358.00000000	1673.68540264
3360.00000000	1618.93145692
3362.00000000	1615.21373238
3364.00000000	1680.46179962
3366.00000000	1722.17002447
3368.00000000	1671.90433754
3370.00000000	1600.56083817
3372.00000000	1655.49857783
3374.00000000	1614.98349485
3376.00000000	1606.82897748
3378.00000000	1621.49385759
3380.00000000	1627.89164664
3382.00000000	1662.69326750
3384.00000000	1672.89951693
3386.00000000	1655.84295044
3388.00000000	1593.81484150
3390.00000000	1625.23613333
3392.00000000	1598.15219567
3394.00000000	1565.59477353
3396.00000000	1514.65511459
3398.00000000	1611.02251111
3400.00000000	1634.85321883
3402.00000000	1587.34474953
3404.00000000	1631.80804895
3406.00000000	1613.86177578
3408.00000000	1541.73344977
3410.00000000	1568.48859841
3412.00000000	1545.49701508
3414.00000000	1606.75937612
3416.00000000	1575.14452331
3418.00000000	1551.90759884
3420.00000000	1544.76145360
3422.00000000	1574.93223333
3424.00000000	1568.71474159
3426.00000000	1559.03389765
3428.00000000	1581.37087773
3430.00000000	1565.53255278
3432.00000000	1551.76724214
3434.00000000	1574.92474465
3436.00000000	1574.16469596
3438.00000000	1526.32381329
3440.00000000	1550.14300089
3442.00000000	1520.13666873
3444.00000000	1561.41697159
3446.00000000	1615.11948092
3448.00000000	1571.56585333
3450.00000000	1523.59694161
3452.00000000	1576.82191241
3454.00000000	1596.10873608
3456.00000000	1480.99748785
3458.00000000	1464.09264675
3460.00000000	1579.44333510
3462.00000000	1546.82565699
3464.00000000	1566.77133382
3466.00000000	1449.73776436
3468.00000000	1535.00876854
3470.00000000	1488.92190043
3472.00000000	1505.67141267
3474.00000000	1555.24099997
3476.00000000	1543.13643046
3478.00000000	1506.70450080
3480.00000000	1503.57897944
3482.00000000	1541.80869740
3484.00000000	1475.35041088
3486.00000000	1518.85447803
3488.00000000	1515.76632408
3490.00000000	1443.91304946
3492.00000000	1453.37798987
3494.00000000	1538.60272680
3496.00000000	1553.25681776
3498.00000000	1473.39819196
3500.00000000	1443.45804122
3502.00000000	1472.25396618
3504.00000000	1486.28404863
3506.00000000	1485.48679773
3508.00000000	1463.10360887
3510.00000000	1436.46315814
3512.00000000	1460.30953778
3514.00000000	1469.04097820
3516.00000000	1443.32956200
3518.00000000	1472.36510647
3520.00000000	1488.22101092
3522.00000000	1495.11364509
3524.00000000	1526.89437943
3526.00000000	1400.87074935
3528.00000000	1460.17819385
3530.00000000	1501.47443169
3532.00000000	1441.29090547
3534.00000000	1454.46573919
3536.00000000	1460.44091706
3538.00000000	1479.83885736
3540.00000000	1482.10508480
3542.00000000	1506.92326612
3544.00000000	1458.82444389
3546.00000000	1464.72759131
3548.00000000	1479.24179971
3550.00000000	1450.81927536
3552.00000000	1450.26166838
3554.00000000	1525.18729347
3556.00000000	1522.68402511
3558.00000000	1528.11363578
3560.00000000	1507.57842985
3562.00000000	1431.99064533
3564.00000000	1384.77324343
3566.00000000	1482.61612310
3568.00000000	1581.25553917
3570.00000000	1453.38302747
3572.00000000	1433.86682326
3574.00000000	1462.12018134
3576.00000000	1492.94150421
3578.00000000	1465.71327138
3580.00000000	1478.31481083
3582.00000000	1415.68879411
3584.00000000	1456.72121925
3586.00000000	1472.67492257
3588.00000000	1469.53135708
3590.00000000	1445.08154174
3592.00000000	1409.40568259
3594.00000000	1426.40042598
3596.00000000	1430.11877585
3598.00000000	1393.04528265
3600.00000000	1419.83618148
3602.00000000	1471.07025057
3604.00000000	1458.14048924
3606.00000000	1467.90076115
3608.00000000	1475.92816075
3610.00000000	1447.57135493
3612.00000000	1505.67852950
3614.00000000	1465.75764450
3616.00000000	1465.70048256
3618.00000000	1440.79056065
3620.00000000	1480.31153132
3622.00000000	1450.51329815
3624.00000000	1422.22363853
3626.00000000	1389.51446768
3628.00000000	1417.12987455
3630.00000000	1432.22265254
3632.00000000	1419.70644350
3634.00000000	1441.25336168
3636.00000000	1440.99833085
3638.00000000	1450.33064940
3640.00000000	1387.49771185
3642.00000000	1430.98384991
3644.00000000	1483.59801013
3646.00000000	1395.84937976
3648.00000000	1420.56245377
3650.00000000	1433.83349248
3652.00000000	1467.55162096
3654.00000000	1392.43199229
3656.00000000	1435.95621454
3658.00000000	1441.89370385
3660.00000000	1365.05911025
3662.00000000	1424.99217389
3664.00000000	1383.10136878
3666.00000000	1369.80427180
3668.00000000	1447.10207710
3670.00000000	1473.17857253
3672.00000000	1468.75242004
3674.00000000	1454.28594900
3676.00000000	1424.61172599
3678.00000000	1351.28586383
3680.00000000	1420.45135988
3682.00000000	1476.01803107
3684.00000000	1424.84471755
3686.00000000	1447.14989202
3688.00000000	1355.70379042
3690.00000000	1433.86690063
3692.00000000	1425.86967379
3694.00000000	1383.75728350
3696.00000000	1425.97219802
3698.00000000	1400.51900871
3700.00000000	1418.34852177
3702.00000000	1398.18789042
3704.00000000	1393.03163877
3706.00000000	1428.82226610
3708.00000000	1340.33015179
3710.00000000	1360.98300166
3712.00000000	1435.69047560
3714.00000000	1412.47397228
3716.00000000	1455.72168215
3718.00000000	1420.99742876
3720.00000000	1368.90744789
3722.00000000	1437.43560651
3724.00000000	1382.30272952
3726.00000000	1411.80626210
3728.00000000	1470.55665745
3730.00000000	1389.44437430
3732.00000000	1324.52996839
3734.00000000	1415.30446222
3736.00000000	1391.81082760
3738.00000000	1431.64302178
3740.00000000	1408.95241843
3742.00000000	1366.58660053
3744.00000000	1388.22723729
3746.00000000	1410.76891208
3748.00000000	1410.98168408
3750.00000000	1429.08710378
3752.00000000	1396.64299645
3754.00000000	1380.04069940
3756.00000000	1366.25210225
3758.00000000	1339.84739048
3760.00000000	1381.00895914
3762.00000000	1404.87246154
3764.00000000	1371.84182788
3766.00000000	1416.07729963
3768.00000000	1408.07581808
3770.00000000	1348.50206218
3772.00000000	1375.89830775
3774.00000000	1416.48709255
3776.00000000	1498.70641526
3778.00000000	1441.68536597
3780.00000000	1392.89022478
3782.00000000	1485.48631955
3784.00000000	1377.70006751
3786.00000000	1407.85999674
3788.00000000	1408.84391476
3790.00000000	1405.96098141
3792.00000000	1403.35162998
3794.00000000	1350.85654397
3796.00000000	1404.59292815
3798.00000000	1417.41826979
3800.00000000	1395.01058774
