400.00000000	782.00778027
402.00000000	786.95872430
404.00000000	790.20421639
406.00000000	777.53149364
408.00000000	752.11080340
410.00000000	769.91335143
412.00000000	815.76409645
414.00000000	811.25306805
416.00000000	780.98668618
418.00000000	764.83743671
420.00000000	757.79990164
422.00000000	763.57079090
424.00000000	786.50868699
426.00000000	794.65191554
428.00000000	776.27604311
430.00000000	757.79754554
432.00000000	751.46680259
434.00000000	756.33237367
436.00000000	759.49166461
438.00000000	756.15594884
440.00000000	750.46933343
442.00000000	743.24642501
444.00000000	743.88472617
446.00000000	773.50719772
448.00000000	785.78556642
450.00000000	733.45677461
452.00000000	719.35353875
454.00000000	763.51849447
456.00000000	763.96142557
458.00000000	741.10312487
460.00000000	744.50118754
462.00000000	761.61911258
464.00000000	769.09574226
466.00000000	750.40606525
468.00000000	727.25948969
470.00000000	722.00840460
472.00000000	739.41034739
474.00000000	756.90524362
476.00000000	756.13466121
478.00000000	766.57365430
480.00000000	790.63200418
482.00000000	799.04067732
484.00000000	774.72460313
486.00000000	736.11420929
488.00000000	746.95970191
490.00000000	783.66244683
492.00000000	790.29316854
494.00000000	789.37418275
496.00000000	793.19680943
498.00000000	790.93883607
500.00000000	805.93125607
502.00000000	844.08799697
504.00000000	854.45996936
506.00000000	828.59946881
508.00000000	794.40512175
510.00000000	787.14503152
512.00000000	808.54423757
514.00000000	820.75429408
516.00000000	803.58037024
518.00000000	770.39457930
520.00000000	781.73197848
522.00000000	818.70411305
524.00000000	819.53664190
526.00000000	801.46435980
528.00000000	794.66714666
530.00000000	815.20261001
532.00000000	836.51761535
534.00000000	835.79600485
536.00000000	836.91206641
538.00000000	837.19674811
540.00000000	818.84697173
542.00000000	802.70040790
544.00000000	804.10769070
546.00000000	816.46903707
548.00000000	815.21765703
550.00000000	789.10768579
552.00000000	770.36466448
554.00000000	769.65102630
556.00000000	782.73602469
558.00000000	826.18137150
560.00000000	875.04209789
562.00000000	861.31657194
564.00000000	821.87107662
566.00000000	808.68378652
568.00000000	809.50341284
570.00000000	812.79494157
572.00000000	815.44471088
574.00000000	821.52841605
576.00000000	822.52182402
578.00000000	801.94090595
580.00000000	797.42374322
582.00000000	820.03751500
584.00000000	797.87615211
586.00000000	759.50261926
588.00000000	771.33360864
590.00000000	792.16851402
592.00000000	803.07848526
594.00000000	826.10158908
596.00000000	853.68795218
598.00000000	865.23807330
600.00000000	842.69352356
602.00000000	827.49636862
604.00000000	853.66409213
606.00000000	846.03898732
608.00000000	804.47331103
610.00000000	795.47200130
612.00000000	800.89815066
614.00000000	796.44795360
616.00000000	786.08809861
618.00000000	781.27571008
620.00000000	798.61280619
622.00000000	855.56917465
624.00000000	897.72342024
626.00000000	860.87515461
628.00000000	842.07545039
630.00000000	863.15653231
632.00000000	837.65594984
634.00000000	818.50713351
636.00000000	848.41075625
638.00000000	858.48336269
640.00000000	846.57339121
642.00000000	846.61939007
644.00000000	860.94145553
646.00000000	879.97135085
648.00000000	890.33929304
650.00000000	887.43788779
652.00000000	879.71309883
654.00000000	884.22700034
656.00000000	874.52642433
658.00000000	839.37200364
660.00000000	836.86555996
662.00000000	863.64280930
664.00000000	883.49403413
666.00000000	910.99941760
668.00000000	940.31768905
670.00000000	941.65112066
672.00000000	926.72383076
674.00000000	918.80388727
676.00000000	931.69409007
678.00000000	930.64152852
680.00000000	898.95906248
682.00000000	908.57007062
684.00000000	938.77902943
686.00000000	922.66538002
688.00000000	901.16284047
690.00000000	898.88832223
692.00000000	900.37595487
694.00000000	906.99869845
696.00000000	926.25622146
698.00000000	960.65930271
700.00000000	974.00277855
702.00000000	951.71710080
704.00000000	965.51002154
706.00000000	996.44277731
708.00000000	978.54403274
710.00000000	940.42268919
712.00000000	926.34697951
714.00000000	959.27669016
716.00000000	980.00640477
718.00000000	963.12386390
720.00000000	963.77093065
722.00000000	980.35708455
724.00000000	996.58681133
726.00000000	1024.41410567
728.00000000	1039.08100438
730.00000000	1015.37840405
732.00000000	1005.13764953
734.00000000	1005.21612565
736.00000000	977.50053167
738.00000000	1012.98672917
740.00000000	1107.28717643
742.00000000	1118.87632720
744.00000000	1116.95160086
746.00000000	1185.25752218
748.00000000	1272.95441556
750.00000000	1302.42698648
752.00000000	1242.55660787
754.00000000	1190.25543064
756.00000000	1160.99890210
758.00000000	1110.76257902
760.00000000	1061.89725731
762.00000000	1044.93071701
764.00000000	1069.71711501
766.00000000	1080.02228875
768.00000000	1049.20020874
770.00000000	1019.83386885
772.00000000	1022.97018166
774.00000000	1058.92266307
776.00000000	1087.08847052
778.00000000	1103.82938148
780.00000000	1120.31906122
782.00000000	1123.85788468
784.00000000	1129.92783194
786.00000000	1158.89987970
788.00000000	1159.53892270
790.00000000	1112.87229487
792.00000000	1055.76818316
794.00000000	1049.48699377
796.00000000	1090.74441280
798.00000000	1094.26713096
800.00000000	1078.92982790
802.00000000	1070.67475620
804.00000000	1035.73423356
806.00000000	1034.20659839
808.00000000	1102.93283571
810.00000000	1106.15992522
812.00000000	1072.62183641
814.00000000	1108.78587397
816.00000000	1141.52827981
818.00000000	1130.93634408
820.00000000	1104.66425759
822.00000000	1105.69772481
824.00000000	1125.51868153
826.00000000	1111.05501352
828.00000000	1116.79305459
830.00000000	1155.19081178
832.00000000	1137.90257142
834.00000000	1111.36825389
836.00000000	1131.66458745
838.00000000	1153.31371025
840.00000000	1144.13976693
842.00000000	1106.40820482
844.00000000	1088.67227905
846.00000000	1106.55148069
848.00000000	1139.07134228
850.00000000	1143.51354273
852.00000000	1134.06595913
854.00000000	1161.47379430
856.00000000	1207.07070572
858.00000000	1242.22476977
860.00000000	1248.75385573
862.00000000	1219.59438227
864.00000000	1174.54510657
866.00000000	1158.42237386
868.00000000	1174.03890895
870.00000000	1200.12524353
872.00000000	1207.38800300
874.00000000	1191.49984580
876.00000000	1176.79781287
878.00000000	1209.22132837
880.00000000	1224.17478150
882.00000000	1166.74365370
884.00000000	1161.12641475
886.00000000	1203.55511796
888.00000000	1209.15565064
890.00000000	1185.28981676
892.00000000	1168.15825095
894.00000000	1185.47351532
896.00000000	1200.15462713
898.00000000	1191.76600240
900.00000000	1176.19080827
902.00000000	1186.69956775
904.00000000	1217.85149577
906.00000000	1225.15074238
908.00000000	1231.62467738
910.00000000	1246.38141906
912.00000000	1236.44942690
914.00000000	1239.09796774
916.00000000	1275.90517262
918.00000000	1297.67340388
920.00000000	1285.05882530
922.00000000	1258.33947850
924.00000000	1272.25736151
926.00000000	1305.86896382
928.00000000	1319.30815218
930.00000000	1327.81139397
932.00000000	1336.16092810
934.00000000	1337.29431402
936.00000000	1323.44692702
938.00000000	1288.66346457
940.00000000	1249.91178574
942.00000000	1281.04699385
944.00000000	1336.23628041
946.00000000	1318.13723553
948.00000000	1319.42902526
950.00000000	1347.86813238
952.00000000	1323.11384678
954.00000000	1284.91514972
956.00000000	1277.75104724
958.00000000	1307.00997020
960.00000000	1327.21937478
962.00000000	1328.99529578
964.00000000	1348.34829649
966.00000000	1355.04187953
968.00000000	1331.26987819
970.00000000	1304.32464597
972.00000000	1302.45862386
974.00000000	1324.57974586
976.00000000	1334.02029584
978.00000000	1328.46938408
980.00000000	1334.58923652
982.00000000	1386.04421154
984.00000000	1408.99408619
986.00000000	1364.97960898
988.00000000	1346.41117154
990.00000000	1357.73961225
992.00000000	1376.26815930
994.00000000	1415.72328573
996.00000000	1461.04351023
998.00000000	1483.68939417
1000.00000000	1470.68440229
1002.00000000	1487.96084120
1004.00000000	1562.14511708
1006.00000000	1557.42372999
1008.00000000	1500.40759450
1010.00000000	1473.48463974
1012.00000000	1437.02121114
1014.00000000	1393.12113496
1016.00000000	1370.22279673
1018.00000000	1367.92087845
1020.00000000	1376.04456463
1022.00000000	1379.69035065
1024.00000000	1363.91115491
1026.00000000	1353.04140612
1028.00000000	1375.42861188
1030.00000000	1396.19498285
1032.00000000	1397.76445652
1034.00000000	1389.31780044
1036.00000000	1394.68432243
1038.00000000	1401.62629292
1040.00000000	1387.75242783
1042.00000000	1384.58499213
1044.00000000	1379.24001145
1046.00000000	1356.16398572
1048.00000000	1411.41264405
1050.00000000	1474.03613416
1052.00000000	1411.96904104
1054.00000000	1369.27699997
1056.00000000	1390.37146376
1058.00000000	1413.66099550
1060.00000000	1441.75833058
1062.00000000	1448.33680928
1064.00000000	1409.01302033
1066.00000000	1413.09709369
1068.00000000	1456.49565469
1070.00000000	1461.93441384
1072.00000000	1432.06189064
1074.00000000	1402.21572519
1076.00000000	1409.82792779
1078.00000000	1454.72304292
1080.00000000	1506.65027410
1082.00000000	1530.15184534
1084.00000000	1532.42267734
1086.00000000	1520.46360713
1088.00000000	1499.74969340
1090.00000000	1492.23867412
1092.00000000	1493.85533724
1094.00000000	1485.43485132
1096.00000000	1474.42540546
1098.00000000	1468.63930611
1100.00000000	1474.82672350
1102.00000000	1504.24996788
1104.00000000	1509.86950957
1106.00000000	1456.82976507
1108.00000000	1466.71491122
1110.00000000	1522.80931728
1112.00000000	1526.50070589
1114.00000000	1497.29500947
1116.00000000	1467.19993257
1118.00000000	1454.38909730
1120.00000000	1458.32600691
1122.00000000	1499.90239533
1124.00000000	1582.78765942
1126.00000000	1633.72635541
1128.00000000	1672.31532035
1130.00000000	1725.77094256
1132.00000000	1691.37971621
1134.00000000	1604.24643132
1136.00000000	1543.55833943
1138.00000000	1478.57581813
1140.00000000	1433.63306674
1142.00000000	1441.56335377
1144.00000000	1465.95429907
1146.00000000	1439.79649157
1148.00000000	1366.98169952
1150.00000000	1382.53799725
1152.00000000	1400.35115537
1154.00000000	1356.49853102
1156.00000000	1399.96303065
1158.00000000	1430.60489088
1160.00000000	1381.50269041
1162.00000000	1411.60520253
1164.00000000	1483.85284855
1166.00000000	1515.80477747
1168.00000000	1498.65192978
1170.00000000	1463.77635056
1172.00000000	1442.53695926
1174.00000000	1442.20567818
1176.00000000	1435.43250623
1178.00000000	1419.95553522
1180.00000000	1425.48831298
1182.00000000	1423.61121239
1184.00000000	1392.66682385
1186.00000000	1346.00102917
1188.00000000	1326.16841967
1190.00000000	1325.45367292
1192.00000000	1303.64497828
1194.00000000	1307.40517987
1196.00000000	1345.70466661
1198.00000000	1385.37618566
1200.00000000	1421.29367557
1202.00000000	1430.40553940
1204.00000000	1403.43463618
1206.00000000	1413.95387341
1208.00000000	1451.88065587
1210.00000000	1458.66313572
1212.00000000	1428.46735754
1214.00000000	1434.30879170
1216.00000000	1509.47743843
1218.00000000	1533.36687525
1220.00000000	1523.69935379
1222.00000000	1540.37415598
1224.00000000	1570.29520365
1226.00000000	1584.53925093
1228.00000000	1573.64165506
1230.00000000	1564.88218160
1232.00000000	1592.24236577
1234.00000000	1630.15361057
1236.00000000	1602.37223008
1238.00000000	1577.39726737
1240.00000000	1591.44317440
1242.00000000	1597.87973267
1244.00000000	1577.90631817
1246.00000000	1559.27181009
1248.00000000	1573.10934083
1250.00000000	1545.35530962
1252.00000000	1503.64240715
1254.00000000	1522.59033800
1256.00000000	1532.57233191
1258.00000000	1521.17469063
1260.00000000	1517.23926918
1262.00000000	1513.94448371
1264.00000000	1489.64837079
1266.00000000	1455.82145151
1268.00000000	1480.88660936
1270.00000000	1515.31366634
1272.00000000	1512.14773946
1274.00000000	1512.70047620
1276.00000000	1527.64589919
1278.00000000	1533.39969049
1280.00000000	1502.61047718
1282.00000000	1505.72144660
1284.00000000	1527.73244324
1286.00000000	1488.34398538
1288.00000000	1502.87831109
1290.00000000	1557.39754640
1292.00000000	1552.59123682
1294.00000000	1570.74780822
1296.00000000	1592.71781476
1298.00000000	1577.41428271
1300.00000000	1632.08071961
1302.00000000	1708.13071381
1304.00000000	1732.04398364
1306.00000000	1757.52741630
1308.00000000	1795.28064432
1310.00000000	1816.91185632
1312.00000000	1784.55751664
1314.00000000	1720.49540641
1316.00000000	1670.09550289
1318.00000000	1663.76271750
1320.00000000	1662.11361068
1322.00000000	1663.17655384
1324.00000000	1685.48295122
1326.00000000	1664.05045286
1328.00000000	1644.50615903
1330.00000000	1691.01791390
1332.00000000	1710.64721572
1334.00000000	1729.15758688
1336.00000000	1784.74932671
1338.00000000	1805.73421779
1340.00000000	1785.79582440
1342.00000000	1742.02378174
1344.00000000	1683.98934374
1346.00000000	1647.67701180
1348.00000000	1643.73668360
1350.00000000	1642.52228895
1352.00000000	1604.09236845
1354.00000000	1558.62782225
1356.00000000	1563.62996328
1358.00000000	1591.07945703
1360.00000000	1617.44349406
1362.00000000	1630.88605288
1364.00000000	1619.40006519
1366.00000000	1575.63845706
1368.00000000	1536.32698421
1370.00000000	1568.00916814
1372.00000000	1563.05997783
1374.00000000	1507.20714344
1376.00000000	1510.01794178
1378.00000000	1494.90696756
1380.00000000	1468.69845049
1382.00000000	1498.86001712
1384.00000000	1520.70622494
1386.00000000	1522.66169374
1388.00000000	1518.92456573
1390.00000000	1487.24919669
1392.00000000	1461.46920541
1394.00000000	1473.86256912
1396.00000000	1506.89129534
1398.00000000	1507.82327074
1400.00000000	1486.50257739
1402.00000000	1496.15676564
1404.00000000	1474.65084319
1406.00000000	1434.81637960
1408.00000000	1424.00080683
1410.00000000	1390.77689075
1412.00000000	1390.32498307
1414.00000000	1438.02268363
1416.00000000	1395.66133449
1418.00000000	1352.51661097
1420.00000000	1377.71865309
1422.00000000	1403.70498091
1424.00000000	1406.82740364
1426.00000000	1401.47475659
1428.00000000	1416.92293258
1430.00000000	1458.57704122
1432.00000000	1471.21395289
1434.00000000	1430.77961065
1436.00000000	1431.26721420
1438.00000000	1458.06468209
1440.00000000	1469.11558683
1442.00000000	1474.51854303
1444.00000000	1545.56909582
1446.00000000	1644.26465961
1448.00000000	1647.24145649
1450.00000000	1561.55598491
1452.00000000	1531.62283137
1454.00000000	1621.54283010
1456.00000000	1608.88753458
1458.00000000	1572.84885708
1460.00000000	1587.90511229
1462.00000000	1537.32541797
1464.00000000	1509.60666091
1466.00000000	1511.50432235
1468.00000000	1463.26152179
1470.00000000	1468.95771125
1472.00000000	1484.36908444
1474.00000000	1436.66030818
1476.00000000	1433.84806959
1478.00000000	1426.78664744
1480.00000000	1396.04744215
1482.00000000	1432.22088131
1484.00000000	1419.42857868
1486.00000000	1341.70868226
1488.00000000	1304.09968841
1490.00000000	1309.98085799
1492.00000000	1314.83630452
1494.00000000	1300.20794219
1496.00000000	1314.44810860
1498.00000000	1298.96211635
1500.00000000	1235.64405650
1502.00000000	1202.03869534
1504.00000000	1209.43871173
1506.00000000	1209.11915673
1508.00000000	1169.08065535
1510.00000000	1174.58159173
1512.00000000	1191.11198333
1514.00000000	1179.91954677
1516.00000000	1201.73680420
1518.00000000	1215.65681265
1520.00000000	1217.64777760
1522.00000000	1249.55242666
1524.00000000	1243.46925948
1526.00000000	1238.03593505
1528.00000000	1290.20803227
1530.00000000	1313.98557693
1532.00000000	1285.65451116
1534.00000000	1252.32752450
1536.00000000	1274.80825453
1538.00000000	1280.65204062
1540.00000000	1270.52358852
1542.00000000	1296.89827236
1544.00000000	1310.50024065
1546.00000000	1312.40528423
1548.00000000	1323.33858246
1550.00000000	1337.17035338
1552.00000000	1348.31342690
1554.00000000	1371.25536520
1556.00000000	1414.05883602
1558.00000000	1413.91245520
1560.00000000	1391.40107602
1562.00000000	1393.20596505
1564.00000000	1400.64315793
1566.00000000	1400.86489010
1568.00000000	1389.78217571
1570.00000000	1378.30988944
1572.00000000	1410.93630686
1574.00000000	1470.66490075
1576.00000000	1505.64173560
1578.00000000	1504.27518170
1580.00000000	1520.73320150
1582.00000000	1575.36232884
1584.00000000	1611.41499296
1586.00000000	1577.72960313
1588.00000000	1524.32919903
1590.00000000	1514.37130996
1592.00000000	1476.66125069
1594.00000000	1428.18237943
1596.00000000	1385.08387048
1598.00000000	1322.79023059
1600.00000000	1335.91108535
1602.00000000	1398.46545005
1604.00000000	1410.07995372
1606.00000000	1399.05384248
1608.00000000	1400.53911887
1610.00000000	1392.57643337
1612.00000000	1322.09838460
1614.00000000	1306.24999256
1616.00000000	1347.96094839
1618.00000000	1352.12143748
1620.00000000	1324.10116880
1622.00000000	1290.69479254
1624.00000000	1282.60774131
1626.00000000	1313.50711108
1628.00000000	1319.57230862
1630.00000000	1300.35377558
1632.00000000	1300.66195116
1634.00000000	1304.64861600
1636.00000000	1307.00361873
1638.00000000	1316.42261660
1640.00000000	1338.25559587
1642.00000000	1341.41323436
1644.00000000	1326.00611244
1646.00000000	1323.63901556
1648.00000000	1355.48960284
1650.00000000	1390.15616942
1652.00000000	1402.25617375
1654.00000000	1401.13528291
1656.00000000	1385.66124864
1658.00000000	1388.55732560
1660.00000000	1420.53472104
1662.00000000	1407.39220781
1664.00000000	1394.08265647
1666.00000000	1420.17505568
1668.00000000	1447.86570251
1670.00000000	1421.79084703
1672.00000000	1368.24730090
1674.00000000	1352.56903765
1676.00000000	1392.41925807
1678.00000000	1419.33484746
1680.00000000	1407.13986932
1682.00000000	1388.89120853
1684.00000000	1353.95607796
1686.00000000	1301.29177222
1688.00000000	1264.07556599
1690.00000000	1286.13902387
1692.00000000	1287.01208637
1694.00000000	1237.48136823
1696.00000000	1204.10399023
1698.00000000	1261.42112840
1700.00000000	1237.47940266
1702.00000000	1237.47940266
1704.00000000	1237.47940266
1706.00000000	1237.47940266
1708.00000000	1237.47940266
1710.00000000	1237.47940266
1712.00000000	1237.47940266
1714.00000000	1237.47940266
1716.00000000	1087.94701293
1718.00000000	1065.15623432
1720.00000000	1045.21160512
1722.00000000	1050.73983290
1724.00000000	1084.84731603
1726.00000000	1094.47778383
1728.00000000	1060.87443707
1730.00000000	1043.22559245
1732.00000000	1085.60657808
1734.00000000	1090.67435367
1736.00000000	1100.63212215
1738.00000000	1107.86195705
1740.00000000	1026.15955575
1742.00000000	983.88749326
1744.00000000	1011.74066685
1746.00000000	1050.85729708
1748.00000000	1060.61662477
1750.00000000	1059.96324667
1752.00000000	1037.99258962
1754.00000000	990.33716662
1756.00000000	1012.78038251
1758.00000000	1051.37165320
1760.00000000	1067.10200630
1762.00000000	1093.26614943
1764.00000000	1038.74794921
1766.00000000	1009.00432699
1768.00000000	1075.79758539
1770.00000000	1057.20711389
1772.00000000	1020.89505392
1774.00000000	1014.97780290
1776.00000000	1012.58107090
1778.00000000	1025.23932401
1780.00000000	1014.58723192
1782.00000000	990.02799220
1784.00000000	1016.77522335
1786.00000000	1061.00575246
1788.00000000	1053.80756064
1790.00000000	995.14616540
1792.00000000	987.36891436
1794.00000000	1044.92029404
1796.00000000	1066.64151855
1798.00000000	1008.74569742
1800.00000000	1042.97746857
1802.00000000	1056.20351430
1804.00000000	1024.28884661
1806.00000000	1060.29661713
1808.00000000	1066.52556229
1810.00000000	1043.06929912
1812.00000000	1021.33251776
1814.00000000	997.65818207
1816.00000000	1021.04966437
1818.00000000	1050.48859509
1820.00000000	1031.50302261
1822.00000000	1002.91678295
1824.00000000	1002.87145857
1826.00000000	1038.22267830
1828.00000000	1072.80262962
1830.00000000	1050.32036075
1832.00000000	1048.57991362
1834.00000000	1073.96051249
1836.00000000	1055.17135370
1838.00000000	1058.98810109
1840.00000000	1063.38051501
1842.00000000	1044.40722530
1844.00000000	1038.27031469
1846.00000000	1040.62557809
1848.00000000	1046.25787126
1850.00000000	1040.41961272
1852.00000000	1009.23505681
1854.00000000	1037.44582722
1856.00000000	1066.68851452
1858.00000000	1021.15676199
1860.00000000	1016.22548307
1862.00000000	1036.95689474
1864.00000000	1062.86608565
1866.00000000	1094.56679953
1868.00000000	1091.22112922
1870.00000000	1080.91789407
1872.00000000	1068.66978563
1874.00000000	1040.17210986
1876.00000000	1072.66744446
1878.00000000	1089.78909577
1880.00000000	1061.09715842
1882.00000000	1079.80492143
1884.00000000	1100.10225581
1886.00000000	1089.43569900
1888.00000000	1053.97116993
1890.00000000	1023.02095725
1892.00000000	1040.15325201
1894.00000000	1068.68837469
1896.00000000	1073.55850997
1898.00000000	1098.44378146
1900.00000000	1101.02470998
1902.00000000	1072.02266440
1904.00000000	1048.34048613
1906.00000000	1055.61988444
1908.00000000	1070.88130614
1910.00000000	1073.43139535
1912.00000000	1066.10984633
1914.00000000	1064.40761095
1916.00000000	1062.92903869
1918.00000000	1055.82031816
1920.00000000	1050.85439514
1922.00000000	1062.07009104
1924.00000000	1055.70538871
1926.00000000	1050.80079412
1928.00000000	1086.06212770
1930.00000000	1063.20278659
1932.00000000	1037.04231148
1934.00000000	1045.21922121
1936.00000000	1041.09358823
1938.00000000	1065.34823193
1940.00000000	1087.83861466
1942.00000000	1079.12308304
1944.00000000	1068.05366965
1946.00000000	1081.88152137
1948.00000000	1109.93520570
1950.00000000	1113.32583873
1952.00000000	1068.87488288
1954.00000000	1039.54761179
1956.00000000	1062.58100693
1958.00000000	1108.24239105
1960.00000000	1114.28981275
1962.00000000	1105.96999472
1964.00000000	1096.86009074
1966.00000000	1085.28597001
1968.00000000	1084.14130906
1970.00000000	1125.22605934
1972.00000000	1132.42805842
1974.00000000	1073.31537729
1976.00000000	1051.13511865
1978.00000000	1033.60424260
1980.00000000	1041.41543865
1982.00000000	1093.15333842
1984.00000000	1120.83878714
1986.00000000	1089.07876908
1988.00000000	1080.99964656
1990.00000000	1122.28681657
1992.00000000	1093.93138988
1994.00000000	1080.08054622
1996.00000000	1091.24178596
1998.00000000	1087.13942200
2000.00000000	1080.07339996
2002.00000000	1081.88784565
2004.00000000	1078.07801348
2006.00000000	1081.60381931
2008.00000000	1134.42769030
2010.00000000	1144.40830859
2012.00000000	1113.91423210
2014.00000000	1087.01136965
2016.00000000	1058.74543690
2018.00000000	1060.21788550
2020.00000000	1104.76488662
2022.00000000	1141.95454994
2024.00000000	1095.64591833
2026.00000000	1035.86581350
2028.00000000	1038.00216665
2030.00000000	1085.75150986
2032.00000000	1102.19954790
2034.00000000	1134.87941304
2036.00000000	1117.51946988
2038.00000000	1063.59805929
2040.00000000	1103.61862473
2042.00000000	1112.91471957
2044.00000000	1101.84155156
2046.00000000	1111.21747525
2048.00000000	1115.48914308
2050.00000000	1129.84439435
2052.00000000	1152.55750076
2054.00000000	1159.61306210
2056.00000000	1132.05290488
2058.00000000	1097.38841323
2060.00000000	1106.40713818
2062.00000000	1139.49672790
2064.00000000	1139.10471811
2066.00000000	1137.17444020
2068.00000000	1128.62409956
2070.00000000	1144.88192378
2072.00000000	1190.17224679
2074.00000000	1143.76458574
2076.00000000	1109.88865053
2078.00000000	1118.73081308
2080.00000000	1111.02949046
2082.00000000	1106.29564907
2084.00000000	1125.23843605
2086.00000000	1139.48957118
2088.00000000	1116.36889371
2090.00000000	1088.95356887
2092.00000000	1139.73079558
2094.00000000	1149.33853386
2096.00000000	1083.76765970
2098.00000000	1126.73478199
2100.00000000	1137.42672560
2102.00000000	1139.05876103
2104.00000000	1156.72733792
2106.00000000	1115.42130695
2108.00000000	1107.56404550
2110.00000000	1137.56812916
2112.00000000	1164.26517895
2114.00000000	1160.18946000
2116.00000000	1118.69426684
2118.00000000	1126.02759396
2120.00000000	1146.28357127
2122.00000000	1120.95699568
2124.00000000	1176.98127234
2126.00000000	1189.41079577
2128.00000000	1151.68241602
2130.00000000	1161.53000152
2132.00000000	1207.56731569
2134.00000000	1196.95127424
2136.00000000	1164.72366357
2138.00000000	1164.28078517
2140.00000000	1161.58182490
2142.00000000	1159.65066589
2144.00000000	1162.31665648
2146.00000000	1150.57318146
2148.00000000	1128.74947156
2150.00000000	1180.12551084
2152.00000000	1193.33408732
2154.00000000	1152.57362299
2156.00000000	1147.20739953
2158.00000000	1152.75707893
2160.00000000	1142.63837225
2162.00000000	1139.86709102
2164.00000000	1144.22840242
2166.00000000	1110.25503044
2168.00000000	1133.16283582
2170.00000000	1147.86204719
2172.00000000	1130.14598297
2174.00000000	1168.10461084
2176.00000000	1160.42165866
2178.00000000	1146.07517198
2180.00000000	1182.63516604
2182.00000000	1230.76970076
2184.00000000	1201.60617803
2186.00000000	1176.88289592
2188.00000000	1150.37660835
2190.00000000	1132.65889343
2192.00000000	1235.15062957
2194.00000000	1222.25857205
2196.00000000	1133.59152202
2198.00000000	1121.00382567
2200.00000000	1171.07408646
2202.00000000	1159.01627743
2204.00000000	1137.56874140
2206.00000000	1172.42161627
2208.00000000	1224.34433606
2210.00000000	1205.19413583
2212.00000000	1172.93024057
2214.00000000	1170.14095282
2216.00000000	1166.10646514
2218.00000000	1132.77033394
2220.00000000	1174.60266820
2222.00000000	1210.99195521
2224.00000000	1221.37466465
2226.00000000	1266.21198969
2228.00000000	1223.37092311
2230.00000000	1204.96133002
2232.00000000	1230.43620544
2234.00000000	1231.87231171
2236.00000000	1228.00981866
2238.00000000	1210.02380616
2240.00000000	1224.74007689
2242.00000000	1241.02921836
2244.00000000	1184.26912580
2246.00000000	1185.74587678
2248.00000000	1221.88778706
2250.00000000	1228.56760733
2252.00000000	1198.36300987
2254.00000000	1178.77910196
2256.00000000	1220.87095211
2258.00000000	1232.83324361
2260.00000000	1232.25900313
2262.00000000	1313.35084715
2264.00000000	1226.76418307
2266.00000000	1202.44555187
2268.00000000	1278.54604818
2270.00000000	1275.19130751
2272.00000000	1244.31117852
2274.00000000	1234.28077326
2276.00000000	1249.50655953
2278.00000000	1277.07921164
2280.00000000	1288.64437523
2282.00000000	1231.44374821
2284.00000000	1210.14486812
2286.00000000	1222.76005021
2288.00000000	1227.91350845
2290.00000000	1287.46949574
2292.00000000	1249.49741553
2294.00000000	1207.51472808
2296.00000000	1244.19063873
2298.00000000	1264.25231380
2300.00000000	1240.97921125
2302.00000000	1260.97146535
2304.00000000	1283.09796569
2306.00000000	1254.80379200
2308.00000000	1256.05263848
2310.00000000	1256.57073297
2312.00000000	1265.56768244
2314.00000000	1271.73657397
2316.00000000	1249.83553197
2318.00000000	1245.66725134
2320.00000000	1272.65416498
2322.00000000	1280.99339584
2324.00000000	1264.95762917
2326.00000000	1283.99053738
2328.00000000	1306.23609459
2330.00000000	1306.16131224
2332.00000000	1311.81545486
2334.00000000	1321.28700554
2336.00000000	1267.68252622
2338.00000000	1237.54013303
2340.00000000	1228.38645801
2342.00000000	1244.78655440
2344.00000000	1286.33400500
2346.00000000	1235.43559515
2348.00000000	1221.56560569
2350.00000000	1280.23308940
2352.00000000	1303.51866965
2354.00000000	1240.55800292
2356.00000000	1257.87412127
2358.00000000	1300.90116844
2360.00000000	1309.90197253
2362.00000000	1311.16952081
2364.00000000	1323.84161890
2366.00000000	1306.81315887
2368.00000000	1312.15498575
2370.00000000	1327.33543846
2372.00000000	1294.71184846
2374.00000000	1274.53567479
2376.00000000	1282.00832532
2378.00000000	1268.64376115
2380.00000000	1239.05998341
2382.00000000	1250.27202899
2384.00000000	1273.29082185
2386.00000000	1295.90553302
2388.00000000	1297.17918273
2390.00000000	1283.70476043
2392.00000000	1276.66056426
2394.00000000	1221.65708753
2396.00000000	1217.40822578
2398.00000000	1261.51317681
2400.00000000	1281.13535062
2402.00000000	1295.05305724
2404.00000000	1322.00416938
2406.00000000	1295.81133358
2408.00000000	1272.01283180
2410.00000000	1299.70152814
2412.00000000	1249.99511448
2414.00000000	1228.21886056
2416.00000000	1286.47735648
2418.00000000	1328.70778999
2420.00000000	1287.96063555
2422.00000000	1271.23243095
2424.00000000	1215.13744222
2426.00000000	1249.88667379
2428.00000000	1345.29993922
2430.00000000	1330.42643190
2432.00000000	1333.28457909
2434.00000000	1314.40602969
2436.00000000	1289.44287127
2438.00000000	1294.07426131
2440.00000000	1304.11924242
2442.00000000	1295.69356749
2444.00000000	1316.57914899
2446.00000000	1337.46710039
2448.00000000	1316.79285027
2450.00000000	1287.50366213
2452.00000000	1301.86606237
2454.00000000	1317.86848503
2456.00000000	1330.65077123
2458.00000000	1340.69872681
2460.00000000	1333.90876425
2462.00000000	1348.69483383
2464.00000000	1324.81645493
2466.00000000	1308.09362505
2468.00000000	1328.45010771
2470.00000000	1322.94837192
2472.00000000	1321.88882583
2474.00000000	1346.83348595
2476.00000000	1360.08036923
2478.00000000	1337.62319963
2480.00000000	1320.05793539
2482.00000000	1344.09006803
2484.00000000	1354.14951328
2486.00000000	1360.95313437
2488.00000000	1386.36144427
2490.00000000	1377.05894728
2492.00000000	1288.54052891
2494.00000000	1265.55780451
2496.00000000	1293.58209443
2498.00000000	1307.51738628
2500.00000000	1325.68451447
2502.00000000	1336.75807406
2504.00000000	1333.17789183
2506.00000000	1346.13277109
2508.00000000	1367.63422456
2510.00000000	1370.02385410
2512.00000000	1392.60486519
2514.00000000	1374.18240505
2516.00000000	1367.50970766
2518.00000000	1355.60739396
2520.00000000	1315.70887529
2522.00000000	1387.25297496
2524.00000000	1337.75747071
2526.00000000	1253.51577955
2528.00000000	1259.19062974
2530.00000000	1313.13303418
2532.00000000	1369.51862402
2534.00000000	1415.55242470
2536.00000000	1382.75868119
2538.00000000	1359.06852694
2540.00000000	1396.74862216
2542.00000000	1359.18862094
2544.00000000	1366.49167051
2546.00000000	1361.48349746
2548.00000000	1356.44373002
2550.00000000	1358.51703431
2552.00000000	1314.77636454
2554.00000000	1369.60856830
2556.00000000	1382.61009174
2558.00000000	1372.14593990
2560.00000000	1394.41364383
2562.00000000	1384.06743885
2564.00000000	1344.76265861
2566.00000000	1317.64038137
2568.00000000	1383.20540127
2570.00000000	1449.38145460
2572.00000000	1395.47041144
2574.00000000	1351.21747435
2576.00000000	1349.67915803
2578.00000000	1423.19084217
2580.00000000	1413.39155289
2582.00000000	1308.68316199
2584.00000000	1379.14865646
2586.00000000	1433.42156066
2588.00000000	1429.58074868
2590.00000000	1437.05769175
2592.00000000	1413.83893198
2594.00000000	1330.07389825
2596.00000000	1405.36605631
2598.00000000	1405.96567143
2600.00000000	1351.85342601
2602.00000000	1346.48676551
2604.00000000	1365.42444539
2606.00000000	1380.53156600
2608.00000000	1384.48844247
2610.00000000	1398.42971810
2612.00000000	1378.74128290
2614.00000000	1375.07442402
2616.00000000	1469.59003281
2618.00000000	1410.08562134
2620.00000000	1334.61483647
2622.00000000	1343.66117421
2624.00000000	1390.20093116
2626.00000000	1426.36288666
2628.00000000	1463.37266127
2630.00000000	1450.83891463
2632.00000000	1411.83533193
2634.00000000	1410.61730373
2636.00000000	1446.81903133
2638.00000000	1452.87510162
2640.00000000	1431.49765563
2642.00000000	1427.72796918
2644.00000000	1463.99961609
2646.00000000	1455.91782174
2648.00000000	1377.16272618
2650.00000000	1397.83808741
2652.00000000	1443.24718036
2654.00000000	1477.30817956
2656.00000000	1419.29038047
2658.00000000	1346.65490710
2660.00000000	1426.83216899
2662.00000000	1424.88023753
2664.00000000	1439.23439684
2666.00000000	1453.04029451
2668.00000000	1460.49656009
2670.00000000	1471.87850115
2672.00000000	1412.78602291
2674.00000000	1454.01696007
2676.00000000	1454.86830396
2678.00000000	1431.51263183
2680.00000000	1457.00245500
2682.00000000	1478.38692017
2684.00000000	1482.50030328
2686.00000000	1398.98656776
2688.00000000	1402.39765495
2690.00000000	1458.12821962
2692.00000000	1456.94872046
2694.00000000	1480.16514985
2696.00000000	1483.90877513
2698.00000000	1508.54710085
2700.00000000	1494.44023492
2702.00000000	1483.87307769
2704.00000000	1489.58522001
2706.00000000	1396.03056406
2708.00000000	1453.77734944
2710.00000000	1457.47058086
2712.00000000	1496.36511192
2714.00000000	1543.67376211
2716.00000000	1485.13320895
2718.00000000	1595.77035343
2720.00000000	1582.74548458
2722.00000000	1518.46121466
2724.00000000	1512.13673333
2726.00000000	1510.97212618
2728.00000000	1486.44142637
2730.00000000	1524.92349829
2732.00000000	1531.69401577
2734.00000000	1541.36017883
2736.00000000	1530.28921157
2738.00000000	1509.52526862
2740.00000000	1532.39328569
2742.00000000	1484.93257750
2744.00000000	1506.92084628
2746.00000000	1511.50676064
2748.00000000	1481.88455189
2750.00000000	1504.07572452
2752.00000000	1554.96366174
2754.00000000	1552.90888703
2756.00000000	1538.50504158
2758.00000000	1543.42352990
2760.00000000	1535.06682717
2762.00000000	1521.21092702
2764.00000000	1538.86918217
2766.00000000	1510.15134783
2768.00000000	1490.83228406
2770.00000000	1512.00929394
2772.00000000	1479.86401788
2774.00000000	1439.47811651
2776.00000000	1506.48227793
2778.00000000	1458.81665773
2780.00000000	1442.41735886
2782.00000000	1449.20408056
2784.00000000	1445.32453996
2786.00000000	1455.98041013
2788.00000000	1486.32058405
2790.00000000	1524.46400577
2792.00000000	1543.77997285
2794.00000000	1532.84334855
2796.00000000	1509.75708473
2798.00000000	1499.70809601
2800.00000000	1507.01736910
2802.00000000	1516.92577292
2804.00000000	1518.10004881
2806.00000000	1491.48370173
2808.00000000	1532.56062998
2810.00000000	1555.55027371
2812.00000000	1484.09795612
2814.00000000	1565.88185678
2816.00000000	1553.31221286
2818.00000000	1519.40003044
2820.00000000	1511.20345770
2822.00000000	1530.05398352
2824.00000000	1552.21447428
2826.00000000	1517.87284398
2828.00000000	1559.45672574
2830.00000000	1581.82606242
2832.00000000	1635.38993966
2834.00000000	1688.43899197
2836.00000000	1677.97521412
2838.00000000	1677.88234698
2840.00000000	1676.96578363
2842.00000000	1751.41328282
2844.00000000	1852.95552050
2846.00000000	1878.74953275
2848.00000000	1886.64786578
2850.00000000	1983.43665003
2852.00000000	2059.96460905
2854.00000000	2088.86962980
2856.00000000	2179.97514329
2858.00000000	2323.58211151
2860.00000000	2357.89183644
2862.00000000	2270.74715273
2864.00000000	2277.94335067
2866.00000000	2377.81559011
2868.00000000	2486.93757518
2870.00000000	2618.01800543
2872.00000000	2708.75262638
2874.00000000	2790.45311816
2876.00000000	2904.62815241
2878.00000000	2840.28240292
2880.00000000	2881.08602258
2882.00000000	2903.33951613
2884.00000000	2922.80894491
2886.00000000	2891.10160682
2888.00000000	2785.49307042
2890.00000000	2818.95639422
2892.00000000	2841.78364217
2894.00000000	2946.73698990
2896.00000000	2976.12683649
2898.00000000	3007.35996055
2900.00000000	3138.22573883
2902.00000000	3199.23665813
2904.00000000	3161.54657197
2906.00000000	3210.30643380
2908.00000000	3319.38174805
2910.00000000	3369.79437388
2912.00000000	3396.74282702
2914.00000000	3471.57266565
2916.00000000	3550.30205900
2918.00000000	3642.69840218
2920.00000000	3811.82111883
2922.00000000	3934.58954139
2924.00000000	4003.17601258
2926.00000000	4009.09622506
2928.00000000	3984.15430305
2930.00000000	4070.71552585
2932.00000000	4169.08615751
2934.00000000	4200.62162503
2936.00000000	4164.28289725
2938.00000000	4097.98774717
2940.00000000	4041.75655315
2942.00000000	3954.83611301
2944.00000000	3802.90208465
2946.00000000	3754.79467411
2948.00000000	3631.36360840
2950.00000000	3550.64634430
2952.00000000	3532.79901794
2954.00000000	3429.67612659
2956.00000000	3280.06191240
2958.00000000	3276.63137872
2960.00000000	3302.19165295
2962.00000000	3169.56161869
2964.00000000	3206.89742848
2966.00000000	3226.20038240
2968.00000000	3052.67373796
2970.00000000	2992.18939088
2972.00000000	3016.56585007
2974.00000000	2834.04173349
2976.00000000	2864.07047715
2978.00000000	2918.13284305
2980.00000000	2824.58386328
2982.00000000	2738.86624025
2984.00000000	2711.22139545
2986.00000000	2611.50801474
2988.00000000	2509.84884763
2990.00000000	2418.38675199
2992.00000000	2419.84599928
2994.00000000	2370.35809117
2996.00000000	2226.00117012
2998.00000000	2162.00500047
3000.00000000	2167.66474000
3002.00000000	2053.52897815
3004.00000000	1950.55587238
3006.00000000	1959.90744020
3008.00000000	1959.24560857
3010.00000000	1868.02267424
3012.00000000	1838.58092128
3014.00000000	1934.39409191
3016.00000000	1889.59171379
3018.00000000	1795.38443576
3020.00000000	1843.89993701
3022.00000000	1818.93788181
3024.00000000	1736.62374840
3026.00000000	1753.21229024
3028.00000000	1770.04118537
3030.00000000	1714.58294623
3032.00000000	1685.66785179
3034.00000000	1701.20901430
3036.00000000	1694.56407643
3038.00000000	1752.06056830
3040.00000000	1787.50788096
3042.00000000	1751.97309214
3044.00000000	1803.01973336
3046.00000000	1758.79905600
3048.00000000	1793.27692329
3050.00000000	1802.25328586
3052.00000000	1759.19766484
3054.00000000	1734.01222821
3056.00000000	1758.23552503
3058.00000000	1836.53012947
3060.00000000	1931.26534524
3062.00000000	1912.69097869
3064.00000000	1833.02356316
3066.00000000	1806.38237248
3068.00000000	1795.33021319
3070.00000000	1772.83682444
3072.00000000	1750.36078468
3074.00000000	1723.08826945
3076.00000000	1727.98461396
3078.00000000	1683.91750106
3080.00000000	1648.89437687
3082.00000000	1682.91105747
3084.00000000	1695.79203663
3086.00000000	1659.43805564
3088.00000000	1624.92940779
3090.00000000	1599.51254964
3092.00000000	1638.85057457
3094.00000000	1686.19842486
3096.00000000	1648.76679101
3098.00000000	1613.93606954
3100.00000000	1623.62313764
3102.00000000	1695.54188626
3104.00000000	1746.64414065
3106.00000000	1663.89686505
3108.00000000	1653.71463944
3110.00000000	1633.83244735
3112.00000000	1639.85394359
3114.00000000	1672.65055681
3116.00000000	1679.64003624
3118.00000000	1662.46428696
3120.00000000	1649.83982317
3122.00000000	1628.41700570
3124.00000000	1609.91169424
3126.00000000	1639.11501342
3128.00000000	1647.21956988
3130.00000000	1656.55005401
3132.00000000	1627.72323920
3134.00000000	1605.47992373
3136.00000000	1621.33730127
3138.00000000	1619.26594907
3140.00000000	1662.96540663
3142.00000000	1603.62547361
3144.00000000	1623.80955604
3146.00000000	1672.83910318
3148.00000000	1690.55172740
3150.00000000	1661.23491313
3152.00000000	1628.64532004
3154.00000000	1651.37306418
3156.00000000	1650.37287766
3158.00000000	1613.44807007
3160.00000000	1676.44561458
3162.00000000	1693.77764673
3164.00000000	1679.31565129
3166.00000000	1640.02570370
3168.00000000	1645.90672830
3170.00000000	1678.00843156
3172.00000000	1598.86008699
3174.00000000	1613.63384281
3176.00000000	1619.25365215
3178.00000000	1671.70727405
3180.00000000	1633.60813342
3182.00000000	1548.30360017
3184.00000000	1555.40726889
3186.00000000	1577.83772088
3188.00000000	1587.92914278
3190.00000000	1714.38783675
3192.00000000	1706.42650299
3194.00000000	1564.90321122
3196.00000000	1575.54494261
3198.00000000	1643.26234031
3200.00000000	1688.49667291
3202.00000000	1686.36040867
3204.00000000	1675.93067660
3206.00000000	1709.73323459
3208.00000000	1672.40871964
3210.00000000	1664.05319929
3212.00000000	1726.91815770
3214.00000000	1683.11036718
3216.00000000	1636.93241796
3218.00000000	1624.66105902
3220.00000000	1609.89307456
3222.00000000	1620.58812821
3224.00000000	1638.50037845
3226.00000000	1641.32151727
3228.00000000	1675.13256623
3230.00000000	1628.41911852
3232.00000000	1654.92979115
3234.00000000	1687.66033814
3236.00000000	1660.38582369
3238.00000000	1685.38615405
3240.00000000	1716.66836889
3242.00000000	1658.15287110
3244.00000000	1632.74555654
3246.00000000	1600.57325096
3248.00000000	1692.09795028
3250.00000000	1676.05932623
3252.00000000	1659.05765985
3254.00000000	1709.20221483
3256.00000000	1688.72488059
3258.00000000	1661.53239042
3260.00000000	1705.45595761
3262.00000000	1687.12416236
3264.00000000	1713.02870385
3266.00000000	1776.75894761
3268.00000000	1703.38187678
3270.00000000	1623.79955740
3272.00000000	1638.35349152
3274.00000000	1634.38000147
3276.00000000	1695.84221153
3278.00000000	1763.13017824
3280.00000000	1738.33703454
3282.00000000	1829.70489383
3284.00000000	1760.46541942
3286.00000000	1762.95014784
3288.00000000	1792.38914917
3290.00000000	1724.49665485
3292.00000000	1760.60561499
3294.00000000	1798.25366523
3296.00000000	1771.99208517
3298.00000000	1796.93034886
3300.00000000	1803.92250311
3302.00000000	1780.91920199
3304.00000000	1800.83462322
3306.00000000	1787.84203409
3308.00000000	1754.98525591
3310.00000000	1729.69644849
3312.00000000	1738.71037435
3314.00000000	1846.30664830
3316.00000000	1919.85403340
3318.00000000	1831.87369610
3320.00000000	1746.02664542
3322.00000000	1789.19038912
3324.00000000	1825.62411868
3326.00000000	1769.84300562
3328.00000000	1802.92511354
3330.00000000	1802.08287213
3332.00000000	1824.25676686
3334.00000000	1830.18561507
3336.00000000	1801.57888425
3338.00000000	1813.71472914
3340.00000000	1806.60991877
3342.00000000	1749.03304903
3344.00000000	1771.89538076
3346.00000000	1778.71951548
3348.00000000	1752.78985440
3350.00000000	1844.71291972
3352.00000000	1841.99085866
3354.00000000	1798.36821428
3356.00000000	1813.10188686
3358.00000000	1760.86406429
3360.00000000	1697.37344126
3362.00000000	1724.87038086
3364.00000000	1726.94505491
3366.00000000	1766.59744333
3368.00000000	1724.98141980
3370.00000000	1764.54582184
3372.00000000	1751.20290532
3374.00000000	1710.87057003
3376.00000000	1764.93927338
3378.00000000	1777.69143594
3380.00000000	1741.47138078
3382.00000000	1729.06346648
3384.00000000	1717.14349738
3386.00000000	1770.01803567
3388.00000000	1794.69369089
3390.00000000	1715.19437268
3392.00000000	1728.44637747
3394.00000000	1650.79389575
3396.00000000	1707.71168736
3398.00000000	1761.31575206
3400.00000000	1731.34101213
3402.00000000	1772.71333048
3404.00000000	1761.25381043
3406.00000000	1686.79110219
3408.00000000	1758.86716133
3410.00000000	1759.55432603
3412.00000000	1689.18547743
3414.00000000	1712.91573745
3416.00000000	1706.97948389
3418.00000000	1657.28700833
3420.00000000	1727.32252725
3422.00000000	1757.80865086
3424.00000000	1660.51396242
3426.00000000	1612.05574594
3428.00000000	1681.09759931
3430.00000000	1727.11183379
3432.00000000	1709.97714321
3434.00000000	1730.35547954
3436.00000000	1741.20273721
3438.00000000	1700.25847325
3440.00000000	1678.93785234
3442.00000000	1678.61550296
3444.00000000	1667.09228060
3446.00000000	1685.29691190
3448.00000000	1678.13277863
3450.00000000	1680.42042595
3452.00000000	1741.72891472
3454.00000000	1703.76942801
3456.00000000	1581.78647949
3458.00000000	1613.89641017
3460.00000000	1668.81712878
3462.00000000	1657.58991609
3464.00000000	1675.67699557
3466.00000000	1682.99750630
3468.00000000	1657.37584239
3470.00000000	1620.79900947
3472.00000000	1680.21736101
3474.00000000	1679.95358516
3476.00000000	1658.18126357
3478.00000000	1734.56384023
3480.00000000	1704.47671751
3482.00000000	1615.01900777
3484.00000000	1704.10212166
3486.00000000	1697.99914824
3488.00000000	1639.40926902
3490.00000000	1647.04318199
3492.00000000	1613.62696752
3494.00000000	1689.77023296
3496.00000000	1674.80340438
3498.00000000	1689.80663485
3500.00000000	1703.28886148
3502.00000000	1656.60504970
3504.00000000	1618.23613518
3506.00000000	1656.03116781
3508.00000000	1675.39411424
3510.00000000	1605.31554649
3512.00000000	1631.65805096
3514.00000000	1653.24380377
3516.00000000	1672.97614402
3518.00000000	1602.51674460
3520.00000000	1589.08669720
3522.00000000	1665.39465884
3524.00000000	1676.01535254
3526.00000000	1610.06645264
3528.00000000	1646.65705725
3530.00000000	1644.10395407
3532.00000000	1674.37267944
3534.00000000	1673.74194799
3536.00000000	1647.05268717
3538.00000000	1794.01380539
3540.00000000	1742.86475776
3542.00000000	1663.90553362
3544.00000000	1662.90090551
3546.00000000	1610.80303824
3548.00000000	1659.62293178
3550.00000000	1664.11530656
3552.00000000	1638.36183073
3554.00000000	1614.14303126
3556.00000000	1630.84134356
3558.00000000	1641.88409164
3560.00000000	1665.84322469
3562.00000000	1636.19873634
3564.00000000	1635.36026636
3566.00000000	1741.18993543
3568.00000000	1757.83279419
3570.00000000	1709.08433602
3572.00000000	1695.02277698
3574.00000000	1675.84866621
3576.00000000	1686.56168665
3578.00000000	1676.85791728
3580.00000000	1688.22925028
3582.00000000	1634.25252439
3584.00000000	1717.79900621
3586.00000000	1694.89781453
3588.00000000	1711.98371583
3590.00000000	1668.37233915
3592.00000000	1628.02225454
3594.00000000	1677.89820864
3596.00000000	1663.59419937
3598.00000000	1648.82965850
3600.00000000	1697.53938010
3602.00000000	1704.94013937
3604.00000000	1691.25885250
3606.00000000	1679.67969932
3608.00000000	1746.56689013
3610.00000000	1760.49141077
3612.00000000	1674.82454496
3614.00000000	1670.33843915
3616.00000000	1749.56998728
3618.00000000	1669.30614061
3620.00000000	1677.94127226
3622.00000000	1714.33720260
3624.00000000	1694.38266183
3626.00000000	1646.90088918
3628.00000000	1682.34842096
3630.00000000	1666.59725528
3632.00000000	1655.12751321
3634.00000000	1673.88424294
3636.00000000	1619.48514387
3638.00000000	1673.26080365
3640.00000000	1667.24877919
3642.00000000	1704.60218341
3644.00000000	1748.86156799
3646.00000000	1712.52522740
3648.00000000	1741.90589025
3650.00000000	1656.39607252
3652.00000000	1700.99595622
3654.00000000	1702.41717323
3656.00000000	1799.15213726
3658.00000000	1727.05009988
3660.00000000	1683.10393839
3662.00000000	1750.73527039
3664.00000000	1677.67848093
3666.00000000	1645.89971423
3668.00000000	1726.83069662
3670.00000000	1730.14039557
3672.00000000	1724.18675795
3674.00000000	1717.99949765
3676.00000000	1689.45030482
3678.00000000	1721.98245744
3680.00000000	1735.80225778
3682.00000000	1757.47120506
3684.00000000	1710.14899182
3686.00000000	1758.75935515
3688.00000000	1683.58573609
3690.00000000	1784.69938819
3692.00000000	1784.16525655
3694.00000000	1717.05755729
3696.00000000	1701.67760701
3698.00000000	1760.87124600
3700.00000000	1660.45529546
3702.00000000	1671.57028820
3704.00000000	1754.62668681
3706.00000000	1693.62669843
3708.00000000	1680.27723025
3710.00000000	1713.47918435
3712.00000000	1708.30790794
3714.00000000	1697.80717994
3716.00000000	1740.33401725
3718.00000000	1791.01900375
3720.00000000	1756.90118875
3722.00000000	1735.21880999
3724.00000000	1712.59635201
3726.00000000	1698.86106000
3728.00000000	1742.12850649
3730.00000000	1801.43042363
3732.00000000	1722.11028626
3734.00000000	1701.29089056
3736.00000000	1716.64074059
3738.00000000	1699.76701036
3740.00000000	1775.86830236
3742.00000000	1738.18000908
3744.00000000	1764.88895206
3746.00000000	1759.90040597
3748.00000000	1718.91888170
3750.00000000	1747.45258461
3752.00000000	1805.53347590
3754.00000000	1759.14610329
3756.00000000	1698.93388112
3758.00000000	1651.01601139
3760.00000000	1729.84900660
3762.00000000	1793.93047876
3764.00000000	1724.96614737
3766.00000000	1773.18579591
3768.00000000	1772.27078142
3770.00000000	1697.53295153
3772.00000000	1784.83595874
3774.00000000	1788.52191649
3776.00000000	1730.98168440
3778.00000000	1717.06043526
3780.00000000	1690.76771299
3782.00000000	1682.07865201
3784.00000000	1731.25777367
3786.00000000	1845.75076202
3788.00000000	1726.39126473
3790.00000000	1766.04069003
3792.00000000	1775.89091815
3794.00000000	1758.38478887
3796.00000000	1755.25902536
3798.00000000	1773.14734042
3800.00000000	1776.51029021
