400.00000000	951.74548506
402.00000000	955.76349589
404.00000000	934.59670375
406.00000000	925.30862804
408.00000000	956.18649642
410.00000000	962.13034141
412.00000000	931.21180232
414.00000000	913.67162339
416.00000000	914.96876341
418.00000000	922.56194883
420.00000000	924.04821733
422.00000000	924.14369861
424.00000000	935.25165069
426.00000000	951.34787924
428.00000000	959.62871881
430.00000000	947.74594580
432.00000000	931.79844900
434.00000000	932.22376441
436.00000000	942.87483277
438.00000000	950.28967220
440.00000000	942.42404945
442.00000000	930.02913403
444.00000000	929.64307052
446.00000000	951.21463857
448.00000000	967.20344083
450.00000000	945.53763844
452.00000000	921.43105128
454.00000000	912.51905458
456.00000000	901.12930590
458.00000000	895.33470131
460.00000000	904.32081037
462.00000000	912.90601113
464.00000000	911.46804222
466.00000000	902.89901627
468.00000000	912.77009961
470.00000000	933.90642010
472.00000000	913.58399744
474.00000000	903.13144501
476.00000000	952.60446071
478.00000000	956.72573267
480.00000000	908.69441974
482.00000000	902.19646124
484.00000000	925.40573415
486.00000000	945.41585040
488.00000000	957.11820915
490.00000000	964.70357213
492.00000000	972.83543206
494.00000000	975.02764778
496.00000000	972.89288209
498.00000000	975.46458145
500.00000000	967.63086650
502.00000000	947.78751272
504.00000000	954.82298101
506.00000000	976.07804235
508.00000000	974.66998095
510.00000000	966.41113671
512.00000000	964.92469794
514.00000000	965.52271754
516.00000000	955.36126523
518.00000000	933.45036732
520.00000000	927.77023855
522.00000000	935.03595895
524.00000000	937.12119822
526.00000000	957.62785668
528.00000000	989.04463769
530.00000000	982.80727661
532.00000000	971.71606117
534.00000000	988.83736377
536.00000000	989.43984990
538.00000000	971.17416525
540.00000000	962.66985269
542.00000000	956.32436040
544.00000000	953.77394433
546.00000000	975.04894741
548.00000000	1002.13928568
550.00000000	1006.52937398
552.00000000	977.17769133
554.00000000	936.89372478
556.00000000	921.61869915
558.00000000	926.31747157
560.00000000	942.58398252
562.00000000	966.85527505
564.00000000	971.65087734
566.00000000	953.97610441
568.00000000	976.05573091
570.00000000	1004.17194383
572.00000000	973.36836163
574.00000000	971.41008797
576.00000000	1003.97110131
578.00000000	968.98699806
580.00000000	944.89645904
582.00000000	990.49333146
584.00000000	997.25672358
586.00000000	975.93981146
588.00000000	991.82181639
590.00000000	997.35183173
592.00000000	984.66779571
594.00000000	997.67145254
596.00000000	1003.38719527
598.00000000	981.86710781
600.00000000	976.14161256
602.00000000	979.66178933
604.00000000	967.49869354
606.00000000	952.00203924
608.00000000	955.68504034
610.00000000	989.49879665
612.00000000	996.34627215
614.00000000	957.01934283
616.00000000	928.98772662
618.00000000	928.59435592
620.00000000	949.12015094
622.00000000	981.97353083
624.00000000	1009.74876166
626.00000000	1014.64640079
628.00000000	1001.58289955
630.00000000	987.35820211
632.00000000	990.66298886
634.00000000	995.06471972
636.00000000	986.69175590
638.00000000	981.11003902
640.00000000	1001.49388537
642.00000000	1053.46018386
644.00000000	1087.22615191
646.00000000	1088.85664532
648.00000000	1078.89434926
650.00000000	1045.17419037
652.00000000	998.20614868
654.00000000	986.72447142
656.00000000	1009.99313966
658.00000000	1040.38992725
660.00000000	1047.46954842
662.00000000	1047.15837907
664.00000000	1069.40660205
666.00000000	1085.45322590
668.00000000	1092.84438123
670.00000000	1117.56788980
672.00000000	1128.10631014
674.00000000	1105.78046888
676.00000000	1079.85789150
678.00000000	1072.91242010
680.00000000	1085.27763034
682.00000000	1082.52116246
684.00000000	1080.86785954
686.00000000	1110.20529836
688.00000000	1107.98347737
690.00000000	1071.10716152
692.00000000	1067.41048617
694.00000000	1085.59696963
696.00000000	1100.66676864
698.00000000	1110.62591511
700.00000000	1121.06709398
702.00000000	1131.62905677
704.00000000	1123.90368262
706.00000000	1104.96014864
708.00000000	1100.87826805
710.00000000	1131.04221599
712.00000000	1165.95629571
714.00000000	1148.13031265
716.00000000	1126.98049521
718.00000000	1134.88333748
720.00000000	1134.59944366
722.00000000	1138.62129070
724.00000000	1167.61150124
726.00000000	1203.67629025
728.00000000	1212.68489574
730.00000000	1179.33091055
732.00000000	1165.88907867
734.00000000	1193.37181119
736.00000000	1232.06601145
738.00000000	1258.97173577
740.00000000	1278.14653005
742.00000000	1321.06963431
744.00000000	1391.25996888
746.00000000	1463.73190124
748.00000000	1492.10259773
750.00000000	1507.17038758
752.00000000	1529.40729654
754.00000000	1452.76234076
756.00000000	1328.94437890
758.00000000	1288.20750528
760.00000000	1256.91344468
762.00000000	1218.73917993
764.00000000	1240.17131620
766.00000000	1261.51748250
768.00000000	1243.21004401
770.00000000	1228.04417712
772.00000000	1229.47009189
774.00000000	1239.99335621
776.00000000	1243.01241995
778.00000000	1232.59389459
780.00000000	1217.81788590
782.00000000	1226.98512948
784.00000000	1262.85150185
786.00000000	1297.62211609
788.00000000	1278.80372785
790.00000000	1235.50244443
792.00000000	1258.90925070
794.00000000	1299.99921939
796.00000000	1303.29706428
798.00000000	1271.78845746
800.00000000	1252.83238431
802.00000000	1267.63221374
804.00000000	1265.61782639
806.00000000	1244.08625382
808.00000000	1233.98503271
810.00000000	1267.59012540
812.00000000	1297.78049606
814.00000000	1270.96278857
816.00000000	1285.08711238
818.00000000	1320.05662905
820.00000000	1275.23749395
822.00000000	1276.69425584
824.00000000	1339.87067969
826.00000000	1321.60969625
828.00000000	1308.07244840
830.00000000	1359.61218437
832.00000000	1384.58066273
834.00000000	1359.79905003
836.00000000	1320.72549298
838.00000000	1334.13641289
840.00000000	1361.52988799
842.00000000	1340.78490845
844.00000000	1303.62791069
846.00000000	1303.20558780
848.00000000	1358.88006962
850.00000000	1375.31913515
852.00000000	1347.60274957
854.00000000	1353.94027444
856.00000000	1403.99910245
858.00000000	1441.87535531
860.00000000	1392.30045452
862.00000000	1343.78257285
864.00000000	1357.18584226
866.00000000	1389.81526386
868.00000000	1421.51890302
870.00000000	1437.44849208
872.00000000	1418.01702314
874.00000000	1391.78728287
876.00000000	1387.57781671
878.00000000	1388.14640538
880.00000000	1387.21737105
882.00000000	1383.73296176
884.00000000	1368.04700663
886.00000000	1367.32627808
888.00000000	1405.74834859
890.00000000	1420.50409374
892.00000000	1415.94712518
894.00000000	1442.18318983
896.00000000	1455.92609113
898.00000000	1442.29080224
900.00000000	1435.85033705
902.00000000	1461.51605682
904.00000000	1487.97995149
906.00000000	1449.16836584
908.00000000	1431.15716517
910.00000000	1467.52350222
912.00000000	1464.79365425
914.00000000	1461.82330356
916.00000000	1496.64723201
918.00000000	1516.52640114
920.00000000	1507.51617233
922.00000000	1489.87701537
924.00000000	1500.41888434
926.00000000	1521.92748375
928.00000000	1530.31052319
930.00000000	1551.51456868
932.00000000	1571.30979020
934.00000000	1566.90668699
936.00000000	1566.71077647
938.00000000	1541.66062424
940.00000000	1470.09214965
942.00000000	1485.83084159
944.00000000	1563.54216920
946.00000000	1572.97921605
948.00000000	1560.49554096
950.00000000	1572.46110875
952.00000000	1602.06835949
954.00000000	1581.52263075
956.00000000	1536.65967777
958.00000000	1567.68181933
960.00000000	1599.91629280
962.00000000	1596.87377983
964.00000000	1611.63346160
966.00000000	1623.76784649
968.00000000	1617.25812267
970.00000000	1613.75878967
972.00000000	1629.28458135
974.00000000	1635.36534650
976.00000000	1570.38324782
978.00000000	1539.56643135
980.00000000	1602.93618365
982.00000000	1656.28360663
984.00000000	1687.32299136
986.00000000	1717.17158395
988.00000000	1740.66899858
990.00000000	1727.03060739
992.00000000	1687.19085955
994.00000000	1712.45984454
996.00000000	1740.10313092
998.00000000	1720.77780394
1000.00000000	1782.19974394
1002.00000000	1858.41444589
1004.00000000	1844.28242823
1006.00000000	1806.73732950
1008.00000000	1773.00939709
1010.00000000	1739.73109986
1012.00000000	1718.31027249
1014.00000000	1707.03336012
1016.00000000	1691.31110648
1018.00000000	1653.22033787
1020.00000000	1627.76096096
1022.00000000	1648.40131822
1024.00000000	1655.68526208
1026.00000000	1643.22706043
1028.00000000	1648.69689354
1030.00000000	1694.48585834
1032.00000000	1744.39433935
1034.00000000	1748.28552327
1036.00000000	1731.01015266
1038.00000000	1687.32821138
1040.00000000	1617.90274969
1042.00000000	1629.52768939
1044.00000000	1685.83452632
1046.00000000	1679.27129782
1048.00000000	1672.66571127
1050.00000000	1689.36175797
1052.00000000	1701.44913954
1054.00000000	1704.70636659
1056.00000000	1709.83939580
1058.00000000	1725.24398717
1060.00000000	1727.71204386
1062.00000000	1719.83567891
1064.00000000	1730.74544301
1066.00000000	1783.37746731
1068.00000000	1804.61123585
1070.00000000	1722.73285854
1072.00000000	1714.20820665
1074.00000000	1775.51535791
1076.00000000	1771.83990860
1078.00000000	1764.10894134
1080.00000000	1770.10485389
1082.00000000	1764.42364162
1084.00000000	1802.07542333
1086.00000000	1861.85398889
1088.00000000	1874.71142828
1090.00000000	1859.67759708
1092.00000000	1812.80708540
1094.00000000	1724.68690969
1096.00000000	1668.80198031
1098.00000000	1692.14592407
1100.00000000	1771.94998299
1102.00000000	1786.58976075
1104.00000000	1734.95637777
1106.00000000	1704.89927940
1108.00000000	1727.25589572
1110.00000000	1763.12944212
1112.00000000	1768.52309211
1114.00000000	1799.24326259
1116.00000000	1813.02471907
1118.00000000	1767.68723779
1120.00000000	1820.62352815
1122.00000000	1895.32770929
1124.00000000	1858.59402415
1126.00000000	1878.93221103
1128.00000000	1967.83522416
1130.00000000	2027.93593656
1132.00000000	2022.67350653
1134.00000000	1957.67079236
1136.00000000	1867.02851606
1138.00000000	1799.09077958
1140.00000000	1763.35103353
1142.00000000	1745.32910559
1144.00000000	1731.21360327
1146.00000000	1722.63584706
1148.00000000	1721.26314713
1150.00000000	1711.98969930
1152.00000000	1671.26371030
1154.00000000	1627.10157578
1156.00000000	1682.59990198
1158.00000000	1778.93356312
1160.00000000	1818.42094410
1162.00000000	1782.65138397
1164.00000000	1762.19697273
1166.00000000	1793.22691884
1168.00000000	1787.50027059
1170.00000000	1772.05841703
1172.00000000	1778.79385676
1174.00000000	1781.89150099
1176.00000000	1755.09825616
1178.00000000	1707.63050010
1180.00000000	1684.90338960
1182.00000000	1703.92502729
1184.00000000	1737.54761753
1186.00000000	1733.14322906
1188.00000000	1693.53158237
1190.00000000	1650.21008578
1192.00000000	1637.92385216
1194.00000000	1653.64516452
1196.00000000	1680.27006698
1198.00000000	1696.51786614
1200.00000000	1685.00100112
1202.00000000	1666.78665730
1204.00000000	1676.37565313
1206.00000000	1703.91763429
1208.00000000	1734.61846928
1210.00000000	1747.95945279
1212.00000000	1715.07761746
1214.00000000	1711.72050937
1216.00000000	1789.29000531
1218.00000000	1832.10295304
1220.00000000	1848.89294175
1222.00000000	1875.91755269
1224.00000000	1869.12115230
1226.00000000	1823.00761438
1228.00000000	1785.24382603
1230.00000000	1824.93484514
1232.00000000	1845.62355489
1234.00000000	1814.79226170
1236.00000000	1830.13108149
1238.00000000	1808.81912563
1240.00000000	1770.15189986
1242.00000000	1836.36113042
1244.00000000	1814.21424059
1246.00000000	1731.51242462
1248.00000000	1793.40592410
1250.00000000	1826.41182174
1252.00000000	1796.32149977
1254.00000000	1791.81693671
1256.00000000	1751.97208476
1258.00000000	1725.36196133
1260.00000000	1765.79449527
1262.00000000	1745.36969121
1264.00000000	1708.86163180
1266.00000000	1735.92795378
1268.00000000	1764.38870322
1270.00000000	1755.56918999
1272.00000000	1722.23323753
1274.00000000	1719.36779280
1276.00000000	1746.16507570
1278.00000000	1765.41756693
1280.00000000	1741.13503433
1282.00000000	1725.97834770
1284.00000000	1739.36054476
1286.00000000	1748.21224905
1288.00000000	1756.90494081
1290.00000000	1769.40490928
1292.00000000	1780.73693101
1294.00000000	1783.99362277
1296.00000000	1766.99413819
1298.00000000	1752.12514203
1300.00000000	1830.89753296
1302.00000000	1924.26666160
1304.00000000	1936.66335328
1306.00000000	1924.13149251
1308.00000000	1940.43976768
1310.00000000	1994.06982966
1312.00000000	2040.35429244
1314.00000000	2038.40393509
1316.00000000	1970.05600022
1318.00000000	1866.20582181
1320.00000000	1854.66694857
1322.00000000	1893.67084401
1324.00000000	1842.25983517
1326.00000000	1794.05999102
1328.00000000	1797.05600475
1330.00000000	1834.95928558
1332.00000000	1892.63518158
1334.00000000	1925.02675683
1336.00000000	1917.07040172
1338.00000000	1930.02040397
1340.00000000	1969.34570282
1342.00000000	1964.19189180
1344.00000000	1830.57921880
1346.00000000	1753.95295455
1348.00000000	1789.07455801
1350.00000000	1791.89721834
1352.00000000	1744.77141822
1354.00000000	1701.56727136
1356.00000000	1721.75639349
1358.00000000	1787.49661856
1360.00000000	1826.57551116
1362.00000000	1802.94363243
1364.00000000	1793.17572697
1366.00000000	1788.40155253
1368.00000000	1762.62399607
1370.00000000	1734.70854212
1372.00000000	1727.59455115
1374.00000000	1735.07330872
1376.00000000	1721.64220779
1378.00000000	1669.85302004
1380.00000000	1629.44259097
1382.00000000	1653.90873916
1384.00000000	1666.98683289
1386.00000000	1639.98615935
1388.00000000	1612.61295310
1390.00000000	1651.45225202
1392.00000000	1666.09828838
1394.00000000	1630.28891201
1396.00000000	1670.61392216
1398.00000000	1680.24718116
1400.00000000	1632.40067092
1402.00000000	1627.62942613
1404.00000000	1616.95311031
1406.00000000	1593.06005978
1408.00000000	1586.36976792
1410.00000000	1575.36219995
1412.00000000	1566.11431160
1414.00000000	1565.33853707
1416.00000000	1551.83200874
1418.00000000	1543.70373299
1420.00000000	1563.66795731
1422.00000000	1600.69414973
1424.00000000	1572.41815155
1426.00000000	1531.66781777
1428.00000000	1596.77449525
1430.00000000	1674.94030878
1432.00000000	1669.16420048
1434.00000000	1586.88117259
1436.00000000	1577.61592961
1438.00000000	1642.71679756
1440.00000000	1692.58245017
1442.00000000	1658.16098104
1444.00000000	1673.03131275
1446.00000000	1741.15643664
1448.00000000	1749.06572015
1450.00000000	1785.70173420
1452.00000000	1800.19634430
1454.00000000	1730.06883459
1456.00000000	1724.21083674
1458.00000000	1752.03746922
1460.00000000	1739.18730581
1462.00000000	1697.83023233
1464.00000000	1685.92735732
1466.00000000	1665.33964620
1468.00000000	1573.26199900
1470.00000000	1586.72052392
1472.00000000	1646.64500154
1474.00000000	1618.85422702
1476.00000000	1598.50555919
1478.00000000	1568.23803191
1480.00000000	1523.77183257
1482.00000000	1536.62771424
1484.00000000	1531.32859239
1486.00000000	1492.72643726
1488.00000000	1478.08487254
1490.00000000	1467.27610584
1492.00000000	1464.48265493
1494.00000000	1485.47905734
1496.00000000	1514.38144865
1498.00000000	1495.30084981
1500.00000000	1427.05693435
1502.00000000	1385.83526832
1504.00000000	1399.89723523
1506.00000000	1417.89492979
1508.00000000	1387.51036193
1510.00000000	1385.75258260
1512.00000000	1409.32130138
1514.00000000	1416.07921490
1516.00000000	1397.34451274
1518.00000000	1376.19179924
1520.00000000	1401.83519217
1522.00000000	1478.58802219
1524.00000000	1427.15190987
1526.00000000	1371.37062856
1528.00000000	1467.74775823
1530.00000000	1482.90854022
1532.00000000	1459.89480524
1534.00000000	1465.07196227
1536.00000000	1436.15298662
1538.00000000	1447.44788288
1540.00000000	1476.88029961
1542.00000000	1447.54697414
1544.00000000	1433.92674206
1546.00000000	1457.80191840
1548.00000000	1491.59818930
1550.00000000	1502.69513236
1552.00000000	1492.40002472
1554.00000000	1485.22451197
1556.00000000	1512.43503782
1558.00000000	1581.11706533
1560.00000000	1601.54791222
1562.00000000	1535.98117203
1564.00000000	1530.96949343
1566.00000000	1606.48399874
1568.00000000	1662.87063279
1570.00000000	1603.93456754
1572.00000000	1588.04437084
1574.00000000	1629.98112591
1576.00000000	1656.32166746
1578.00000000	1706.05018793
1580.00000000	1774.61123590
1582.00000000	1798.75564926
1584.00000000	1728.42587072
1586.00000000	1720.13333162
1588.00000000	1754.47149718
1590.00000000	1720.81235097
1592.00000000	1694.61933888
1594.00000000	1644.57886759
1596.00000000	1565.29921259
1598.00000000	1547.67783333
1600.00000000	1573.03677173
1602.00000000	1592.23779395
1604.00000000	1584.64158844
1606.00000000	1588.54708771
1608.00000000	1590.31470039
1610.00000000	1579.06495164
1612.00000000	1578.80337326
1614.00000000	1565.12060322
1616.00000000	1550.65470772
1618.00000000	1562.22673014
1620.00000000	1557.99031621
1622.00000000	1522.21836734
1624.00000000	1489.51887106
1626.00000000	1509.18228627
1628.00000000	1503.09529677
1630.00000000	1478.65420466
1632.00000000	1494.00474500
1634.00000000	1493.47939465
1636.00000000	1492.21797766
1638.00000000	1503.09093503
1640.00000000	1491.15802426
1642.00000000	1482.68850717
1644.00000000	1512.85248091
1646.00000000	1573.18837633
1648.00000000	1585.82508682
1650.00000000	1574.57178560
1652.00000000	1571.84780789
1654.00000000	1561.04848130
1656.00000000	1551.29287747
1658.00000000	1583.47425751
1660.00000000	1645.23494808
1662.00000000	1609.13891165
1664.00000000	1567.61168170
1666.00000000	1590.83122791
1668.00000000	1614.69824733
1670.00000000	1605.15576149
1672.00000000	1594.57627188
1674.00000000	1610.99453479
1676.00000000	1612.33243852
1678.00000000	1609.43414745
1680.00000000	1596.50052749
1682.00000000	1552.17160753
1684.00000000	1521.60329398
1686.00000000	1491.39244603
1688.00000000	1443.75305077
1690.00000000	1421.20549947
1692.00000000	1467.13021711
1694.00000000	1481.22131351
1696.00000000	1385.13057158
1698.00000000	1417.28538420
1700.00000000	1473.50365793
1702.00000000	1473.50365793
1704.00000000	1473.50365793
1706.00000000	1473.50365793
1708.00000000	1473.50365793
1710.00000000	1473.50365793
1712.00000000	1473.50365793
1714.00000000	1473.50365793
1716.00000000	1281.65356706
1718.00000000	1256.63006430
1720.00000000	1238.94036420
1722.00000000	1266.56808562
1724.00000000	1313.69598199
1726.00000000	1275.26306385
1728.00000000	1274.02100758
1730.00000000	1305.08186102
1732.00000000	1272.85883141
1734.00000000	1247.29112602
1736.00000000	1247.91291080
1738.00000000	1258.95926435
1740.00000000	1263.17438617
1742.00000000	1250.63556168
1744.00000000	1252.82563950
1746.00000000	1264.54404624
1748.00000000	1214.00082718
1750.00000000	1215.55938560
1752.00000000	1242.10362621
1754.00000000	1195.39869912
1756.00000000	1216.56052665
1758.00000000	1232.00187014
1760.00000000	1215.88713215
1762.00000000	1268.92350658
1764.00000000	1242.10810108
1766.00000000	1176.09227959
1768.00000000	1185.59854449
1770.00000000	1233.08401864
1772.00000000	1251.67407589
1774.00000000	1235.40933750
1776.00000000	1223.96536712
1778.00000000	1227.04804723
1780.00000000	1237.02928576
1782.00000000	1226.10181690
1784.00000000	1186.11150340
1786.00000000	1212.14827154
1788.00000000	1245.09839191
1790.00000000	1227.99266682
1792.00000000	1242.85954974
1794.00000000	1244.15234140
1796.00000000	1241.01311861
1798.00000000	1272.03522825
1800.00000000	1286.68224587
1802.00000000	1274.95822642
1804.00000000	1255.16682308
1806.00000000	1247.78723374
1808.00000000	1253.65867016
1810.00000000	1247.53561762
1812.00000000	1229.76301103
1814.00000000	1229.83516385
1816.00000000	1209.86557998
1818.00000000	1209.23622120
1820.00000000	1241.73986549
1822.00000000	1214.34123705
1824.00000000	1228.55444696
1826.00000000	1269.66820409
1828.00000000	1247.34373421
1830.00000000	1228.34865031
1832.00000000	1242.33540029
1834.00000000	1267.09079068
1836.00000000	1264.42119039
1838.00000000	1235.87510832
1840.00000000	1205.02474129
1842.00000000	1207.47680128
1844.00000000	1256.66289419
1846.00000000	1275.49401072
1848.00000000	1255.73818696
1850.00000000	1233.47283473
1852.00000000	1224.72677741
1854.00000000	1234.74570743
1856.00000000	1250.37760551
1858.00000000	1253.23011312
1860.00000000	1244.34410770
1862.00000000	1258.31423827
1864.00000000	1308.58512365
1866.00000000	1347.37676626
1868.00000000	1286.50726290
1870.00000000	1258.73860707
1872.00000000	1302.64568431
1874.00000000	1302.02489428
1876.00000000	1280.49304483
1878.00000000	1269.70737828
1880.00000000	1266.09005275
1882.00000000	1250.97708674
1884.00000000	1258.37836990
1886.00000000	1265.42259394
1888.00000000	1256.94662753
1890.00000000	1272.22961630
1892.00000000	1287.06067107
1894.00000000	1259.16347834
1896.00000000	1205.67812446
1898.00000000	1219.01971625
1900.00000000	1272.90397947
1902.00000000	1293.85777214
1904.00000000	1261.43596627
1906.00000000	1255.13557316
1908.00000000	1270.87015758
1910.00000000	1295.13926017
1912.00000000	1312.45421896
1914.00000000	1277.38089457
1916.00000000	1249.45750028
1918.00000000	1251.80565656
1920.00000000	1254.37417208
1922.00000000	1273.65001956
1924.00000000	1268.30254920
1926.00000000	1260.65445014
1928.00000000	1294.66218521
1930.00000000	1244.15394982
1932.00000000	1231.04880665
1934.00000000	1287.66231600
1936.00000000	1269.20245591
1938.00000000	1254.83696911
1940.00000000	1261.09063945
1942.00000000	1263.34479690
1944.00000000	1261.37729088
1946.00000000	1271.96514967
1948.00000000	1263.27450388
1950.00000000	1228.45156056
1952.00000000	1222.74916247
1954.00000000	1262.17966705
1956.00000000	1275.63952446
1958.00000000	1250.23406107
1960.00000000	1275.38236154
1962.00000000	1291.81671301
1964.00000000	1270.11033679
1966.00000000	1249.52296927
1968.00000000	1278.61349732
1970.00000000	1292.04840838
1972.00000000	1272.53056638
1974.00000000	1271.41931720
1976.00000000	1323.34834978
1978.00000000	1296.20347517
1980.00000000	1246.91649739
1982.00000000	1253.04297864
1984.00000000	1236.23345367
1986.00000000	1268.61764967
1988.00000000	1309.67093763
1990.00000000	1297.29060076
1992.00000000	1281.97415389
1994.00000000	1272.49300731
1996.00000000	1264.71991846
1998.00000000	1270.10388030
2000.00000000	1300.54830701
2002.00000000	1288.12145686
2004.00000000	1283.51458468
2006.00000000	1316.51173978
2008.00000000	1294.65584117
2010.00000000	1292.76877730
2012.00000000	1282.48107675
2014.00000000	1244.67462865
2016.00000000	1270.35913798
2018.00000000	1298.13391371
2020.00000000	1306.74527257
2022.00000000	1316.37278977
2024.00000000	1315.30208039
2026.00000000	1237.76441401
2028.00000000	1234.24011345
2030.00000000	1319.89851910
2032.00000000	1280.61707343
2034.00000000	1325.91385550
2036.00000000	1335.77068144
2038.00000000	1247.86539970
2040.00000000	1279.47255683
2042.00000000	1339.21245645
2044.00000000	1339.71532571
2046.00000000	1295.47464594
2048.00000000	1283.14862132
2050.00000000	1320.24789355
2052.00000000	1326.76113234
2054.00000000	1285.54288468
2056.00000000	1270.32264891
2058.00000000	1283.84802484
2060.00000000	1290.08934666
2062.00000000	1304.46983765
2064.00000000	1333.70905280
2066.00000000	1261.93309407
2068.00000000	1264.82984555
2070.00000000	1335.40042908
2072.00000000	1321.43038308
2074.00000000	1330.56550774
2076.00000000	1325.46244917
2078.00000000	1300.97207561
2080.00000000	1303.85345531
2082.00000000	1320.88283340
2084.00000000	1300.48040762
2086.00000000	1297.00124416
2088.00000000	1346.36295844
2090.00000000	1353.29119090
2092.00000000	1368.92577578
2094.00000000	1366.58023065
2096.00000000	1326.19573142
2098.00000000	1321.21682361
2100.00000000	1334.41663318
2102.00000000	1329.07363444
2104.00000000	1329.81537390
2106.00000000	1375.17963191
2108.00000000	1351.66875455
2110.00000000	1308.93703908
2112.00000000	1314.91679451
2114.00000000	1341.56079025
2116.00000000	1329.39605826
2118.00000000	1316.89246603
2120.00000000	1330.85839207
2122.00000000	1362.78054597
2124.00000000	1407.35710668
2126.00000000	1374.96299681
2128.00000000	1333.01555750
2130.00000000	1364.35718587
2132.00000000	1376.86395750
2134.00000000	1393.42019989
2136.00000000	1408.51124488
2138.00000000	1386.69586346
2140.00000000	1334.76279462
2142.00000000	1337.74874552
2144.00000000	1351.16341391
2146.00000000	1342.63235777
2148.00000000	1349.35884690
2150.00000000	1350.26534356
2152.00000000	1363.72332857
2154.00000000	1396.30352033
2156.00000000	1404.76757833
2158.00000000	1344.05069839
2160.00000000	1348.53659139
2162.00000000	1376.53225301
2164.00000000	1349.05134299
2166.00000000	1353.28774712
2168.00000000	1341.39583424
2170.00000000	1345.13546903
2172.00000000	1363.17208182
2174.00000000	1329.87698337
2176.00000000	1330.90902794
2178.00000000	1381.18872674
2180.00000000	1413.81684739
2182.00000000	1392.56136380
2184.00000000	1396.59627283
2186.00000000	1371.67249555
2188.00000000	1322.03061968
2190.00000000	1329.38530475
2192.00000000	1415.67249240
2194.00000000	1422.58787862
2196.00000000	1409.42938898
2198.00000000	1412.16923497
2200.00000000	1351.84233618
2202.00000000	1365.52139696
2204.00000000	1356.23145919
2206.00000000	1338.66387314
2208.00000000	1407.11683627
2210.00000000	1422.92742195
2212.00000000	1365.17480128
2214.00000000	1352.63649266
2216.00000000	1394.37213044
2218.00000000	1357.51900501
2220.00000000	1431.95636305
2222.00000000	1447.97118803
2224.00000000	1396.49298939
2226.00000000	1466.78922819
2228.00000000	1430.03165269
2230.00000000	1369.26610520
2232.00000000	1380.10074834
2234.00000000	1428.74749989
2236.00000000	1442.58010633
2238.00000000	1419.53400620
2240.00000000	1394.34618051
2242.00000000	1404.94737015
2244.00000000	1442.40581699
2246.00000000	1427.89837597
2248.00000000	1440.39956803
2250.00000000	1440.12706254
2252.00000000	1388.71608038
2254.00000000	1440.74073936
2256.00000000	1441.37556345
2258.00000000	1420.65085179
2260.00000000	1448.28169926
2262.00000000	1459.38650081
2264.00000000	1435.22714257
2266.00000000	1428.71398350
2268.00000000	1452.46693534
2270.00000000	1468.94725541
2272.00000000	1457.25997736
2274.00000000	1428.20467741
2276.00000000	1442.94743532
2278.00000000	1499.04890475
2280.00000000	1509.83838691
2282.00000000	1464.04404063
2284.00000000	1447.97805459
2286.00000000	1444.35657474
2288.00000000	1419.53717996
2290.00000000	1452.35614435
2292.00000000	1453.19835049
2294.00000000	1446.93115635
2296.00000000	1443.14724358
2298.00000000	1402.39212273
2300.00000000	1414.98026356
2302.00000000	1440.48850522
2304.00000000	1479.06948098
2306.00000000	1521.33880952
2308.00000000	1486.06495467
2310.00000000	1449.98028464
2312.00000000	1476.02652665
2314.00000000	1483.98085622
2316.00000000	1415.98602206
2318.00000000	1442.67431504
2320.00000000	1479.93340192
2322.00000000	1486.48312553
2324.00000000	1486.11915420
2326.00000000	1481.40745016
2328.00000000	1475.19436524
2330.00000000	1466.89257331
2332.00000000	1469.21558572
2334.00000000	1479.44243573
2336.00000000	1463.76315243
2338.00000000	1442.75744681
2340.00000000	1442.90532882
2342.00000000	1461.12365824
2344.00000000	1474.19499318
2346.00000000	1473.55539904
2348.00000000	1460.75798095
2350.00000000	1514.40658674
2352.00000000	1568.51492004
2354.00000000	1475.81040747
2356.00000000	1486.57992279
2358.00000000	1518.14721901
2360.00000000	1507.16986612
2362.00000000	1501.73581738
2364.00000000	1502.88148455
2366.00000000	1513.12213063
2368.00000000	1515.17437033
2370.00000000	1511.61249360
2372.00000000	1505.76994369
2374.00000000	1463.58771652
2376.00000000	1421.61792251
2378.00000000	1436.20824296
2380.00000000	1467.05098887
2382.00000000	1458.63761120
2384.00000000	1517.51916006
2386.00000000	1502.64243306
2388.00000000	1472.54957118
2390.00000000	1493.69469595
2392.00000000	1458.67808522
2394.00000000	1445.07087146
2396.00000000	1455.78036776
2398.00000000	1464.39133098
2400.00000000	1482.87231144
2402.00000000	1519.88547970
2404.00000000	1475.42968623
2406.00000000	1482.13787974
2408.00000000	1524.66944502
2410.00000000	1488.33482634
2412.00000000	1461.51969883
2414.00000000	1473.75481602
2416.00000000	1498.40038305
2418.00000000	1501.90529835
2420.00000000	1487.51396118
2422.00000000	1491.28306799
2424.00000000	1492.21148077
2426.00000000	1491.18714896
2428.00000000	1516.27031159
2430.00000000	1548.05392208
2432.00000000	1503.57491183
2434.00000000	1492.56269072
2436.00000000	1501.58784284
2438.00000000	1476.55093181
2440.00000000	1464.03138608
2442.00000000	1528.97969892
2444.00000000	1550.56391166
2446.00000000	1550.35566054
2448.00000000	1557.35793454
2450.00000000	1538.07912407
2452.00000000	1582.39834474
2454.00000000	1575.18075170
2456.00000000	1515.82731260
2458.00000000	1491.08136484
2460.00000000	1507.64753725
2462.00000000	1496.68753061
2464.00000000	1499.20570973
2466.00000000	1511.13265761
2468.00000000	1526.75888154
2470.00000000	1562.23036931
2472.00000000	1548.88976640
2474.00000000	1516.21882368
2476.00000000	1519.18052579
2478.00000000	1532.58524656
2480.00000000	1513.23773494
2482.00000000	1545.96874557
2484.00000000	1533.09712456
2486.00000000	1509.66310449
2488.00000000	1530.59343912
2490.00000000	1547.64662449
2492.00000000	1557.50350092
2494.00000000	1511.47958648
2496.00000000	1500.31261240
2498.00000000	1543.08176059
2500.00000000	1526.39518609
2502.00000000	1488.96700865
2504.00000000	1529.70016307
2506.00000000	1539.92934082
2508.00000000	1497.84334892
2510.00000000	1522.20828763
2512.00000000	1546.32958292
2514.00000000	1537.81291657
2516.00000000	1524.50809956
2518.00000000	1521.78722287
2520.00000000	1516.93075988
2522.00000000	1519.66638760
2524.00000000	1547.87165117
2526.00000000	1521.39794589
2528.00000000	1490.67385800
2530.00000000	1513.78595188
2532.00000000	1481.75688580
2534.00000000	1570.58068232
2536.00000000	1539.87344557
2538.00000000	1489.84355660
2540.00000000	1590.42548463
2542.00000000	1565.27120810
2544.00000000	1549.10117132
2546.00000000	1512.09954310
2548.00000000	1510.61416328
2550.00000000	1579.24236642
2552.00000000	1584.21437852
2554.00000000	1527.45847182
2556.00000000	1554.09801622
2558.00000000	1560.13279689
2560.00000000	1504.37126448
2562.00000000	1506.05294040
2564.00000000	1477.31209156
2566.00000000	1538.20838490
2568.00000000	1609.06260184
2570.00000000	1606.59693812
2572.00000000	1574.43639105
2574.00000000	1545.26810182
2576.00000000	1558.00815266
2578.00000000	1537.56041660
2580.00000000	1501.12659555
2582.00000000	1530.50285745
2584.00000000	1591.08239257
2586.00000000	1573.09833860
2588.00000000	1527.25728338
2590.00000000	1540.21287217
2592.00000000	1555.08220310
2594.00000000	1502.76368337
2596.00000000	1548.27131461
2598.00000000	1578.87969218
2600.00000000	1585.72885707
2602.00000000	1563.97576117
2604.00000000	1507.89751685
2606.00000000	1518.67837218
2608.00000000	1531.30411429
2610.00000000	1575.69647531
2612.00000000	1581.17385936
2614.00000000	1539.31428192
2616.00000000	1580.50690315
2618.00000000	1590.34987606
2620.00000000	1541.10484620
2622.00000000	1539.87825568
2624.00000000	1595.16215340
2626.00000000	1594.05126911
2628.00000000	1534.79495139
2630.00000000	1527.81630897
2632.00000000	1555.26662687
2634.00000000	1598.13363723
2636.00000000	1602.66332227
2638.00000000	1532.62622355
2640.00000000	1603.16160258
2642.00000000	1591.99689269
2644.00000000	1586.79023689
2646.00000000	1638.78213984
2648.00000000	1593.64537635
2650.00000000	1524.97303140
2652.00000000	1532.67664352
2654.00000000	1563.16662437
2656.00000000	1544.05850646
2658.00000000	1547.54253094
2660.00000000	1630.51308875
2662.00000000	1574.74813009
2664.00000000	1566.45540422
2666.00000000	1589.16775855
2668.00000000	1596.01071726
2670.00000000	1604.22402136
2672.00000000	1566.31358086
2674.00000000	1589.65029395
2676.00000000	1569.89710345
2678.00000000	1528.06980840
2680.00000000	1564.51060192
2682.00000000	1631.36234537
2684.00000000	1603.20935860
2686.00000000	1588.52574672
2688.00000000	1575.46669617
2690.00000000	1557.35041889
2692.00000000	1575.29311346
2694.00000000	1619.24847562
2696.00000000	1635.01571631
2698.00000000	1610.82283968
2700.00000000	1590.95719497
2702.00000000	1595.04661368
2704.00000000	1627.57214163
2706.00000000	1674.38649472
2708.00000000	1614.54573921
2710.00000000	1647.01963785
2712.00000000	1714.84738308
2714.00000000	1650.27596547
2716.00000000	1567.40222530
2718.00000000	1667.81426156
2720.00000000	1625.30874479
2722.00000000	1605.51514000
2724.00000000	1634.80218432
2726.00000000	1642.71983239
2728.00000000	1670.29707403
2730.00000000	1640.51343349
2732.00000000	1554.66302073
2734.00000000	1637.33790501
2736.00000000	1721.56940124
2738.00000000	1657.04445461
2740.00000000	1648.47377480
2742.00000000	1672.93920057
2744.00000000	1601.91335829
2746.00000000	1605.86386369
2748.00000000	1651.97712556
2750.00000000	1638.71301269
2752.00000000	1649.77954077
2754.00000000	1643.15299330
2756.00000000	1632.43879972
2758.00000000	1617.43209048
2760.00000000	1599.87062418
2762.00000000	1616.90075859
2764.00000000	1664.74979522
2766.00000000	1645.18962440
2768.00000000	1656.09123160
2770.00000000	1614.07260211
2772.00000000	1540.31202376
2774.00000000	1537.62384359
2776.00000000	1600.68849650
2778.00000000	1681.86154554
2780.00000000	1601.19402447
2782.00000000	1526.85718350
2784.00000000	1533.12043480
2786.00000000	1556.88684161
2788.00000000	1590.40227892
2790.00000000	1589.86792712
2792.00000000	1578.96854651
2794.00000000	1591.30928751
2796.00000000	1616.31552224
2798.00000000	1614.93350133
2800.00000000	1581.81630744
2802.00000000	1560.53892888
2804.00000000	1549.34331066
2806.00000000	1557.34211500
2808.00000000	1596.18364321
2810.00000000	1624.92365963
2812.00000000	1610.40851094
2814.00000000	1597.85193062
2816.00000000	1561.81153012
2818.00000000	1538.26097143
2820.00000000	1596.28791694
2822.00000000	1635.81263610
2824.00000000	1594.56667057
2826.00000000	1608.58709329
2828.00000000	1568.27738278
2830.00000000	1654.08018927
2832.00000000	1701.82307052
2834.00000000	1704.71789581
2836.00000000	1721.69384721
2838.00000000	1643.72787015
2840.00000000	1680.60457928
2842.00000000	1672.28341114
2844.00000000	1757.49361735
2846.00000000	1816.65189122
2848.00000000	1857.42660942
2850.00000000	2044.82236491
2852.00000000	2054.07288603
2854.00000000	2060.97225981
2856.00000000	2164.57300389
2858.00000000	2234.72353025
2860.00000000	2241.63597555
2862.00000000	2268.44790877
2864.00000000	2305.29980515
2866.00000000	2366.34753669
2868.00000000	2401.95922578
2870.00000000	2563.64806071
2872.00000000	2667.65924540
2874.00000000	2688.98442804
2876.00000000	2850.08748581
2878.00000000	2825.95079695
2880.00000000	2756.28304786
2882.00000000	2763.67474048
2884.00000000	2825.23915038
2886.00000000	2802.90090781
2888.00000000	2746.44259900
2890.00000000	2840.64653638
2892.00000000	2832.32015889
2894.00000000	2869.44065387
2896.00000000	2886.27216767
2898.00000000	2919.91567967
2900.00000000	2960.49135749
2902.00000000	2948.77852762
2904.00000000	3046.94268979
2906.00000000	3027.31100745
2908.00000000	3090.01581976
2910.00000000	3120.06224942
2912.00000000	3233.16642955
2914.00000000	3406.03665827
2916.00000000	3328.46111320
2918.00000000	3409.66718299
2920.00000000	3512.88741234
2922.00000000	3702.33855044
2924.00000000	3790.35676902
2926.00000000	3772.15244216
2928.00000000	3796.98117620
2930.00000000	3795.02039093
2932.00000000	3870.37047120
2934.00000000	3778.68835589
2936.00000000	3816.79874389
2938.00000000	3899.11736008
2940.00000000	3822.79623796
2942.00000000	3726.40557544
2944.00000000	3625.49089121
2946.00000000	3332.06604693
2948.00000000	3311.34729317
2950.00000000	3300.11842777
2952.00000000	3309.71965720
2954.00000000	3296.91959387
2956.00000000	3130.78701337
2958.00000000	3158.92227340
2960.00000000	3090.84230677
2962.00000000	2955.69730840
2964.00000000	2922.73178938
2966.00000000	2997.44033367
2968.00000000	2929.66271875
2970.00000000	2759.78222636
2972.00000000	2844.50865475
2974.00000000	2761.83645068
2976.00000000	2779.17624505
2978.00000000	2697.50561778
2980.00000000	2630.78456244
2982.00000000	2667.20821533
2984.00000000	2648.08219811
2986.00000000	2643.21888981
2988.00000000	2500.03089347
2990.00000000	2279.79898565
2992.00000000	2242.45428894
2994.00000000	2252.94016252
2996.00000000	2202.98632827
2998.00000000	2170.61149919
3000.00000000	2123.71928955
3002.00000000	2107.36511212
3004.00000000	1989.48207513
3006.00000000	1918.75723514
3008.00000000	1952.36634133
3010.00000000	1962.05907090
3012.00000000	1932.92085813
3014.00000000	1914.27103633
3016.00000000	1795.88778638
3018.00000000	1805.98148413
3020.00000000	1817.26105987
3022.00000000	1745.31869862
3024.00000000	1722.71950925
3026.00000000	1739.66571152
3028.00000000	1707.95751522
3030.00000000	1734.01079753
3032.00000000	1690.77862771
3034.00000000	1727.82266529
3036.00000000	1746.57259018
3038.00000000	1710.08441388
3040.00000000	1717.25142079
3042.00000000	1757.74202600
3044.00000000	1750.89396112
3046.00000000	1748.80122325
3048.00000000	1695.69655848
3050.00000000	1714.85913843
3052.00000000	1734.82325167
3054.00000000	1755.39641597
3056.00000000	1795.72025127
3058.00000000	1783.78261589
3060.00000000	1777.45690834
3062.00000000	1825.67054746
3064.00000000	1822.49303242
3066.00000000	1811.85743600
3068.00000000	1795.17516163
3070.00000000	1785.97191224
3072.00000000	1774.42395387
3074.00000000	1702.93366824
3076.00000000	1650.99052441
3078.00000000	1657.07753634
3080.00000000	1639.28097661
3082.00000000	1654.04827078
3084.00000000	1654.04138833
3086.00000000	1638.76742124
3088.00000000	1654.16686303
3090.00000000	1630.92287503
3092.00000000	1598.09115984
3094.00000000	1616.34015781
3096.00000000	1604.36099873
3098.00000000	1616.89768103
3100.00000000	1636.86184384
3102.00000000	1630.24581236
3104.00000000	1619.26209527
3106.00000000	1598.87418081
3108.00000000	1603.89519844
3110.00000000	1635.88601641
3112.00000000	1625.31932046
3114.00000000	1593.60929539
3116.00000000	1586.69104588
3118.00000000	1598.79004436
3120.00000000	1606.09679406
3122.00000000	1621.30334597
3124.00000000	1675.13018944
3126.00000000	1714.55323131
3128.00000000	1604.79204371
3130.00000000	1618.11186809
3132.00000000	1619.12913606
3134.00000000	1564.59777778
3136.00000000	1622.16203170
3138.00000000	1648.85996040
3140.00000000	1591.62312924
3142.00000000	1588.40355004
3144.00000000	1581.53751762
3146.00000000	1652.28396387
3148.00000000	1677.64941732
3150.00000000	1601.60568318
3152.00000000	1584.29842762
3154.00000000	1635.65247967
3156.00000000	1612.96136289
3158.00000000	1614.81885393
3160.00000000	1572.62137411
3162.00000000	1615.16472025
3164.00000000	1587.61830771
3166.00000000	1516.71760530
3168.00000000	1613.24336717
3170.00000000	1705.90986913
3172.00000000	1604.59539643
3174.00000000	1658.12057722
3176.00000000	1623.42152178
3178.00000000	1599.50805534
3180.00000000	1607.59076418
3182.00000000	1599.76952014
3184.00000000	1621.09549483
3186.00000000	1649.70295113
3188.00000000	1624.76792175
3190.00000000	1624.57464967
3192.00000000	1615.31590188
3194.00000000	1531.41191240
3196.00000000	1544.73953236
3198.00000000	1579.72513389
3200.00000000	1596.92347941
3202.00000000	1587.76678651
3204.00000000	1565.12520187
3206.00000000	1580.74076726
3208.00000000	1601.94652729
3210.00000000	1641.96673620
3212.00000000	1556.97136871
3214.00000000	1527.19386841
3216.00000000	1591.69842337
3218.00000000	1603.01114357
3220.00000000	1590.71455639
3222.00000000	1636.19236838
3224.00000000	1622.74169459
3226.00000000	1541.01464701
3228.00000000	1583.50788948
3230.00000000	1565.79626124
3232.00000000	1610.66041824
3234.00000000	1616.99912765
3236.00000000	1614.76113263
3238.00000000	1619.04778066
3240.00000000	1604.52940968
3242.00000000	1604.98454419
3244.00000000	1572.69011468
3246.00000000	1586.42527299
3248.00000000	1669.20239515
3250.00000000	1612.42971576
3252.00000000	1583.18967645
3254.00000000	1650.20886994
3256.00000000	1637.51384825
3258.00000000	1569.63251191
3260.00000000	1579.19463159
3262.00000000	1618.79612745
3264.00000000	1680.31581020
3266.00000000	1662.21483252
3268.00000000	1612.53568021
3270.00000000	1637.47255604
3272.00000000	1637.19227335
3274.00000000	1644.54184662
3276.00000000	1717.11851543
3278.00000000	1712.86270119
3280.00000000	1638.68850085
3282.00000000	1668.38494569
3284.00000000	1663.63843355
3286.00000000	1764.46487791
3288.00000000	1731.29915870
3290.00000000	1697.31269809
3292.00000000	1666.93660755
3294.00000000	1600.74862659
3296.00000000	1655.32517141
3298.00000000	1749.29016129
3300.00000000	1716.09146845
3302.00000000	1742.90506157
3304.00000000	1733.75492272
3306.00000000	1739.46578171
3308.00000000	1718.09590391
3310.00000000	1710.80573620
3312.00000000	1708.10939457
3314.00000000	1729.25612444
3316.00000000	1737.35126819
3318.00000000	1723.20650804
3320.00000000	1742.21842212
3322.00000000	1768.08686005
3324.00000000	1796.74797026
3326.00000000	1722.41178403
3328.00000000	1675.03270690
3330.00000000	1728.04628974
3332.00000000	1724.11266455
3334.00000000	1719.97331207
3336.00000000	1747.81073622
3338.00000000	1735.02391547
3340.00000000	1721.91195471
3342.00000000	1719.45727501
3344.00000000	1695.91850063
3346.00000000	1731.30698904
3348.00000000	1612.79098434
3350.00000000	1716.17506935
3352.00000000	1711.65154613
3354.00000000	1758.31848979
3356.00000000	1705.39097622
3358.00000000	1662.89385630
3360.00000000	1753.55765517
3362.00000000	1718.60442853
3364.00000000	1708.07143463
3366.00000000	1655.62146607
3368.00000000	1635.83704662
3370.00000000	1752.52414190
3372.00000000	1688.15298469
3374.00000000	1584.81220079
3376.00000000	1658.39036498
3378.00000000	1675.91870186
3380.00000000	1664.45038447
3382.00000000	1665.91437512
3384.00000000	1634.69280306
3386.00000000	1717.22848123
3388.00000000	1654.83218124
3390.00000000	1678.86746725
3392.00000000	1697.67803595
3394.00000000	1592.24458820
3396.00000000	1617.68551396
3398.00000000	1652.00014621
3400.00000000	1686.10890263
3402.00000000	1652.93549104
3404.00000000	1620.84809095
3406.00000000	1648.15581397
3408.00000000	1595.63750294
3410.00000000	1618.74997012
3412.00000000	1627.24952488
3414.00000000	1654.55656853
3416.00000000	1631.79617481
3418.00000000	1622.49327085
3420.00000000	1644.15219807
3422.00000000	1685.53749396
3424.00000000	1602.61898763
3426.00000000	1545.02392059
3428.00000000	1590.73986399
3430.00000000	1613.47777869
3432.00000000	1660.00411067
3434.00000000	1632.04687183
3436.00000000	1544.18234312
3438.00000000	1592.69696568
3440.00000000	1613.95895147
3442.00000000	1578.98692424
3444.00000000	1638.09528396
3446.00000000	1640.51639875
3448.00000000	1598.83990778
3450.00000000	1582.15629835
3452.00000000	1602.16956233
3454.00000000	1596.77961002
3456.00000000	1543.49539538
3458.00000000	1558.66161965
3460.00000000	1575.32310469
3462.00000000	1627.92660561
3464.00000000	1514.64027522
3466.00000000	1553.67313732
3468.00000000	1612.47911968
3470.00000000	1572.88210782
3472.00000000	1577.92472486
3474.00000000	1598.34518292
3476.00000000	1605.03424895
3478.00000000	1618.42553396
3480.00000000	1587.22282008
3482.00000000	1550.34988390
3484.00000000	1560.36886037
3486.00000000	1579.66320586
3488.00000000	1632.06666254
3490.00000000	1555.22084250
3492.00000000	1510.51635197
3494.00000000	1541.84392355
3496.00000000	1545.60928539
3498.00000000	1568.59725801
3500.00000000	1562.11818038
3502.00000000	1559.73442992
3504.00000000	1575.27815399
3506.00000000	1566.53758133
3508.00000000	1548.79870304
3510.00000000	1552.47498595
3512.00000000	1578.75246586
3514.00000000	1518.25125602
3516.00000000	1531.62617433
3518.00000000	1508.08660022
3520.00000000	1488.16686214
3522.00000000	1554.48631064
3524.00000000	1592.59784487
3526.00000000	1518.97995084
3528.00000000	1550.32621669
3530.00000000	1563.58053762
3532.00000000	1543.68530587
3534.00000000	1598.81694640
3536.00000000	1597.77773069
3538.00000000	1556.44801121
3540.00000000	1552.73849717
3542.00000000	1541.37731931
3544.00000000	1545.65746553
3546.00000000	1582.10453692
3548.00000000	1599.34287849
3550.00000000	1556.95072184
3552.00000000	1515.95974306
3554.00000000	1541.33179580
3556.00000000	1522.89110876
3558.00000000	1542.64776565
3560.00000000	1527.11435741
3562.00000000	1493.73119866
3564.00000000	1494.46442794
3566.00000000	1557.52899852
3568.00000000	1629.15277679
3570.00000000	1544.27624337
3572.00000000	1552.58080560
3574.00000000	1565.14935762
3576.00000000	1516.63094549
3578.00000000	1508.60815467
3580.00000000	1501.21112281
3582.00000000	1445.84421540
3584.00000000	1542.13720223
3586.00000000	1483.72562238
3588.00000000	1509.47139894
3590.00000000	1548.30219758
3592.00000000	1529.41513157
3594.00000000	1543.95837233
3596.00000000	1535.07742807
3598.00000000	1549.93289666
3600.00000000	1561.00942587
3602.00000000	1501.59552398
3604.00000000	1511.92155294
3606.00000000	1509.89511855
3608.00000000	1567.99643006
3610.00000000	1589.90619890
3612.00000000	1539.19145445
3614.00000000	1477.27218796
3616.00000000	1518.77779735
3618.00000000	1535.03914856
3620.00000000	1513.06216918
3622.00000000	1519.18553913
3624.00000000	1480.33148351
3626.00000000	1443.71429172
3628.00000000	1544.39630027
3630.00000000	1584.54698788
3632.00000000	1527.61113440
3634.00000000	1522.62804932
3636.00000000	1505.01005056
3638.00000000	1513.97253274
3640.00000000	1523.11125726
3642.00000000	1517.79598604
3644.00000000	1591.59672141
3646.00000000	1526.01249987
3648.00000000	1479.15797110
3650.00000000	1520.34893940
3652.00000000	1496.86072048
3654.00000000	1499.16016491
3656.00000000	1494.48849738
3658.00000000	1518.06372653
3660.00000000	1563.92428378
3662.00000000	1541.45323686
3664.00000000	1486.84549007
3666.00000000	1485.96274757
3668.00000000	1500.09683000
3670.00000000	1509.35271083
3672.00000000	1528.63393892
3674.00000000	1513.38402818
3676.00000000	1470.33830794
3678.00000000	1455.07282803
3680.00000000	1493.67002783
3682.00000000	1547.16306051
3684.00000000	1519.09276549
3686.00000000	1477.36009678
3688.00000000	1474.43978424
3690.00000000	1529.63612366
3692.00000000	1465.24116470
3694.00000000	1486.73175755
3696.00000000	1553.78470638
3698.00000000	1551.66671863
3700.00000000	1466.33022152
3702.00000000	1421.03071650
3704.00000000	1539.83018586
3706.00000000	1520.00929908
3708.00000000	1450.00798593
3710.00000000	1492.39488826
3712.00000000	1527.96448330
3714.00000000	1509.20365192
3716.00000000	1550.64682225
3718.00000000	1553.92249027
3720.00000000	1462.96501321
3722.00000000	1470.23613851
3724.00000000	1456.86374285
3726.00000000	1475.49967184
3728.00000000	1508.17526052
3730.00000000	1506.91707501
3732.00000000	1480.53066706
3734.00000000	1507.07821458
3736.00000000	1483.25304806
3738.00000000	1478.64737429
3740.00000000	1494.78835552
3742.00000000	1514.13980611
3744.00000000	1478.49790892
3746.00000000	1418.75849530
3748.00000000	1511.88277835
3750.00000000	1517.16476815
3752.00000000	1527.46842776
3754.00000000	1479.40975031
3756.00000000	1474.47661942
3758.00000000	1476.88925837
3760.00000000	1467.89318706
3762.00000000	1557.43830230
3764.00000000	1504.80392247
3766.00000000	1433.48661211
3768.00000000	1471.12962476
3770.00000000	1489.61573312
3772.00000000	1544.83280333
3774.00000000	1526.96876009
3776.00000000	1521.13917694
3778.00000000	1559.23950959
3780.00000000	1524.89143124
3782.00000000	1454.05172111
3784.00000000	1490.54062579
3786.00000000	1535.75867386
3788.00000000	1503.65043202
3790.00000000	1459.21393688
3792.00000000	1520.93037427
3794.00000000	1560.86145080
3796.00000000	1479.21193780
3798.00000000	1464.41671072
3800.00000000	1542.18396598
