610	1.6249673333333332
611	1.6095683333333333
612	1.6004003333333332
613	1.5992356666666665
614	1.6071466666666665
615	1.622513333333333
616	1.6422636666666666
617	1.6625603333333334
618	1.6788606666666666
619	1.6859273333333333
620	1.6810343333333333
621	1.668089
622	1.6540463333333333
623	1.6460430000000001
624	1.6484396666666667
625	1.659254
626	1.6741680000000003
627	1.689761
628	1.7038303333333333
629	1.7159776666666668
630	1.7276980000000002
631	1.7428363333333334
632	1.7631136666666665
633	1.783358
634	1.798349
635	1.809749
636	1.8220353333333335
637	1.838808
638	1.8610003333333334
639	1.8845453333333333
640	1.9035176666666664
641	1.912826
642	1.910059
643	1.8980996666666665
644	1.8823823333333332
645	1.869006
646	1.8630113333333336
647	1.866361
648	1.8781433333333335
649	1.8936686666666667
650	1.906165
651	1.90818
652	1.8968833333333335
653	1.8804106666666667
654	1.8679640000000002
655	1.860281
656	1.8541666666666667
657	1.8465973333333334
658	1.8378590000000004
659	1.8351130000000002
660	1.8461843333333334
661	1.8733363333333335
662	1.91403
663	1.9604703333333333
664	2.003997666666667
665	2.0390026666666667
666	2.0624823333333335
667	2.0744873333333333
668	2.0776413333333332
669	2.077572
670	2.079221
671	2.0829686666666665
672	2.086354666666667
673	2.085294333333333
674	2.0780176666666668
675	2.0692773333333334
676	2.0642336666666665
677	2.0622166666666666
678	2.058381333333333
679	2.04473
680	2.015994
681	1.976178
682	1.9331946666666668
683	1.8945516666666666
684	1.8655806666666668
685	1.8473186666666668
686	1.8384980000000002
687	1.8366063333333336
688	1.838586
689	1.8412903333333335
690	1.8431356666666667
691	1.8460953333333334
692	1.8524276666666668
693	1.8613153333333334
694	1.8691636666666667
695	1.8694993333333334
696	1.857959666666667
697	1.8379896666666666
698	1.8173956666666669
699	1.8058910000000001
700	1.8105423333333335
701	1.8304336666666665
702	1.859535666666667
703	1.8881193333333333
704	1.9077953333333333
705	1.9167506666666667
706	1.9172033333333331
707	1.9139186666666668
708	1.9106943333333333
709	1.9069313333333335
710	1.9005896666666666
711	1.890941
712	1.8794286666666666
713	1.8709743333333335
714	1.8711303333333333
715	1.88335
716	1.9085203333333332
717	1.943534
718	1.9819516666666668
719	2.0137183333333333
720	2.030229333333333
721	2.0301423333333335
722	2.018286333333333
723	2.006272666666667
724	2.0054076666666667
725	2.019685
726	2.0480263333333335
727	2.0852536666666666
728	2.126333333333333
729	2.170337
730	2.2186613333333334
731	2.2738370000000003
732	2.3380609999999997
733	2.411878
734	2.4950743333333336
735	2.587323666666667
736	2.687952
737	2.795438
738	2.907447666666666
739	3.0206613333333334
740	3.1320049999999995
741	3.2397723333333337
742	3.3416399999999995
743	3.432582
744	3.507630333333333
745	3.564795333333333
746	3.6037789999999994
747	3.625274666666667
748	3.6311496666666656
749	3.624881
750	3.607855333333333
751	3.575388666666667
752	3.523530333333333
753	3.455977666666667
754	3.3778773333333327
755	3.2898153333333338
756	3.1901136666666665
757	3.0771903333333332
758	2.952792666666667
759	2.825855
760	2.7055336666666667
761	2.5944540000000003
762	2.492808
763	2.401903
764	2.322894666666667
765	2.255142
766	2.1973206666666667
767	2.148306666666667
768	2.1063853333333333
769	2.068517
770	2.0337066666666668
771	2.0067310000000003
772	1.9914740000000002
773	1.9841426666666666
774	1.9795590000000003
775	1.9772056666666666
776	1.9781366666666669
777	1.9818536666666666
778	1.9858190000000002
779	1.9849636666666666
780	1.976779
781	1.9669733333333332
782	1.9628116666666666
783	1.9667286666666668
784	1.977908
785	1.993116
786	2.0083946666666668
787	2.0203360000000004
788	2.027183
789	2.0303696666666666
790	2.032685
791	2.0366453333333334
792	2.042491
793	2.045568333333333
794	2.039836333333333
795	2.021154666666667
796	1.9889793333333332
797	1.949192
798	1.911209333333333
799	1.8858283333333334
800	1.8792653333333333
801	1.8857516666666667
802	1.8938186666666665
803	1.8912806666666668
804	1.8716973333333333
805	1.84222
806	1.8153603333333332
807	1.8018933333333333
808	1.8051963333333334
809	1.8141960000000001
810	1.816051
811	1.8084630000000002
812	1.7970563333333334
813	1.794014
814	1.8075560000000002
815	1.8309763333333333
816	1.8542163333333335
817	1.8746446666666665
818	1.8940873333333332
819	1.9163163333333333
820	1.9433199999999997
821	1.971693333333333
822	1.9982236666666666
823	2.0251406666666667
824	2.053543
825	2.076477
826	2.0864686666666667
827	2.083620333333333
828	2.074992
829	2.0750496666666667
830	2.0936233333333334
831	2.1226166666666666
832	2.1463976666666666
833	2.1507933333333336
834	2.1303300000000003
835	2.0973226666666664
836	2.069127
837	2.0565700000000002
838	2.061308
839	2.071223333333333
840	2.0721103333333333
841	2.058552
842	2.032229
843	2.0020110000000004
844	1.9790500000000002
845	1.9727206666666668
846	1.9876759999999998
847	2.0192473333333334
848	2.0568586666666664
849	2.0858676666666667
850	2.095812
851	2.089739333333333
852	2.077223
853	2.0691276666666667
854	2.073401333333333
855	2.090294666666667
856	2.1151306666666665
857	2.139699333333333
858	2.1579136666666665
859	2.1716800000000003
860	2.185611333333333
861	2.202276
862	2.2213373333333335
863	2.238153
864	2.2473006666666664
865	2.245681
866	2.231650333333333
867	2.2048603333333334
868	2.168741
869	2.1340583333333334
870	2.1113926666666667
871	2.103253666666667
872	2.106022
873	2.110375
874	2.1073813333333336
875	2.094489
876	2.0736156666666665
877	2.050306333333333
878	2.0291723333333334
879	2.0095066666666668
880	1.9892873333333332
881	1.9690660000000002
882	1.9519176666666667
883	1.9436376666666666
884	1.9481259999999998
885	1.9622933333333332
886	1.98042
887	1.9978510000000003
888	2.011754333333333
889	2.022239
890	2.03132
891	2.0426646666666666
892	2.060655666666667
893	2.089334666666667
894	2.1286656666666666
895	2.1695986666666665
896	2.2012840000000002
897	2.2180903333333335
898	2.2209813333333335
899	2.220202333333334
900	2.225533
901	2.2365873333333335
902	2.248098
903	2.2543123333333335
904	2.252969
905	2.249699666666667
906	2.2517423333333335
907	2.262045666666667
908	2.280292666666667
909	2.3030723333333336
910	2.325362666666667
911	2.341387
912	2.3470380000000004
913	2.343075666666667
914	2.3348513333333334
915	2.333096333333333
916	2.3462806666666665
917	2.372374666666667
918	2.404493333333333
919	2.4355133333333336
920	2.462118
921	2.489234666666667
922	2.522316333333333
923	2.5598029999999996
924	2.5969343333333335
925	2.628978666666667
926	2.6527070000000004
927	2.667726
928	2.6730156666666667
929	2.663897
930	2.639166
931	2.6093399999999995
932	2.5878319999999997
933	2.582346666666667
934	2.5933870000000003
935	2.6112026666666663
936	2.625356666666667
937	2.633623
938	2.6373093333333335
939	2.637394333333333
940	2.635247333333333
941	2.633760666666667
942	2.6349873333333336
943	2.637263
944	2.636203666666667
945	2.6254713333333335
946	2.603238
947	2.579914333333333
948	2.569846666666667
949	2.5834599999999996
950	2.622532
951	2.673365
952	2.718992333333333
953	2.7504416666666667
954	2.7665363333333333
955	2.775310333333333
956	2.7855346666666665
957	2.7989479999999998
958	2.8137683333333334
959	2.827421333333333
960	2.8374729999999997
961	2.842480333333333
962	2.843690333333333
963	2.8472319999999995
964	2.8577923333333333
965	2.871719333333333
966	2.881162333333333
967	2.8776826666666664
968	2.858587333333333
969	2.8344766666666663
970	2.818479
971	2.8161193333333334
972	2.8272443333333332
973	2.8468123333333333
974	2.8697093333333332
975	2.895109666666667
976	2.924571333333333
977	2.9605163333333335
978	3.003882333333333
979	3.0513483333333338
980	3.0968483333333334
981	3.132667666666667
982	3.1548406666666664
983	3.169780666666667
984	3.1890756666666666
985	3.2252413333333334
986	3.2843653333333336
987	3.357401666666666
988	3.432206666666667
989	3.504696
990	3.5763256666666665
991	3.652200333333333
992	3.7344436666666665
993	3.815291666666666
994	3.885148666666667
995	3.9402129999999995
996	3.9798430000000002
997	4.004614333333333
998	4.016174
999	4.017946333333333
1000	4.015013
1001	4.014093
1002	4.018463666666666
1003	4.021970666666666
1004	4.016542
1005	3.9993093333333327
1006	3.9717356666666666
1007	3.939144333333333
1008	3.903572333333333
1009	3.856249333333333
1010	3.787961666666667
1011	3.6996303333333334
1012	3.598294
1013	3.494300333333333
1014	3.3960266666666667
1015	3.3045590000000002
1016	3.218566333333333
1017	3.1385839999999994
1018	3.067241
1019	3.009665
1020	2.9705
1021	2.9506563333333333
1022	2.9475270000000005
1023	2.9542903333333332
1024	2.964049666666667
1025	2.9738613333333337
1026	2.9831716666666668
1027	2.992690666666667
1028	3.001486
1029	3.0041173333333338
1030	2.995972
1031	2.979181333333333
1032	2.9601813333333338
1033	2.9480616666666664
1034	2.948449666666667
1035	2.9567936666666665
1036	2.9660770000000003
1037	2.973724666666666
1038	2.9789130000000004
1039	2.979943
1040	2.9745306666666664
1041	2.9604106666666663
1042	2.9373226666666667
1043	2.9095079999999998
1044	2.88203
1045	2.857465
1046	2.8379610000000004
1047	2.827368
1048	2.830391333333333
1049	2.8513159999999997
1050	2.889913
1051	2.936015
1052	2.9771263333333327
1053	3.005860333333333
1054	3.022814
1055	3.041152666666666
1056	3.0743443333333333
1057	3.123682666666667
1058	3.1804893333333335
1059	3.2263926666666665
1060	3.2475826666666667
1061	3.2499753333333334
1062	3.2478493333333334
1063	3.2542709999999997
1064	3.2754523333333334
1065	3.304069666666666
1066	3.329873
1067	3.349264
1068	3.363082
1069	3.375067
1070	3.388318
1071	3.402166666666666
1072	3.4160296666666663
1073	3.433208
1074	3.4569666666666667
1075	3.4862989999999994
1076	3.5174503333333336
1077	3.545396333333333
1078	3.5700113333333334
1079	3.6028489999999995
1080	3.6529536666666664
1081	3.7116339999999997
1082	3.7616639999999997
1083	3.7851166666666662
1084	3.772371333333333
1085	3.7329223333333332
1086	3.6822470000000003
1087	3.630903
1088	3.586663333333333
1089	3.5563390000000004
1090	3.5435826666666665
1091	3.5449046666666666
1092	3.5514376666666667
1093	3.549168666666667
1094	3.5256006666666666
1095	3.477055
1096	3.4071796666666665
1097	3.327607
1098	3.2508463333333335
1099	3.1837633333333333
1100	3.1287446666666665
1101	3.084127666666667
1102	3.050405333333334
1103	3.036368333333334
1104	3.0504873333333338
1105	3.0914026666666663
1106	3.1492286666666667
1107	3.2050786666666666
1108	3.24341
1109	3.2652400000000004
1110	3.280583
1111	3.3028930000000005
1112	3.3405283333333333
1113	3.3878199999999996
1114	3.43731
1115	3.4914413333333334
1116	3.5571306666666667
1117	3.640365
1118	3.7403693333333328
1119	3.8427606666666665
1120	3.9343120000000003
1121	4.0176739999999995
1122	4.099850666666667
1123	4.181089333333333
1124	4.255328
1125	4.310280333333334
1126	4.339282666666667
1127	4.353739666666667
1128	4.365189
1129	4.367392333333334
1130	4.348632333333334
1131	4.303741333333334
1132	4.236310333333333
1133	4.162150666666666
1134	4.095066666666667
1135	4.0322260000000005
1136	3.962859
1137	3.875594
1138	3.7659783333333334
1139	3.6448576666666668
1140	3.523962666666667
1141	3.401859333333334
1142	3.2711696666666668
1143	3.125624333333333
1144	2.968489
1145	2.822769
1146	2.712422666666667
1147	2.643765
1148	2.6130090000000004
1149	2.611098666666667
1150	2.6265063333333334
1151	2.646532
1152	2.661606
1153	2.6707086666666666
1154	2.6780329999999997
1155	2.6909703333333335
1156	2.714041
1157	2.742472333333333
1158	2.7693859999999995
1159	2.792587
1160	2.8139523333333334
1161	2.839629333333333
1162	2.8764380000000003
1163	2.928120666666666
1164	2.991927
1165	3.053327
1166	3.095282333333333
1167	3.106968333333333
1168	3.084798
1169	3.0356473333333334
1170	2.9720253333333333
1171	2.9092293333333332
1172	2.8598829999999995
1173	2.8275786666666667
1174	2.808478
1175	2.7908423333333334
1176	2.7639873333333336
1177	2.7270046666666667
1178	2.6825626666666667
1179	2.6316123333333334
1180	2.574265666666667
1181	2.5110213333333338
1182	2.4432996666666664
1183	2.3742226666666673
1184	2.3079796666666668
1185	2.2495203333333333
1186	2.2034753333333335
1187	2.1727440000000002
1188	2.1572786666666666
1189	2.1518103333333336
1190	2.149017
1191	2.1420660000000002
1192	2.126326
1193	2.1017693333333334
1194	2.071655
1195	2.0423736666666668
1196	2.0208893333333338
1197	2.0125176666666666
1198	2.0207603333333335
1199	2.0462696666666664
1200	2.0857406666666662
1201	2.1296006666666667
1202	2.1683303333333335
1203	2.199076
1204	2.2250003333333335
1205	2.2559443333333333
1206	2.299956
1207	2.354791
1208	2.4153326666666666
1209	2.480454
1210	2.551944333333333
1211	2.633507333333333
1212	2.7263763333333335
1213	2.824345
1214	2.918498666666667
1215	3.001205333333333
1216	3.066815666666667
1217	3.1131276666666663
1218	3.142923666666667
1219	3.167149666666667
1220	3.197992
1221	3.2420533333333337
1222	3.2993506666666668
1223	3.3605993333333335
1224	3.4149513333333332
1225	3.4569210000000004
1226	3.4844963333333334
1227	3.4978483333333337
1228	3.4968890000000004
1229	3.4796883333333337
1230	3.4485200000000003
1231	3.416656333333333
1232	3.3955230000000007
1233	3.3810800000000003
1234	3.362930333333333
1235	3.3327890000000004
1236	3.2920983333333336
1237	3.260809
1238	3.2553246666666666
1239	3.2656913333333333
1240	3.273537666666667
1241	3.268664
1242	3.2507566666666667
1243	3.232089666666666
1244	3.221699
1245	3.2096459999999993
1246	3.1833946666666666
1247	3.1443190000000003
1248	3.1032926666666665
1249	3.0770493333333326
1250	3.0721146666666668
1251	3.0672079999999995
1252	3.039627333333333
1253	2.9917833333333337
1254	2.940101666666666
1255	2.905971666666667
1256	2.900228666666666
1257	2.906216666666667
1258	2.902715666666667
1259	2.8855036666666667
1260	2.858882
1261	2.828544
1262	2.7982146666666665
1263	2.7670573333333337
1264	2.735565
1265	2.7116433333333334
1266	2.7038243333333334
1267	2.713852333333333
1268	2.735713666666667
1269	2.7532859999999997
1270	2.754174
1271	2.744345333333333
1272	2.736385
1273	2.739038666666666
1274	2.7544219999999995
1275	2.774243333333333
1276	2.7890336666666666
1277	2.7967820000000003
1278	2.799825
1279	2.802732333333333
1280	2.810573333333333
1281	2.8275336666666666
1282	2.8552313333333332
1283	2.890160333333333
1284	2.9264996666666665
1285	2.9581033333333333
1286	2.9795396666666663
1287	2.987857
1288	2.9869
1289	2.993462666666667
1290	3.024869333333333
1291	3.086329
1292	3.173516
1293	3.2728446666666664
1294	3.3708969999999994
1295	3.463309666666667
1296	3.550667333333333
1297	3.635790666666667
1298	3.722567333333334
1299	3.815536333333333
1300	3.9182109999999994
1301	4.030985333333334
1302	4.1519569999999995
1303	4.276918333333333
1304	4.400697666666667
1305	4.517981333333333
1306	4.6235436666666665
1307	4.712510333333333
1308	4.780991666666667
1309	4.827329000000001
1310	4.8526283333333335
1311	4.861995
1312	4.859669333333334
1313	4.844209666666667
1314	4.8136616666666665
1315	4.770686333333334
1316	4.719708000000001
1317	4.664202
1318	4.605967
1319	4.544218333333334
1320	4.478506333333334
1321	4.411616
1322	4.347431333333333
1323	4.288984666666667
1324	4.238465333333333
1325	4.197384666666666
1326	4.169418666666666
1327	4.163302
1328	4.185099
1329	4.229365666666666
1330	4.285258333333333
1331	4.341092333333334
1332	4.386502666666667
1333	4.414781
1334	4.423612333333333
1335	4.417509666666667
1336	4.404730333333333
1337	4.395087333333334
1338	4.394056666666667
1339	4.395626666666667
1340	4.389091666666666
1341	4.3645130000000005
1342	4.315340666666667
1343	4.241990333333334
1344	4.1506989999999995
1345	4.0541936666666665
1346	3.9649006666666664
1347	3.888129
1348	3.8239026666666667
1349	3.767118
1350	3.71034
1351	3.6463569999999996
1352	3.5760743333333336
1353	3.518082
1354	3.490501333333333
1355	3.4923189999999997
1356	3.5111359999999996
1357	3.528568333333333
1358	3.5304390000000003
1359	3.517503333333333
1360	3.4975073333333335
1361	3.479382666666667
1362	3.470754
1363	3.4754156666666667
1364	3.49242
1365	3.5134179999999997
1366	3.5267793333333337
1367	3.5207386666666665
1368	3.4870346666666667
1369	3.4259949999999995
1370	3.3457886666666665
1371	3.2637296666666664
1372	3.1943770000000002
1373	3.137126333333333
1374	3.084936666666667
1375	3.0313836666666667
1376	2.9723393333333332
1377	2.9079316666666664
1378	2.842533
1379	2.7858183333333333
1380	2.7454439999999996
1381	2.7189609999999997
1382	2.6978236666666664
1383	2.670376666666667
1384	2.6311386666666663
1385	2.5912326666666665
1386	2.564758
1387	2.555799
1388	2.561399666666667
1389	2.5731533333333334
1390	2.582644666666667
1391	2.586333666666667
1392	2.5832826666666664
1393	2.5736393333333334
1394	2.558444
1395	2.5401363333333333
1396	2.522373333333334
1397	2.5097773333333335
1398	2.5030363333333336
1399	2.493152666666667
1400	2.470842
1401	2.436178333333334
1402	2.395633
1403	2.3599833333333335
1404	2.3343943333333335
1405	2.307731
1406	2.2674553333333334
1407	2.214448
1408	2.1573133333333336
1409	2.1080726666666667
1410	2.0756963333333336
1411	2.0592230000000002
1412	2.052705
1413	2.0486426666666664
1414	2.0405046666666666
1415	2.0255073333333335
1416	2.0060523333333333
1417	1.9926746666666668
1418	1.9967053333333333
1419	2.0230523333333332
1420	2.070777333333333
1421	2.1318246666666667
1422	2.1941653333333333
1423	2.2439966666666664
1424	2.2736536666666667
1425	2.2912456666666667
1426	2.310336
1427	2.34119
1428	2.389499333333333
1429	2.4538083333333334
1430	2.5259210000000003
1431	2.5897823333333334
1432	2.6350113333333334
1433	2.6720420000000003
1434	2.7193110000000003
1435	2.791642333333334
1436	2.8914996666666664
1437	2.9980263333333332
1438	3.089129666666667
1439	3.162945333333334
1440	3.227278
1441	3.290975
1442	3.360023666666667
1443	3.433933666666667
1444	3.510340333333333
1445	3.5887626666666668
1446	3.668328
1447	3.744989666666666
1448	3.813175333333333
1449	3.867509333333333
1450	3.906559666666667
1451	3.9374353333333336
1452	3.9676326666666664
1453	3.9969020000000004
1454	4.0203343333333335
1455	4.030394666666666
1456	4.019899
1457	3.9850846666666664
1458	3.9267146666666664
1459	3.852708333333333
1460	3.7735599999999994
1461	3.6986526666666664
1462	3.634636333333333
1463	3.5829863333333334
1464	3.5413806666666665
1465	3.503655666666666
1466	3.46251
1467	3.411735333333333
1468	3.3473026666666663
1469	3.2694999999999994
1470	3.1836613333333332
1471	3.102098
1472	3.0343976666666665
1473	2.9769996666666665
1474	2.9209396666666665
1475	2.858851666666667
1476	2.7909360000000003
1477	2.7317489999999998
1478	2.692709
1479	2.6639136666666667
1480	2.628757
1481	2.577674
1482	2.5107326666666663
1483	2.441869333333334
1484	2.385556333333333
1485	2.3440846666666664
1486	2.3138596666666666
1487	2.2903393333333333
1488	2.2692646666666665
1489	2.2471533333333333
1490	2.219886
1491	2.1816116666666665
1492	2.129917
1493	2.072194666666667
1494	2.0191216666666665
1495	1.9785963333333336
1496	1.9521583333333334
1497	1.9302333333333335
1498	1.9033296666666666
1499	1.87297
1500	1.8448133333333334
1501	1.8224300000000002
1502	1.8063466666666668
1503	1.7925976666666668
1504	1.7753956666666664
1505	1.749281
1506	1.7115109999999998
1507	1.6653866666666666
1508	1.6182596666666664
1509	1.5809613333333334
1510	1.5650093333333335
1511	1.579226
1512	1.6223923333333334
1513	1.673122
1514	1.7071673333333333
1515	1.7148403333333335
1516	1.7030396666666665
1517	1.7004240000000002
1518	1.7303503333333332
1519	1.7832359999999998
1520	1.8386746666666665
1521	1.8852733333333331
1522	1.9201973333333333
1523	1.9495276666666668
1524	1.9793766666666668
1525	2.0080466666666665
1526	2.033413666666667
1527	2.060391666666667
1528	2.0951933333333335
1529	2.138905333333333
1530	2.1848360000000002
1531	2.214925666666667
1532	2.21774
1533	2.208089666666667
1534	2.208204333333333
1535	2.229932
1536	2.2718583333333333
1537	2.3143076666666667
1538	2.339839
1539	2.3534816666666667
1540	2.3671463333333334
1541	2.385318
1542	2.406849
1543	2.426563
1544	2.4422593333333333
1545	2.4619446666666667
1546	2.4952213333333333
1547	2.5447610000000003
1548	2.6079
1549	2.67699
1550	2.743681
1551	2.8028120000000003
1552	2.853082
1553	2.898830666666666
1554	2.946603666666667
1555	3.002471
1556	3.0705326666666672
1557	3.1504883333333336
1558	3.2365343333333336
1559	3.3150433333333336
1560	3.3758063333333337
1561	3.424177666666667
1562	3.471562666666667
1563	3.5271683333333335
1564	3.5949793333333333
1565	3.669853333333333
1566	3.744138
1567	3.813526
1568	3.8779323333333338
1569	3.943543333333333
1570	4.019932333333334
1571	4.117468666666666
1572	4.237799333333334
1573	4.362299999999999
1574	4.470119333333334
1575	4.555635666666666
1576	4.621743
1577	4.675117333333333
1578	4.723522666666667
1579	4.774084666666667
1580	4.831069666666667
1581	4.892509333333334
1582	4.952039333333333
1583	4.999367
1584	5.025092
1585	5.025699333333334
1586	5.001865
1587	4.957966333333334
1588	4.898974666666666
1589	4.827882
1590	4.746905999999999
1591	4.658850333333333
1592	4.5690806666666655
1593	4.487645333333333
1594	4.421793666666666
1595	4.367466
1596	4.315822333333332
1597	4.2587969999999995
1598	4.193228666666666
1599	4.125733
1600	4.064161333333333
1601	4.009645
1602	3.960836
1603	3.9179109999999997
1604	3.882984333333333
1605	3.860491333333333
1606	3.853409333333334
1607	3.8589493333333333
1608	3.8712563333333336
1609	3.8832076666666664
1610	3.8881769999999998
1611	3.881865666666666
1612	3.8626153333333333
1613	3.8327503333333333
1614	3.7969863333333334
1615	3.7615149999999997
1616	3.7303543333333327
1617	3.7012443333333334
1618	3.6700823333333332
1619	3.634952
1620	3.5964509999999996
1621	3.5583906666666665
1622	3.524318
1623	3.4941606666666662
1624	3.466822333333333
1625	3.442495333333333
1626	3.421356
1627	3.4020536666666668
1628	3.382576333333333
1629	3.3611519999999997
1630	3.3375953333333332
1631	3.315178333333333
1632	3.2989229999999994
1633	3.294254333333333
1634	3.304487
1635	3.32775
1636	3.360188
1637	3.3985623333333335
1638	3.4409563333333333
1639	3.4874760000000005
1640	3.537438
1641	3.586596
1642	3.631097666666667
1643	3.671608
1644	3.7100103333333334
1645	3.746445666666667
1646	3.7807790000000003
1647	3.814578
1648	3.852596333333333
1649	3.9044466666666664
1650	3.9749149999999998
1651	4.053020666666667
1652	4.123953333333333
1653	4.180157
1654	4.219545666666667
1655	4.244937
1656	4.261719
1657	4.276635
1658	4.2946979999999995
1659	4.315698
1660	4.337085999999999
1661	4.356328666666666
1662	4.373208
1663	4.392377
1664	4.4183563333333336
1665	4.4504166666666665
1666	4.485082333333334
1667	4.517755999999999
1668	4.542659666666667
1669	4.552609333333333
1670	4.544349
1671	4.525029999999999
1672	4.504388666666666
1673	4.4873916666666664
1674	4.473670333333333
1675	4.4558143333333335
1676	4.425290666666666
1677	4.3779390000000005
1678	4.313760666666667
1679	4.2380016666666664
1680	4.159039
1681	4.087147333333333
1682	4.029213333333333
1683	3.982064333333333
1684	3.9351429999999996
1685	3.871903333333333
1686	3.7837336666666666
1687	3.6855283333333335
1688	3.5968736666666663
1689	3.524514666666667
1690	3.468108333333333
1691	3.4247666666666667
1692	3.391373
1693	3.366055666666667
1694	3.3476666666666666
1695	3.3355443333333334
1696	3.330073333333333
1697	3.3335763333333333
1698	3.348201
1699	3.373381666666667
1700	3.404449333333333
1701	3.4306476666666663
1702	3.444748666666667
1703	3.4528916666666665
1704	3.4598103333333334
1705	3.4541846666666665
1706	3.424749333333333
1707	3.3765283333333334
1708	3.3167386666666667
1709	3.241375666666667
1710	3.147477
1711	3.046314333333333
1712	2.952342333333333
1713	2.8720399999999997
1714	2.803634333333334
1715	2.7353469999999995
1716	2.656824
1717	2.570559333333333
1718	2.484234
1719	2.404016
1720	2.3317633333333334
1721	2.2614173333333336
1722	2.1836866666666666
1723	2.0910646666666666
1724	1.9893713333333334
1725	1.9113153333333333
1726	1.8822369999999997
1727	1.8846163333333332
1728	1.8923109999999999
1729	1.9025673333333335
1730	1.919176
1731	1.9358073333333334
1732	1.9428656666666668
1733	1.9353466666666668
1734	1.9161549999999998
1735	1.9004246666666667
1736	1.898763
1737	1.89982
1738	1.8881126666666668
1739	1.8614386666666667
1740	1.8272213333333336
1741	1.7999870000000002
1742	1.7884110000000002
1743	1.7819133333333335
1744	1.768614666666667
1745	1.752701
1746	1.7423383333333335
1747	1.7377646666666668
1748	1.734310666666667
1749	1.725349
1750	1.7099453333333334
1751	1.7009770000000002
1752	1.7090430000000003
1753	1.7255766666666668
1754	1.7348920000000003
1755	1.725419
1756	1.6959656666666667
1757	1.663764
1758	1.6469066666666667
1759	1.6472013333333333
1760	1.657896666666667
1761	1.669902
1762	1.6785140000000003
1763	1.6900306666666667
1764	1.7097843333333334
1765	1.730231
1766	1.74196
1767	1.7448246666666665
1768	1.74437
1769	1.748756
1770	1.7606119999999996
1771	1.76818
1772	1.759383333333333
1773	1.7362106666666666
1774	1.7093256666666665
1775	1.6942126666666664
1776	1.7015686666666665
1777	1.7266296666666667
1778	1.757047
1779	1.778991
1780	1.7845236666666668
1781	1.7799463333333332
1782	1.775178
1783	1.7743003333333331
1784	1.7775793333333332
1785	1.7831139999999999
1786	1.789995
1787	1.8011869999999999
1788	1.8192490000000001
1789	1.8418930000000002
1790	1.865329
