400.000000	-0.002433
401.000000	0.000901
402.000000	-0.000459
403.000000	-0.004687
404.000000	-0.009957
405.000000	-0.014159
406.000000	-0.014044
407.000000	-0.007717
408.000000	0.000163
409.000000	0.004253
410.000000	0.003014
411.000000	-0.003281
412.000000	-0.010926
413.000000	-0.016204
414.000000	-0.018772
415.000000	-0.019168
416.000000	-0.018058
417.000000	-0.016189
418.000000	-0.014489
419.000000	-0.013707
420.000000	-0.013702
421.000000	-0.013983
422.000000	-0.013549
423.000000	-0.011566
424.000000	-0.008379
425.000000	-0.004626
426.000000	-0.000937
427.000000	0.001959
428.000000	0.002945
429.000000	0.001219
430.000000	-0.002358
431.000000	-0.006455
432.000000	-0.009512
433.000000	-0.010309
434.000000	-0.009208
435.000000	-0.006954
436.000000	-0.004246
437.000000	-0.001838
438.000000	-0.000759
439.000000	-0.001765
440.000000	-0.004231
441.000000	-0.007202
442.000000	-0.009767
443.000000	-0.010995
444.000000	-0.009833
445.000000	-0.005685
446.000000	0.000103
447.000000	0.005476
448.000000	0.007496
449.000000	0.004116
450.000000	-0.002263
451.000000	-0.008524
452.000000	-0.013133
453.000000	-0.015483
454.000000	-0.017082
455.000000	-0.019464
456.000000	-0.022163
457.000000	-0.024226
458.000000	-0.024750
459.000000	-0.023229
460.000000	-0.020686
461.000000	-0.018364
462.000000	-0.016844
463.000000	-0.016505
464.000000	-0.017568
465.000000	-0.019831
466.000000	-0.021548
467.000000	-0.020882
468.000000	-0.017178
469.000000	-0.011135
470.000000	-0.007680
471.000000	-0.010873
472.000000	-0.017066
473.000000	-0.021409
474.000000	-0.021960
475.000000	-0.017893
476.000000	-0.009939
477.000000	-0.000600
478.000000	0.002082
479.000000	-0.007537
480.000000	-0.019981
481.000000	-0.024848
482.000000	-0.023159
483.000000	-0.018445
484.000000	-0.012869
485.000000	-0.007954
486.000000	-0.004037
487.000000	-0.001113
488.000000	0.001011
489.000000	0.002622
490.000000	0.004184
491.000000	0.006008
492.000000	0.007605
493.000000	0.008406
494.000000	0.008322
495.000000	0.007566
496.000000	0.007067
497.000000	0.007519
498.000000	0.007956
499.000000	0.007101
500.000000	0.004106
501.000000	-0.001015
502.000000	-0.005215
503.000000	-0.005520
504.000000	-0.002293
505.000000	0.002913
506.000000	0.007106
507.000000	0.007827
508.000000	0.006183
509.000000	0.003966
510.000000	0.002139
511.000000	0.001271
512.000000	0.001179
513.000000	0.001408
514.000000	0.001169
515.000000	-0.000354
516.000000	-0.003741
517.000000	-0.008991
518.000000	-0.014004
519.000000	-0.016661
520.000000	-0.016873
521.000000	-0.015334
522.000000	-0.013847
523.000000	-0.013721
524.000000	-0.013181
525.000000	-0.010112
526.000000	-0.004124
527.000000	0.003924
528.000000	0.009903
529.000000	0.010229
530.000000	0.006779
531.000000	0.002785
532.000000	0.001443
533.000000	0.004627
534.000000	0.008959
535.000000	0.010578
536.000000	0.008950
537.000000	0.004773
538.000000	0.000346
539.000000	-0.002302
540.000000	-0.003811
541.000000	-0.005280
542.000000	-0.006984
543.000000	-0.008622
544.000000	-0.008429
545.000000	-0.004899
546.000000	0.000978
547.000000	0.007551
548.000000	0.013034
549.000000	0.015768
550.000000	0.014750
551.000000	0.009513
552.000000	0.001097
553.000000	-0.008825
554.000000	-0.017535
555.000000	-0.022728
556.000000	-0.024784
557.000000	-0.024670
558.000000	-0.023016
559.000000	-0.020214
560.000000	-0.016043
561.000000	-0.010543
562.000000	-0.005416
563.000000	-0.002642
564.000000	-0.003661
565.000000	-0.008507
566.000000	-0.012140
567.000000	-0.009750
568.000000	-0.002512
569.000000	0.006158
570.000000	0.009866
571.000000	0.004168
572.000000	-0.004593
573.000000	-0.008723
574.000000	-0.005914
575.000000	0.002812
576.000000	0.008489
577.000000	0.003319
578.000000	-0.007875
579.000000	-0.017471
580.000000	-0.019276
581.000000	-0.010304
582.000000	0.001039
583.000000	0.005731
584.000000	0.003665
585.000000	-0.002316
586.000000	-0.006498
587.000000	-0.004447
588.000000	0.000282
589.000000	0.002986
590.000000	0.002347
591.000000	-0.001236
592.000000	-0.003885
593.000000	-0.002231
594.000000	0.001584
595.000000	0.004305
596.000000	0.003734
597.000000	-0.001001
598.000000	-0.006522
599.000000	-0.009317
600.000000	-0.009584
601.000000	-0.008622
602.000000	-0.008435
603.000000	-0.010617
604.000000	-0.014429
605.000000	-0.018586
606.000000	-0.021942
607.000000	-0.023255
608.000000	-0.020770
609.000000	-0.013732
610.000000	-0.005915
611.000000	-0.001697
612.000000	-0.003343
613.000000	-0.011417
614.000000	-0.021803
615.000000	-0.030064
616.000000	-0.035168
617.000000	-0.037052
618.000000	-0.036135
619.000000	-0.032923
620.000000	-0.027774
621.000000	-0.021131
622.000000	-0.013910
623.000000	-0.007206
624.000000	-0.002359
625.000000	-0.000444
626.000000	-0.001229
627.000000	-0.004108
628.000000	-0.008280
629.000000	-0.012738
630.000000	-0.015860
631.000000	-0.016426
632.000000	-0.015446
633.000000	-0.014414
634.000000	-0.014532
635.000000	-0.016518
636.000000	-0.019438
637.000000	-0.021997
638.000000	-0.023098
639.000000	-0.021476
640.000000	-0.014996
641.000000	-0.003114
642.000000	0.007491
643.000000	0.010738
644.000000	0.010170
645.000000	0.010669
646.000000	0.012849
647.000000	0.015644
648.000000	0.015529
649.000000	0.009486
650.000000	-0.001013
651.000000	-0.013196
652.000000	-0.023589
653.000000	-0.029251
654.000000	-0.030071
655.000000	-0.026806
656.000000	-0.020860
657.000000	-0.013956
658.000000	-0.008444
659.000000	-0.006210
660.000000	-0.006649
661.000000	-0.008234
662.000000	-0.008221
663.000000	-0.004602
664.000000	0.000484
665.000000	0.004364
666.000000	0.006363
667.000000	0.006842
668.000000	0.008300
669.000000	0.012751
670.000000	0.018132
671.000000	0.021629
672.000000	0.021503
673.000000	0.016958
674.000000	0.009904
675.000000	0.002682
676.000000	-0.003333
677.000000	-0.007098
678.000000	-0.007926
679.000000	-0.005886
680.000000	-0.003724
681.000000	-0.004068
682.000000	-0.006409
683.000000	-0.009039
684.000000	-0.008591
685.000000	-0.002950
686.000000	0.003342
687.000000	0.005058
688.000000	0.000900
689.000000	-0.008325
690.000000	-0.017326
691.000000	-0.021119
692.000000	-0.020445
693.000000	-0.017381
694.000000	-0.013634
695.000000	-0.010526
696.000000	-0.008211
697.000000	-0.006515
698.000000	-0.005116
699.000000	-0.003657
700.000000	-0.001801
701.000000	0.000426
702.000000	0.001568
703.000000	0.000219
704.000000	-0.003392
705.000000	-0.008452
706.000000	-0.013461
707.000000	-0.016757
708.000000	-0.016729
709.000000	-0.012290
710.000000	-0.004397
711.000000	0.004758
712.000000	0.010098
713.000000	0.007627
714.000000	0.000570
715.000000	-0.006456
716.000000	-0.010471
717.000000	-0.010041
718.000000	-0.008279
719.000000	-0.008441
720.000000	-0.009816
721.000000	-0.010701
722.000000	-0.009392
723.000000	-0.004714
724.000000	0.002405
725.000000	0.010420
726.000000	0.017424
727.000000	0.021383
728.000000	0.020120
729.000000	0.012727
730.000000	0.003519
731.000000	-0.002651
732.000000	-0.004011
733.000000	-0.000137
734.000000	0.007099
735.000000	0.015429
736.000000	0.023316
737.000000	0.029632
738.000000	0.034163
739.000000	0.037368
740.000000	0.041490
741.000000	0.048766
742.000000	0.059633
743.000000	0.073842
744.000000	0.090196
745.000000	0.107037
746.000000	0.121798
747.000000	0.131613
748.000000	0.133313
749.000000	0.125395
750.000000	0.113326
751.000000	0.102786
752.000000	0.093339
753.000000	0.083455
754.000000	0.073352
755.000000	0.063465
756.000000	0.053365
757.000000	0.042838
758.000000	0.033402
759.000000	0.026025
760.000000	0.017740
761.000000	0.006632
762.000000	-0.001056
763.000000	0.000499
764.000000	0.007298
765.000000	0.013485
766.000000	0.015613
767.000000	0.012030
768.000000	0.005867
769.000000	0.000756
770.000000	-0.002449
771.000000	-0.003678
772.000000	-0.003207
773.000000	-0.001550
774.000000	0.000178
775.000000	0.000883
776.000000	0.000145
777.000000	-0.002206
778.000000	-0.006008
779.000000	-0.010660
780.000000	-0.014146
781.000000	-0.014497
782.000000	-0.011352
783.000000	-0.004953
784.000000	0.003657
785.000000	0.012690
786.000000	0.018167
787.000000	0.016553
788.000000	0.008268
789.000000	-0.004041
790.000000	-0.012782
791.000000	-0.011520
792.000000	-0.003408
793.000000	0.006362
794.000000	0.014020
795.000000	0.016765
796.000000	0.014235
797.000000	0.007212
798.000000	-0.001405
799.000000	-0.008389
800.000000	-0.011327
801.000000	-0.009217
802.000000	-0.005873
803.000000	-0.005380
804.000000	-0.008078
805.000000	-0.013184
806.000000	-0.019173
807.000000	-0.024101
808.000000	-0.025086
809.000000	-0.020062
810.000000	-0.011176
811.000000	-0.002153
812.000000	0.001178
813.000000	-0.004762
814.000000	-0.012434
815.000000	-0.013477
816.000000	-0.007354
817.000000	0.002830
818.000000	0.007220
819.000000	-0.001599
820.000000	-0.014548
821.000000	-0.020322
822.000000	-0.015216
823.000000	-0.000250
824.000000	0.012244
825.000000	0.011285
826.000000	0.002610
827.000000	-0.004697
828.000000	-0.004872
829.000000	0.004693
830.000000	0.017288
831.000000	0.025367
832.000000	0.027345
833.000000	0.023392
834.000000	0.014741
835.000000	0.003678
836.000000	-0.004372
837.000000	-0.004823
838.000000	0.000420
839.000000	0.007542
840.000000	0.011582
841.000000	0.008718
842.000000	0.000817
843.000000	-0.008892
844.000000	-0.017424
845.000000	-0.021813
846.000000	-0.018939
847.000000	-0.007661
848.000000	0.005076
849.000000	0.011825
850.000000	0.011219
851.000000	0.004497
852.000000	-0.002750
853.000000	-0.004981
854.000000	-0.001209
855.000000	0.007980
856.000000	0.020248
857.000000	0.031975
858.000000	0.036156
859.000000	0.027661
860.000000	0.012230
861.000000	-0.002378
862.000000	-0.011214
863.000000	-0.011507
864.000000	-0.006398
865.000000	0.000199
866.000000	0.007175
867.000000	0.014085
868.000000	0.020327
869.000000	0.025017
870.000000	0.026293
871.000000	0.022797
872.000000	0.016154
873.000000	0.008734
874.000000	0.002917
875.000000	0.000345
876.000000	-0.000289
877.000000	-0.000704
878.000000	-0.001319
879.000000	-0.002166
880.000000	-0.003032
881.000000	-0.003917
882.000000	-0.005908
883.000000	-0.009828
884.000000	-0.014342
885.000000	-0.017362
886.000000	-0.015934
887.000000	-0.008466
888.000000	0.000310
889.000000	0.005237
890.000000	0.005775
891.000000	0.003327
892.000000	0.002443
893.000000	0.006763
894.000000	0.013137
895.000000	0.017403
896.000000	0.018141
897.000000	0.015191
898.000000	0.010674
899.000000	0.007131
900.000000	0.006484
901.000000	0.009999
902.000000	0.016919
903.000000	0.024958
904.000000	0.027717
905.000000	0.020408
906.000000	0.008782
907.000000	0.000375
908.000000	-0.000678
909.000000	0.006684
910.000000	0.014630
911.000000	0.015615
912.000000	0.012131
913.000000	0.008898
914.000000	0.009522
915.000000	0.015890
916.000000	0.024128
917.000000	0.029794
918.000000	0.031926
919.000000	0.030600
920.000000	0.026566
921.000000	0.021146
922.000000	0.017275
923.000000	0.017453
924.000000	0.020821
925.000000	0.025559
926.000000	0.029362
927.000000	0.030739
928.000000	0.031924
929.000000	0.035328
930.000000	0.040326
931.000000	0.045351
932.000000	0.048086
933.000000	0.047047
934.000000	0.044825
935.000000	0.044056
936.000000	0.043479
937.000000	0.040466
938.000000	0.030813
939.000000	0.012893
940.000000	-0.003042
941.000000	-0.006386
942.000000	0.003009
943.000000	0.021069
944.000000	0.037288
945.000000	0.042643
946.000000	0.040468
947.000000	0.036492
948.000000	0.033664
949.000000	0.033929
950.000000	0.037996
951.000000	0.045169
952.000000	0.050364
953.000000	0.048624
954.000000	0.039888
955.000000	0.026852
956.000000	0.018335
957.000000	0.021575
958.000000	0.031347
959.000000	0.040285
960.000000	0.044912
961.000000	0.044121
962.000000	0.042408
963.000000	0.044196
964.000000	0.048013
965.000000	0.051222
966.000000	0.052422
967.000000	0.051010
968.000000	0.048339
969.000000	0.046131
970.000000	0.045627
971.000000	0.047620
972.000000	0.051581
973.000000	0.055560
974.000000	0.053233
975.000000	0.039998
976.000000	0.022516
977.000000	0.009595
978.000000	0.007361
979.000000	0.018591
980.000000	0.035349
981.000000	0.048995
982.000000	0.058771
983.000000	0.065949
984.000000	0.072033
985.000000	0.078281
986.000000	0.084752
987.000000	0.090851
988.000000	0.094578
989.000000	0.093830
990.000000	0.087490
991.000000	0.076427
992.000000	0.068467
993.000000	0.070548
994.000000	0.079100
995.000000	0.087924
996.000000	0.090814
997.000000	0.084958
998.000000	0.081135
999.000000	0.090015
1000.000000	0.108236
1001.000000	0.128536
1002.000000	0.142074
1003.000000	0.142470
1004.000000	0.134761
1005.000000	0.125612
1006.000000	0.116783
1007.000000	0.108600
1008.000000	0.100544
1009.000000	0.092213
1010.000000	0.084509
1011.000000	0.078408
1012.000000	0.073876
1013.000000	0.070564
1014.000000	0.067862
1015.000000	0.064876
1016.000000	0.059825
1017.000000	0.051467
1018.000000	0.041598
1019.000000	0.032969
1020.000000	0.029125
1021.000000	0.032169
1022.000000	0.037650
1023.000000	0.040543
1024.000000	0.040091
1025.000000	0.036995
1026.000000	0.033540
1027.000000	0.032264
1028.000000	0.035155
1029.000000	0.043348
1030.000000	0.055135
1031.000000	0.067743
1032.000000	0.076991
1033.000000	0.079671
1034.000000	0.077887
1035.000000	0.074382
1036.000000	0.069142
1037.000000	0.061181
1038.000000	0.048368
1039.000000	0.030455
1040.000000	0.015869
1041.000000	0.012899
1042.000000	0.020614
1043.000000	0.034598
1044.000000	0.045712
1045.000000	0.046652
1046.000000	0.042173
1047.000000	0.038868
1048.000000	0.038614
1049.000000	0.041563
1050.000000	0.045669
1051.000000	0.048795
1052.000000	0.050625
1053.000000	0.051375
1054.000000	0.051559
1055.000000	0.051861
1056.000000	0.053347
1057.000000	0.056591
1058.000000	0.059814
1059.000000	0.061105
1060.000000	0.060388
1061.000000	0.058270
1062.000000	0.056251
1063.000000	0.056215
1064.000000	0.060670
1065.000000	0.071080
1066.000000	0.084094
1067.000000	0.094346
1068.000000	0.093216
1069.000000	0.075807
1070.000000	0.055371
1071.000000	0.046491
1072.000000	0.050939
1073.000000	0.065310
1074.000000	0.078314
1075.000000	0.080302
1076.000000	0.076090
1077.000000	0.072761
1078.000000	0.072018
1079.000000	0.073528
1080.000000	0.074200
1081.000000	0.071898
1082.000000	0.071062
1083.000000	0.076467
1084.000000	0.087662
1085.000000	0.102133
1086.000000	0.114341
1087.000000	0.119597
1088.000000	0.119648
1089.000000	0.117186
1090.000000	0.112250
1091.000000	0.103951
1092.000000	0.090351
1093.000000	0.070650
1094.000000	0.049664
1095.000000	0.032979
1096.000000	0.023659
1097.000000	0.023750
1098.000000	0.033742
1099.000000	0.051951
1100.000000	0.069542
1101.000000	0.077804
1102.000000	0.075661
1103.000000	0.064957
1104.000000	0.051592
1105.000000	0.041582
1106.000000	0.037352
1107.000000	0.039760
1108.000000	0.046985
1109.000000	0.056144
1110.000000	0.062776
1111.000000	0.063982
1112.000000	0.064683
1113.000000	0.070013
1114.000000	0.078126
1115.000000	0.084871
1116.000000	0.083853
1117.000000	0.072110
1118.000000	0.062652
1119.000000	0.068435
1120.000000	0.086215
1121.000000	0.107587
1122.000000	0.119692
1123.000000	0.113831
1124.000000	0.102410
1125.000000	0.100300
1126.000000	0.111124
1127.000000	0.132725
1128.000000	0.151069
1129.000000	0.154030
1130.000000	0.148976
1131.000000	0.146036
1132.000000	0.146883
1133.000000	0.149405
1134.000000	0.144790
1135.000000	0.126396
1136.000000	0.102953
1137.000000	0.084563
1138.000000	0.071459
1139.000000	0.061712
1140.000000	0.054630
1141.000000	0.049697
1142.000000	0.045871
1143.000000	0.042233
1144.000000	0.038892
1145.000000	0.036196
1146.000000	0.034435
1147.000000	0.033689
1148.000000	0.033260
1149.000000	0.032093
1150.000000	0.028486
1151.000000	0.020938
1152.000000	0.009386
1153.000000	-0.004214
1154.000000	-0.011279
1155.000000	-0.004275
1156.000000	0.013507
1157.000000	0.036006
1158.000000	0.056892
1159.000000	0.070538
1160.000000	0.074385
1161.000000	0.068151
1162.000000	0.057599
1163.000000	0.049397
1164.000000	0.047789
1165.000000	0.054229
1166.000000	0.061430
1167.000000	0.062182
1168.000000	0.058328
1169.000000	0.053672
1170.000000	0.050801
1171.000000	0.051226
1172.000000	0.053376
1173.000000	0.055012
1174.000000	0.054294
1175.000000	0.049826
1176.000000	0.041596
1177.000000	0.030473
1178.000000	0.019482
1179.000000	0.011748
1180.000000	0.008637
1181.000000	0.010679
1182.000000	0.016808
1183.000000	0.025081
1184.000000	0.031629
1185.000000	0.032976
1186.000000	0.029130
1187.000000	0.021122
1188.000000	0.010594
1189.000000	-0.000509
1190.000000	-0.009632
1191.000000	-0.014634
1192.000000	-0.015649
1193.000000	-0.013424
1194.000000	-0.008897
1195.000000	-0.003081
1196.000000	0.002902
1197.000000	0.007827
1198.000000	0.010170
1199.000000	0.008841
1200.000000	0.004792
1201.000000	-0.000267
1202.000000	-0.003636
1203.000000	-0.003087
1204.000000	0.000732
1205.000000	0.006545
1206.000000	0.013454
1207.000000	0.020689
1208.000000	0.027615
1209.000000	0.033096
1210.000000	0.033868
1211.000000	0.027754
1212.000000	0.019068
1213.000000	0.013746
1214.000000	0.017716
1215.000000	0.033902
1216.000000	0.053224
1217.000000	0.066096
1218.000000	0.072902
1219.000000	0.076633
1220.000000	0.080727
1221.000000	0.087361
1222.000000	0.093213
1223.000000	0.094402
1224.000000	0.090294
1225.000000	0.081389
1226.000000	0.069467
1227.000000	0.057560
1228.000000	0.052442
1229.000000	0.058983
1230.000000	0.070698
1231.000000	0.079258
1232.000000	0.080298
1233.000000	0.072960
1234.000000	0.066432
1235.000000	0.068789
1236.000000	0.073595
1237.000000	0.072507
1238.000000	0.064065
1239.000000	0.051090
1240.000000	0.046629
1241.000000	0.060200
1242.000000	0.076964
1243.000000	0.079830
1244.000000	0.067053
1245.000000	0.044052
1246.000000	0.029560
1247.000000	0.038585
1248.000000	0.057928
1249.000000	0.070661
1250.000000	0.073139
1251.000000	0.066734
1252.000000	0.059610
1253.000000	0.058513
1254.000000	0.057735
1255.000000	0.050693
1256.000000	0.039763
1257.000000	0.029950
1258.000000	0.027819
1259.000000	0.036822
1260.000000	0.046413
1261.000000	0.045808
1262.000000	0.037286
1263.000000	0.026660
1264.000000	0.020834
1265.000000	0.024663
1266.000000	0.033716
1267.000000	0.042085
1268.000000	0.047233
1269.000000	0.047802
1270.000000	0.043769
1271.000000	0.036194
1272.000000	0.029138
1273.000000	0.026481
1274.000000	0.028386
1275.000000	0.033879
1276.000000	0.041146
1277.000000	0.047859
1278.000000	0.050468
1279.000000	0.046618
1280.000000	0.039961
1281.000000	0.034998
1282.000000	0.033611
1283.000000	0.036250
1284.000000	0.040260
1285.000000	0.042983
1286.000000	0.044845
1287.000000	0.046865
1288.000000	0.049358
1289.000000	0.052373
1290.000000	0.055605
1291.000000	0.058683
1292.000000	0.061320
1293.000000	0.063144
1294.000000	0.063357
1295.000000	0.061161
1296.000000	0.056167
1297.000000	0.049754
1298.000000	0.049948
1299.000000	0.063620
1300.000000	0.086381
1301.000000	0.110915
1302.000000	0.129463
1303.000000	0.136472
1304.000000	0.135663
1305.000000	0.132544
1306.000000	0.130509
1307.000000	0.132091
1308.000000	0.138490
1309.000000	0.149856
1310.000000	0.163472
1311.000000	0.176079
1312.000000	0.185107
1313.000000	0.188399
1314.000000	0.184772
1315.000000	0.173435
1316.000000	0.154194
1317.000000	0.128959
1318.000000	0.107445
1319.000000	0.098883
1320.000000	0.102742
1321.000000	0.114206
1322.000000	0.121061
1323.000000	0.113433
1324.000000	0.098198
1325.000000	0.084873
1326.000000	0.076797
1327.000000	0.075157
1328.000000	0.078715
1329.000000	0.085939
1330.000000	0.096533
1331.000000	0.109945
1332.000000	0.123357
1333.000000	0.133639
1334.000000	0.138664
1335.000000	0.137827
1336.000000	0.135594
1337.000000	0.136719
1338.000000	0.142046
1339.000000	0.150910
1340.000000	0.160511
1341.000000	0.166283
1342.000000	0.158717
1343.000000	0.131798
1344.000000	0.098411
1345.000000	0.073842
1346.000000	0.064062
1347.000000	0.069861
1348.000000	0.080613
1349.000000	0.085261
1350.000000	0.082452
1351.000000	0.073606
1352.000000	0.061541
1353.000000	0.049674
1354.000000	0.042415
1355.000000	0.043398
1356.000000	0.052164
1357.000000	0.066674
1358.000000	0.082662
1359.000000	0.095458
1360.000000	0.101015
1361.000000	0.097436
1362.000000	0.090804
1363.000000	0.087472
1364.000000	0.086909
1365.000000	0.086887
1366.000000	0.085288
1367.000000	0.080660
1368.000000	0.074100
1369.000000	0.067319
1370.000000	0.061938
1371.000000	0.059242
1372.000000	0.059251
1373.000000	0.061297
1374.000000	0.063211
1375.000000	0.062598
1376.000000	0.057646
1377.000000	0.047508
1378.000000	0.034610
1379.000000	0.022601
1380.000000	0.016757
1381.000000	0.020529
1382.000000	0.028455
1383.000000	0.033965
1384.000000	0.034965
1385.000000	0.030942
1386.000000	0.023220
1387.000000	0.014521
1388.000000	0.011305
1389.000000	0.018298
1390.000000	0.029550
1391.000000	0.037243
1392.000000	0.036774
1393.000000	0.027451
1394.000000	0.021017
1395.000000	0.027788
1396.000000	0.039938
1397.000000	0.046849
1398.000000	0.044879
1399.000000	0.034247
1400.000000	0.023639
1401.000000	0.020896
1402.000000	0.022019
1403.000000	0.021259
1404.000000	0.017709
1405.000000	0.012163
1406.000000	0.007380
1407.000000	0.005583
1408.000000	0.004886
1409.000000	0.003038
1410.000000	0.000426
1411.000000	-0.001924
1412.000000	-0.003061
1413.000000	-0.002627
1414.000000	-0.002552
1415.000000	-0.004615
1416.000000	-0.007698
1417.000000	-0.010053
1418.000000	-0.010303
1419.000000	-0.007249
1420.000000	-0.000046
1421.000000	0.010583
1422.000000	0.017982
1423.000000	0.015979
1424.000000	0.006265
1425.000000	-0.006187
1426.000000	-0.011133
1427.000000	-0.000513
1428.000000	0.019742
1429.000000	0.040843
1430.000000	0.056566
1431.000000	0.062028
1432.000000	0.055155
1433.000000	0.037073
1434.000000	0.018897
1435.000000	0.011636
1436.000000	0.015896
1437.000000	0.029153
1438.000000	0.046769
1439.000000	0.063112
1440.000000	0.070703
1441.000000	0.065148
1442.000000	0.056244
1443.000000	0.055145
1444.000000	0.064238
1445.000000	0.081556
1446.000000	0.096488
1447.000000	0.100412
1448.000000	0.101311
1449.000000	0.108399
1450.000000	0.119218
1451.000000	0.127953
1452.000000	0.127040
1453.000000	0.112484
1454.000000	0.096318
1455.000000	0.091028
1456.000000	0.094870
1457.000000	0.102546
1458.000000	0.108765
1459.000000	0.109294
1460.000000	0.104132
1461.000000	0.095028
1462.000000	0.086514
1463.000000	0.082585
1464.000000	0.082313
1465.000000	0.082294
1466.000000	0.074155
1467.000000	0.053076
1468.000000	0.033435
1469.000000	0.030110
1470.000000	0.040786
1471.000000	0.057803
1472.000000	0.069301
1473.000000	0.066591
1474.000000	0.057862
1475.000000	0.052753
1476.000000	0.049814
1477.000000	0.045284
1478.000000	0.037247
1479.000000	0.025922
1480.000000	0.018214
1481.000000	0.019866
1482.000000	0.025289
1483.000000	0.027352
1484.000000	0.024096
1485.000000	0.015951
1486.000000	0.007733
1487.000000	0.003799
1488.000000	0.002284
1489.000000	0.000485
1490.000000	-0.001419
1491.000000	-0.002471
1492.000000	-0.001471
1493.000000	0.002539
1494.000000	0.009313
1495.000000	0.017647
1496.000000	0.023697
1497.000000	0.023622
1498.000000	0.016227
1499.000000	0.002106
1500.000000	-0.013638
1501.000000	-0.025535
1502.000000	-0.031162
1503.000000	-0.029694
1504.000000	-0.023655
1505.000000	-0.016794
1506.000000	-0.014426
1507.000000	-0.019909
1508.000000	-0.027211
1509.000000	-0.029617
1510.000000	-0.027065
1511.000000	-0.021405
1512.000000	-0.015489
1513.000000	-0.011952
1514.000000	-0.011558
1515.000000	-0.014328
1516.000000	-0.019186
1517.000000	-0.024554
1518.000000	-0.027940
1519.000000	-0.026326
1520.000000	-0.015494
1521.000000	0.005115
1522.000000	0.020243
1523.000000	0.015724
1524.000000	-0.002407
1525.000000	-0.022049
1526.000000	-0.027037
1527.000000	-0.007459
1528.000000	0.017532
1529.000000	0.027397
1530.000000	0.025109
1531.000000	0.018997
1532.000000	0.015297
1533.000000	0.017265
1534.000000	0.018326
1535.000000	0.012476
1536.000000	0.005825
1537.000000	0.005633
1538.000000	0.011640
1539.000000	0.020708
1540.000000	0.025718
1541.000000	0.021294
1542.000000	0.013027
1543.000000	0.007901
1544.000000	0.007494
1545.000000	0.011697
1546.000000	0.019040
1547.000000	0.027614
1548.000000	0.035105
1549.000000	0.039554
1550.000000	0.040830
1551.000000	0.039465
1552.000000	0.036812
1553.000000	0.034472
1554.000000	0.034214
1555.000000	0.037862
1556.000000	0.047279
1557.000000	0.062880
1558.000000	0.079234
1559.000000	0.089772
1560.000000	0.089211
1561.000000	0.075724
1562.000000	0.060017
1563.000000	0.053567
1564.000000	0.058405
1565.000000	0.073308
1566.000000	0.093472
1567.000000	0.112327
1568.000000	0.119826
1569.000000	0.109622
1570.000000	0.093653
1571.000000	0.085508
1572.000000	0.087086
1573.000000	0.096305
1574.000000	0.106858
1575.000000	0.113508
1576.000000	0.119527
1577.000000	0.129260
1578.000000	0.142849
1579.000000	0.158984
1580.000000	0.174748
1581.000000	0.186140
1582.000000	0.186417
1583.000000	0.172045
1584.000000	0.155053
1585.000000	0.148245
1586.000000	0.151947
1587.000000	0.161935
1588.000000	0.168258
1589.000000	0.163188
1590.000000	0.153598
1591.000000	0.147436
1592.000000	0.142338
1593.000000	0.133942
1594.000000	0.120216
1595.000000	0.101436
1596.000000	0.084776
1597.000000	0.077137
1598.000000	0.077421
1599.000000	0.082566
1600.000000	0.089642
1601.000000	0.095887
1602.000000	0.099059
1603.000000	0.098115
1604.000000	0.096270
1605.000000	0.096769
1606.000000	0.098720
1607.000000	0.100312
1608.000000	0.100196
1609.000000	0.097867
1610.000000	0.095742
1611.000000	0.095917
1612.000000	0.096294
1613.000000	0.094435
1614.000000	0.090733
1615.000000	0.086616
1616.000000	0.084814
1617.000000	0.087179
1618.000000	0.090756
1619.000000	0.091959
1620.000000	0.089497
1621.000000	0.083048
1622.000000	0.073875
1623.000000	0.064344
1624.000000	0.059651
1625.000000	0.063310
1626.000000	0.069279
1627.000000	0.070723
1628.000000	0.067177
1629.000000	0.060655
1630.000000	0.056715
1631.000000	0.059553
1632.000000	0.064378
1633.000000	0.065773
1634.000000	0.064810
1635.000000	0.063974
1636.000000	0.064906
1637.000000	0.068128
1638.000000	0.070529
1639.000000	0.069213
1640.000000	0.065765
1641.000000	0.062801
1642.000000	0.062578
1643.000000	0.067007
1644.000000	0.076988
1645.000000	0.091786
1646.000000	0.105141
1647.000000	0.111236
1648.000000	0.111568
1649.000000	0.109319
1650.000000	0.107113
1651.000000	0.106657
1652.000000	0.106543
1653.000000	0.105045
1654.000000	0.102295
1655.000000	0.099275
1656.000000	0.098523
1657.000000	0.102756
1658.000000	0.113852
1659.000000	0.130899
1660.000000	0.142654
1661.000000	0.139281
1662.000000	0.126884
1663.000000	0.114712
1664.000000	0.108639
1665.000000	0.111817
1666.000000	0.119886
1667.000000	0.127319
1668.000000	0.131428
1669.000000	0.130985
1670.000000	0.127753
1671.000000	0.124323
1672.000000	0.123605
1673.000000	0.127276
1674.000000	0.131754
1675.000000	0.133327
1676.000000	0.133034
1677.000000	0.132678
1678.000000	0.132385
1679.000000	0.131405
1680.000000	0.127165
1681.000000	0.117993
1682.000000	0.107644
1683.000000	0.100045
1684.000000	0.094392
1685.000000	0.088740
1686.000000	0.081302
1687.000000	0.071106
1688.000000	0.060274
1689.000000	0.052002
1690.000000	0.050674
1691.000000	0.059059
1692.000000	0.072263
1693.000000	0.082659
1694.000000	0.079353
1695.000000	0.057065
1696.000000	0.036255
1697.000000	0.036931
1698.000000	0.051572
1699.000000	0.067363
1700.000000	0.077850
1701.000000	0.080051
1702.000000	0.078521
1703.000000	0.078346
1704.000000	0.079192
1705.000000	0.079705
1706.000000	0.079862
1707.000000	0.079997
1708.000000	0.080533
1709.000000	0.081491
1710.000000	0.081204
1711.000000	0.079248
1712.000000	0.081875
1713.000000	0.090754
1714.000000	0.082546
1715.000000	0.040077
1716.000000	-0.004169
1717.000000	-0.017354
1718.000000	-0.014896
1719.000000	-0.017938
1720.000000	-0.022263
1721.000000	-0.019380
1722.000000	-0.009046
1723.000000	0.005222
1724.000000	0.013131
1725.000000	0.006994
1726.000000	-0.003664
1727.000000	-0.007551
1728.000000	-0.003519
1729.000000	0.005617
1730.000000	0.011340
1731.000000	0.006782
1732.000000	-0.002627
1733.000000	-0.009830
1734.000000	-0.013562
1735.000000	-0.014155
1736.000000	-0.012536
1737.000000	-0.009751
1738.000000	-0.006719
1739.000000	-0.004396
1740.000000	-0.004013
1741.000000	-0.006202
1742.000000	-0.008939
1743.000000	-0.009766
1744.000000	-0.007156
1745.000000	-0.001636
1746.000000	-0.001033
1747.000000	-0.011259
1748.000000	-0.023269
1749.000000	-0.026819
1750.000000	-0.021840
1751.000000	-0.012417
1752.000000	-0.009082
1753.000000	-0.019032
1754.000000	-0.029688
1755.000000	-0.028086
1756.000000	-0.019515
1757.000000	-0.012713
1758.000000	-0.011975
1759.000000	-0.017657
1760.000000	-0.018809
1761.000000	-0.006873
1762.000000	0.005834
1763.000000	0.005612
1764.000000	-0.005894
1765.000000	-0.022535
1766.000000	-0.035478
1767.000000	-0.037545
1768.000000	-0.030857
1769.000000	-0.019869
1770.000000	-0.009082
1771.000000	-0.002297
1772.000000	-0.000468
1773.000000	-0.003222
1774.000000	-0.007731
1775.000000	-0.011123
1776.000000	-0.012797
1777.000000	-0.012767
1778.000000	-0.011247
1779.000000	-0.008721
1780.000000	-0.006555
1781.000000	-0.006553
1782.000000	-0.011386
1783.000000	-0.021736
1784.000000	-0.029455
1785.000000	-0.026937
1786.000000	-0.017580
1787.000000	-0.007484
1788.000000	-0.002564
1789.000000	-0.006018
1790.000000	-0.010349
1791.000000	-0.008214
1792.000000	-0.003570
1793.000000	-0.001835
1794.000000	-0.002973
1795.000000	-0.005101
1796.000000	-0.004396
1797.000000	0.001826
1798.000000	0.009742
1799.000000	0.014848
1800.000000	0.016420
1801.000000	0.014833
1802.000000	0.011088
1803.000000	0.006385
1804.000000	0.002080
1805.000000	-0.000620
1806.000000	-0.001274
1807.000000	-0.000025
1808.000000	0.001408
1809.000000	0.001193
1810.000000	-0.001374
1811.000000	-0.005991
1812.000000	-0.009462
1813.000000	-0.009383
1814.000000	-0.009421
1815.000000	-0.013250
1816.000000	-0.018510
1817.000000	-0.021452
1818.000000	-0.018807
1819.000000	-0.009910
1820.000000	-0.004033
1821.000000	-0.008955
1822.000000	-0.016544
1823.000000	-0.017044
1824.000000	-0.010098
1825.000000	0.001104
1826.000000	0.008600
1827.000000	0.006053
1828.000000	-0.001598
1829.000000	-0.007732
1830.000000	-0.010278
1831.000000	-0.008685
1832.000000	-0.003936
1833.000000	0.002322
1834.000000	0.007311
1835.000000	0.008574
1836.000000	0.006066
1837.000000	0.000480
1838.000000	-0.006965
1839.000000	-0.014794
1840.000000	-0.021046
1841.000000	-0.023578
1842.000000	-0.020001
1843.000000	-0.009486
1844.000000	0.002298
1845.000000	0.009342
1846.000000	0.010770
1847.000000	0.007398
1848.000000	0.001667
1849.000000	-0.003961
1850.000000	-0.008580
1851.000000	-0.011664
1852.000000	-0.012668
1853.000000	-0.011288
1854.000000	-0.008210
1855.000000	-0.004429
1856.000000	-0.001194
1857.000000	0.000385
1858.000000	0.000000
1859.000000	-0.002088
1860.000000	-0.004152
1861.000000	-0.003858
1862.000000	0.002106
1863.000000	0.014748
1864.000000	0.024899
1865.000000	0.024458
1866.000000	0.019766
1867.000000	0.017926
1868.000000	0.014633
1869.000000	0.006081
1870.000000	0.001880
1871.000000	0.010415
1872.000000	0.021774
1873.000000	0.024765
1874.000000	0.021386
1875.000000	0.016279
1876.000000	0.011474
1877.000000	0.008119
1878.000000	0.006456
1879.000000	0.006053
1880.000000	0.004704
1881.000000	0.000903
1882.000000	-0.002285
1883.000000	-0.001779
1884.000000	0.000982
1885.000000	0.003566
1886.000000	0.004085
1887.000000	0.001813
1888.000000	0.000120
1889.000000	0.002266
1890.000000	0.006976
1891.000000	0.011736
1892.000000	0.013627
1893.000000	0.010140
1894.000000	0.000815
1895.000000	-0.012858
1896.000000	-0.023652
1897.000000	-0.024878
1898.000000	-0.017750
1899.000000	-0.005731
1900.000000	0.006609
1901.000000	0.014813
1902.000000	0.015968
1903.000000	0.009297
1904.000000	0.001016
1905.000000	-0.002601
1906.000000	-0.002039
1907.000000	0.000780
1908.000000	0.004943
1909.000000	0.009933
1910.000000	0.015813
1911.000000	0.021845
1912.000000	0.023515
1913.000000	0.017294
1914.000000	0.007354
1915.000000	-0.000988
1916.000000	-0.005549
1917.000000	-0.005797
1918.000000	-0.004665
1919.000000	-0.004731
1920.000000	-0.003680
1921.000000	0.000650
1922.000000	0.004915
1923.000000	0.005386
1924.000000	0.002295
1925.000000	-0.002098
1926.000000	-0.001374
1927.000000	0.008010
1928.000000	0.013932
1929.000000	0.005294
1930.000000	-0.009259
1931.000000	-0.017847
1932.000000	-0.015413
1933.000000	-0.001820
1934.000000	0.010202
1935.000000	0.009190
1936.000000	0.001623
1937.000000	-0.003507
1938.000000	-0.005092
1939.000000	-0.004164
1940.000000	-0.002415
1941.000000	-0.001413
1942.000000	-0.001559
1943.000000	-0.002574
1944.000000	-0.002627
1945.000000	-0.000374
1946.000000	0.002025
1947.000000	0.001883
1948.000000	-0.002105
1949.000000	-0.009982
1950.000000	-0.018138
1951.000000	-0.022514
1952.000000	-0.020921
1953.000000	-0.012916
1954.000000	-0.003188
1955.000000	0.002938
1956.000000	0.002716
1957.000000	-0.003944
1958.000000	-0.009083
1959.000000	-0.005600
1960.000000	0.002144
1961.000000	0.007907
1962.000000	0.009403
1963.000000	0.005944
1964.000000	-0.000712
1965.000000	-0.007720
1966.000000	-0.010316
1967.000000	-0.005257
1968.000000	0.002707
1969.000000	0.007856
1970.000000	0.008599
1971.000000	0.004983
1972.000000	-0.000518
1973.000000	-0.004372
1974.000000	-0.001252
1975.000000	0.011263
1976.000000	0.022174
1977.000000	0.020605
1978.000000	0.009583
1979.000000	-0.004175
1980.000000	-0.013094
1981.000000	-0.012545
1982.000000	-0.010531
1983.000000	-0.014670
1984.000000	-0.018415
1985.000000	-0.014118
1986.000000	-0.003908
1987.000000	0.007465
1988.000000	0.014547
1989.000000	0.013625
1990.000000	0.008664
1991.000000	0.004459
1992.000000	0.001444
1993.000000	-0.000971
1994.000000	-0.003119
1995.000000	-0.005170
1996.000000	-0.006903
1997.000000	-0.007567
1998.000000	-0.004695
1999.000000	0.002821
2000.000000	0.008929
2001.000000	0.007970
2002.000000	0.003024
2003.000000	-0.000837
2004.000000	0.000682
2005.000000	0.009084
2006.000000	0.015468
2007.000000	0.011970
2008.000000	0.005269
2009.000000	0.003260
2010.000000	0.004165
2011.000000	0.003950
2012.000000	-0.000764
2013.000000	-0.010903
2014.000000	-0.018229
2015.000000	-0.015273
2016.000000	-0.006788
2017.000000	0.000674
2018.000000	0.005604
2019.000000	0.008053
2020.000000	0.009268
2021.000000	0.010696
2022.000000	0.013394
2023.000000	0.016597
2024.000000	0.012648
2025.000000	-0.003919
2026.000000	-0.022928
2027.000000	-0.031908
2028.000000	-0.024855
2029.000000	-0.002525
2030.000000	0.013758
2031.000000	0.006671
2032.000000	-0.004538
2033.000000	0.001201
2034.000000	0.015690
2035.000000	0.024777
2036.000000	0.019776
2037.000000	-0.001497
2038.000000	-0.020667
2039.000000	-0.020230
2040.000000	-0.006713
2041.000000	0.008676
2042.000000	0.020054
2043.000000	0.023777
2044.000000	0.019840
2045.000000	0.009979
2046.000000	-0.000754
2047.000000	-0.007165
2048.000000	-0.006812
2049.000000	0.000613
2050.000000	0.009644
2051.000000	0.014280
2052.000000	0.012167
2053.000000	0.003241
2054.000000	-0.007051
2055.000000	-0.013132
2056.000000	-0.014426
2057.000000	-0.012024
2058.000000	-0.008685
2059.000000	-0.006879
2060.000000	-0.006262
2061.000000	-0.005254
2062.000000	-0.000132
2063.000000	0.010021
2064.000000	0.012767
2065.000000	-0.001831
2066.000000	-0.020346
2067.000000	-0.026938
2068.000000	-0.019483
2069.000000	-0.001807
2070.000000	0.012178
2071.000000	0.011288
2072.000000	0.005331
2073.000000	0.005686
2074.000000	0.009008
2075.000000	0.009490
2076.000000	0.006200
2077.000000	0.000063
2078.000000	-0.005438
2079.000000	-0.007000
2080.000000	-0.004609
2081.000000	0.000159
2082.000000	0.002664
2083.000000	-0.000799
2084.000000	-0.007113
2085.000000	-0.011480
2086.000000	-0.009181
2087.000000	0.001807
2088.000000	0.012819
2089.000000	0.015758
2090.000000	0.015491
2091.000000	0.018172
2092.000000	0.022129
2093.000000	0.023885
2094.000000	0.020577
2095.000000	0.011215
2096.000000	0.001699
2097.000000	-0.002069
2098.000000	-0.001053
2099.000000	0.002050
2100.000000	0.004476
2101.000000	0.004119
2102.000000	0.001559
2103.000000	-0.001129
2104.000000	0.001413
2105.000000	0.012199
2106.000000	0.021593
2107.000000	0.019970
2108.000000	0.010400
2109.000000	-0.001116
2110.000000	-0.009547
2111.000000	-0.011268
2112.000000	-0.007307
2113.000000	-0.000426
2114.000000	0.004345
2115.000000	0.003052
2116.000000	-0.001679
2117.000000	-0.006014
2118.000000	-0.007858
2119.000000	-0.006119
2120.000000	-0.001980
2121.000000	0.003506
2122.000000	0.012076
2123.000000	0.024125
2124.000000	0.031897
2125.000000	0.028252
2126.000000	0.016658
2127.000000	0.003604
2128.000000	-0.002932
2129.000000	0.002138
2130.000000	0.010860
2131.000000	0.014730
2132.000000	0.016073
2133.000000	0.018901
2134.000000	0.023131
2135.000000	0.027426
2136.000000	0.029521
2137.000000	0.027165
2138.000000	0.019101
2139.000000	0.005964
2140.000000	-0.005037
2141.000000	-0.007416
2142.000000	-0.004161
2143.000000	-0.000172
2144.000000	0.001466
2145.000000	-0.000636
2146.000000	-0.002904
2147.000000	-0.001978
2148.000000	-0.000323
2149.000000	-0.000594
2150.000000	-0.000394
2151.000000	0.002588
2152.000000	0.005252
2153.000000	0.004390
2154.000000	0.001782
2155.000000	-0.000186
2156.000000	-0.001688
2157.000000	-0.003363
2158.000000	-0.005159
2159.000000	-0.006274
2160.000000	-0.003599
2161.000000	0.004154
2162.000000	0.008669
2163.000000	0.003048
2164.000000	-0.004332
2165.000000	-0.004687
2166.000000	-0.002886
2167.000000	-0.005067
2168.000000	-0.008786
2169.000000	-0.010088
2170.000000	-0.007566
2171.000000	-0.001933
2172.000000	0.000166
2173.000000	-0.006489
2174.000000	-0.015483
2175.000000	-0.019029
2176.000000	-0.015484
2177.000000	-0.005533
2178.000000	0.006960
2179.000000	0.017391
2180.000000	0.021364
2181.000000	0.016867
2182.000000	0.011224
2183.000000	0.011278
2184.000000	0.012604
2185.000000	0.009298
2186.000000	0.000794
2187.000000	-0.011332
2188.000000	-0.022275
2189.000000	-0.026584
2190.000000	-0.019439
2191.000000	0.000253
2192.000000	0.019323
2193.000000	0.025194
2194.000000	0.021932
2195.000000	0.017074
2196.000000	0.015397
2197.000000	0.018260
2198.000000	0.016104
2199.000000	0.001703
2200.000000	-0.011915
2201.000000	-0.011884
2202.000000	-0.006225
2203.000000	-0.005682
2204.000000	-0.010998
2205.000000	-0.018837
2206.000000	-0.019541
2207.000000	-0.006165
2208.000000	0.011070
2209.000000	0.019981
2210.000000	0.017702
2211.000000	0.005371
2212.000000	-0.009172
2213.000000	-0.017490
2214.000000	-0.015452
2215.000000	-0.003619
2216.000000	0.003002
2217.000000	-0.006768
2218.000000	-0.014340
2219.000000	-0.001458
2220.000000	0.019033
2221.000000	0.029694
2222.000000	0.025796
2223.000000	0.010000
2224.000000	0.001817
2225.000000	0.016235
2226.000000	0.033304
2227.000000	0.031263
2228.000000	0.016030
2229.000000	-0.000745
2230.000000	-0.012180
2231.000000	-0.014018
2232.000000	-0.007730
2233.000000	0.003320
2234.000000	0.013942
2235.000000	0.019543
2236.000000	0.019757
2237.000000	0.015522
2238.000000	0.008774
2239.000000	0.001739
2240.000000	-0.003185
2241.000000	-0.003794
2242.000000	0.001158
2243.000000	0.010923
2244.000000	0.017734
2245.000000	0.015347
2246.000000	0.010640
2247.000000	0.011391
2248.000000	0.015849
2249.000000	0.019369
2250.000000	0.015239
2251.000000	0.000760
2252.000000	-0.008664
2253.000000	0.000294
2254.000000	0.014547
2255.000000	0.018675
2256.000000	0.014350
2257.000000	0.007554
2258.000000	0.004424
2259.000000	0.008966
2260.000000	0.016524
2261.000000	0.021236
2262.000000	0.021096
2263.000000	0.015999
2264.000000	0.009606
2265.000000	0.005871
2266.000000	0.006154
2267.000000	0.010526
2268.000000	0.016487
2269.000000	0.021257
2270.000000	0.023508
2271.000000	0.022413
2272.000000	0.017699
2273.000000	0.010121
2274.000000	0.003978
2275.000000	0.003640
2276.000000	0.010208
2277.000000	0.022727
2278.000000	0.035275
2279.000000	0.041675
2280.000000	0.039704
2281.000000	0.029709
2282.000000	0.018360
2283.000000	0.012152
2284.000000	0.010556
2285.000000	0.010834
2286.000000	0.008420
2287.000000	0.000944
2288.000000	-0.003370
2289.000000	0.002616
2290.000000	0.011093
2291.000000	0.013221
2292.000000	0.010990
2293.000000	0.008525
2294.000000	0.007650
2295.000000	0.008337
2296.000000	0.005441
2297.000000	-0.004562
2298.000000	-0.013609
2299.000000	-0.013657
2300.000000	-0.008329
2301.000000	-0.002847
2302.000000	0.002835
2303.000000	0.010044
2304.000000	0.019955
2305.000000	0.031995
2306.000000	0.038754
2307.000000	0.033899
2308.000000	0.022233
2309.000000	0.010909
2310.000000	0.005342
2311.000000	0.008683
2312.000000	0.016752
2313.000000	0.023150
2314.000000	0.019921
2315.000000	0.003384
2316.000000	-0.011504
2317.000000	-0.010360
2318.000000	0.000251
2319.000000	0.010297
2320.000000	0.016820
2321.000000	0.019238
2322.000000	0.019402
2323.000000	0.019275
2324.000000	0.018835
2325.000000	0.017733
2326.000000	0.016287
2327.000000	0.014825
2328.000000	0.013056
2329.000000	0.010790
2330.000000	0.008873
2331.000000	0.008288
2332.000000	0.009530
2333.000000	0.012323
2334.000000	0.013786
2335.000000	0.011345
2336.000000	0.006243
2337.000000	0.000607
2338.000000	-0.003726
2339.000000	-0.005322
2340.000000	-0.004060
2341.000000	-0.000443
2342.000000	0.003836
2343.000000	0.007157
2344.000000	0.009389
2345.000000	0.010416
2346.000000	0.008696
2347.000000	0.003961
2348.000000	0.002465
2349.000000	0.010314
2350.000000	0.026500
2351.000000	0.045488
2352.000000	0.050745
2353.000000	0.031136
2354.000000	0.008117
2355.000000	0.004087
2356.000000	0.012621
2357.000000	0.021807
2358.000000	0.026598
2359.000000	0.025103
2360.000000	0.021197
2361.000000	0.019058
2362.000000	0.018320
2363.000000	0.017906
2364.000000	0.018440
2365.000000	0.020490
2366.000000	0.022703
2367.000000	0.023613
2368.000000	0.023237
2369.000000	0.022090
2370.000000	0.021213
2371.000000	0.020927
2372.000000	0.018150
2373.000000	0.010093
2374.000000	-0.001465
2375.000000	-0.013299
2376.000000	-0.020983
2377.000000	-0.021013
2378.000000	-0.014782
2379.000000	-0.005802
2380.000000	-0.001158
2381.000000	-0.004907
2382.000000	-0.005414
2383.000000	0.007311
2384.000000	0.020981
2385.000000	0.021997
2386.000000	0.013780
2387.000000	0.003917
2388.000000	-0.000351
2389.000000	0.004671
2390.000000	0.008856
2391.000000	0.002633
2392.000000	-0.007518
2393.000000	-0.013167
2394.000000	-0.014141
2395.000000	-0.012335
2396.000000	-0.009661
2397.000000	-0.007632
2398.000000	-0.006137
2399.000000	-0.004089
2400.000000	0.001883
2401.000000	0.012843
2402.000000	0.018344
2403.000000	0.009815
2404.000000	-0.002303
2405.000000	-0.005706
2406.000000	0.000354
2407.000000	0.012114
2408.000000	0.019329
2409.000000	0.013849
2410.000000	0.002380
2411.000000	-0.006330
2412.000000	-0.010232
2413.000000	-0.009312
2414.000000	-0.004991
2415.000000	0.000847
2416.000000	0.005902
2417.000000	0.008161
2418.000000	0.007165
2419.000000	0.003486
2420.000000	0.000277
2421.000000	0.000234
2422.000000	0.001661
2423.000000	0.002263
2424.000000	0.001751
2425.000000	0.000677
2426.000000	0.000952
2427.000000	0.004512
2428.000000	0.012044
2429.000000	0.022129
2430.000000	0.026189
2431.000000	0.017709
2432.000000	0.005596
2433.000000	-0.000048
2434.000000	0.000247
2435.000000	0.003058
2436.000000	0.004025
2437.000000	-0.000168
2438.000000	-0.007711
2439.000000	-0.014673
2440.000000	-0.013747
2441.000000	-0.000388
2442.000000	0.015534
2443.000000	0.023532
2444.000000	0.025063
2445.000000	0.024342
2446.000000	0.024666
2447.000000	0.027458
2448.000000	0.027553
2449.000000	0.021398
2450.000000	0.018469
2451.000000	0.027140
2452.000000	0.038354
2453.000000	0.041197
2454.000000	0.034764
2455.000000	0.021523
2456.000000	0.007426
2457.000000	-0.001717
2458.000000	-0.004148
2459.000000	-0.000500
2460.000000	0.003096
2461.000000	0.001345
2462.000000	-0.002199
2463.000000	-0.002990
2464.000000	-0.001354
2465.000000	0.001260
2466.000000	0.003776
2467.000000	0.005963
2468.000000	0.010591
2469.000000	0.019328
2470.000000	0.026445
2471.000000	0.026183
2472.000000	0.020066
2473.000000	0.011594
2474.000000	0.004883
2475.000000	0.003216
2476.000000	0.005929
2477.000000	0.010599
2478.000000	0.011733
2479.000000	0.006102
2480.000000	0.002618
2481.000000	0.009148
2482.000000	0.017224
2483.000000	0.017203
2484.000000	0.011058
2485.000000	0.003690
2486.000000	0.000082
2487.000000	0.003381
2488.000000	0.009313
2489.000000	0.013274
2490.000000	0.016778
2491.000000	0.021165
2492.000000	0.020966
2493.000000	0.011708
2494.000000	-0.000300
2495.000000	-0.007197
2496.000000	-0.005689
2497.000000	0.004167
2498.000000	0.013489
2499.000000	0.013613
2500.000000	0.005586
2501.000000	-0.005961
2502.000000	-0.011764
2503.000000	-0.005029
2504.000000	0.006537
2505.000000	0.013114
2506.000000	0.010944
2507.000000	0.000301
2508.000000	-0.008478
2509.000000	-0.006113
2510.000000	0.002367
2511.000000	0.009589
2512.000000	0.013102
2513.000000	0.012292
2514.000000	0.008970
2515.000000	0.005329
2516.000000	0.002658
2517.000000	0.001605
2518.000000	0.001166
2519.000000	0.000203
2520.000000	-0.001298
2521.000000	-0.002504
2522.000000	-0.000305
2523.000000	0.006886
2524.000000	0.012290
2525.000000	0.009252
2526.000000	-0.000021
2527.000000	-0.010442
2528.000000	-0.014268
2529.000000	-0.007526
2530.000000	-0.003968
2531.000000	-0.014234
2532.000000	-0.018784
2533.000000	-0.000057
2534.000000	0.021427
2535.000000	0.022462
2536.000000	0.007192
2537.000000	-0.011839
2538.000000	-0.015844
2539.000000	0.006415
2540.000000	0.029732
2541.000000	0.029259
2542.000000	0.018036
2543.000000	0.013204
2544.000000	0.010432
2545.000000	0.002653
2546.000000	-0.006661
2547.000000	-0.011668
2548.000000	-0.007576
2549.000000	0.007323
2550.000000	0.023445
2551.000000	0.030349
2552.000000	0.025471
2553.000000	0.010888
2554.000000	-0.000619
2555.000000	0.001887
2556.000000	0.011276
2557.000000	0.017109
2558.000000	0.013787
2559.000000	0.000175
2560.000000	-0.011851
2561.000000	-0.012248
2562.000000	-0.011323
2563.000000	-0.019168
2564.000000	-0.024653
2565.000000	-0.015649
2566.000000	0.002766
2567.000000	0.021762
2568.000000	0.034720
2569.000000	0.037450
2570.000000	0.033278
2571.000000	0.026565
2572.000000	0.018310
2573.000000	0.009534
2574.000000	0.004705
2575.000000	0.006900
2576.000000	0.010189
2577.000000	0.008046
2578.000000	0.000556
2579.000000	-0.009649
2580.000000	-0.016358
2581.000000	-0.014020
2582.000000	-0.003293
2583.000000	0.012301
2584.000000	0.023986
2585.000000	0.024201
2586.000000	0.015479
2587.000000	0.003233
2588.000000	-0.005716
2589.000000	-0.006081
2590.000000	-0.000130
2591.000000	0.007010
2592.000000	0.006328
2593.000000	-0.007081
2594.000000	-0.017818
2595.000000	-0.011414
2596.000000	0.002585
2597.000000	0.011759
2598.000000	0.016201
2599.000000	0.018536
2600.000000	0.018995
2601.000000	0.016705
2602.000000	0.008761
2603.000000	-0.005672
2604.000000	-0.017107
2605.000000	-0.017203
2606.000000	-0.012526
2607.000000	-0.010504
2608.000000	-0.007104
2609.000000	0.002243
2610.000000	0.012787
2611.000000	0.018175
2612.000000	0.014953
2613.000000	0.003365
2614.000000	-0.004443
2615.000000	0.001926
2616.000000	0.013991
2617.000000	0.020516
2618.000000	0.018145
2619.000000	0.007266
2620.000000	-0.004615
2621.000000	-0.009622
2622.000000	-0.005503
2623.000000	0.006820
2624.000000	0.019349
2625.000000	0.023886
2626.000000	0.018514
2627.000000	0.004705
2628.000000	-0.008806
2629.000000	-0.013914
2630.000000	-0.012313
2631.000000	-0.007463
2632.000000	-0.000095
2633.000000	0.009384
2634.000000	0.019146
2635.000000	0.025775
2636.000000	0.020925
2637.000000	0.001301
2638.000000	-0.011261
2639.000000	0.001771
2640.000000	0.020582
2641.000000	0.022931
2642.000000	0.015212
2643.000000	0.009574
2644.000000	0.012556
2645.000000	0.025674
2646.000000	0.035953
2647.000000	0.030985
2648.000000	0.015109
2649.000000	-0.003298
2650.000000	-0.016455
2651.000000	-0.018823
2652.000000	-0.013228
2653.000000	-0.004809
2654.000000	0.000414
2655.000000	-0.001904
2656.000000	-0.008535
2657.000000	-0.013476
2658.000000	-0.007195
2659.000000	0.014430
2660.000000	0.030351
2661.000000	0.021852
2662.000000	0.004705
2663.000000	-0.001864
2664.000000	0.000682
2665.000000	0.006234
2666.000000	0.010781
2667.000000	0.012179
2668.000000	0.013651
2669.000000	0.017519
2670.000000	0.017146
2671.000000	0.007587
2672.000000	-0.000367
2673.000000	0.003330
2674.000000	0.010016
2675.000000	0.009072
2676.000000	0.000773
2677.000000	-0.010963
2678.000000	-0.018525
2679.000000	-0.015280
2680.000000	-0.002191
2681.000000	0.016121
2682.000000	0.027995
2683.000000	0.024530
2684.000000	0.014908
2685.000000	0.009824
2686.000000	0.007956
2687.000000	0.005625
2688.000000	0.001743
2689.000000	-0.003423
2690.000000	-0.006772
2691.000000	-0.005254
2692.000000	0.001136
2693.000000	0.011065
2694.000000	0.020893
2695.000000	0.026959
2696.000000	0.027811
2697.000000	0.023333
2698.000000	0.016528
2699.000000	0.010698
2700.000000	0.007215
2701.000000	0.006713
2702.000000	0.008814
2703.000000	0.013521
2704.000000	0.023365
2705.000000	0.038174
2706.000000	0.044424
2707.000000	0.031891
2708.000000	0.016904
2709.000000	0.017428
2710.000000	0.031431
2711.000000	0.050672
2712.000000	0.062062
2713.000000	0.054839
2714.000000	0.032386
2715.000000	0.004735
2716.000000	-0.005626
2717.000000	0.015894
2718.000000	0.039847
2719.000000	0.036651
2720.000000	0.020222
2721.000000	0.010866
2722.000000	0.010942
2723.000000	0.017464
2724.000000	0.024018
2725.000000	0.025734
2726.000000	0.027361
2727.000000	0.033639
2728.000000	0.039658
2729.000000	0.038619
2730.000000	0.025828
2731.000000	0.001884
2732.000000	-0.013540
2733.000000	-0.002883
2734.000000	0.023886
2735.000000	0.050376
2736.000000	0.062020
2737.000000	0.050718
2738.000000	0.032398
2739.000000	0.024724
2740.000000	0.028263
2741.000000	0.037437
2742.000000	0.039175
2743.000000	0.024285
2744.000000	0.006592
2745.000000	0.001554
2746.000000	0.008160
2747.000000	0.020424
2748.000000	0.028932
2749.000000	0.027044
2750.000000	0.022659
2751.000000	0.024177
2752.000000	0.027468
2753.000000	0.027008
2754.000000	0.024218
2755.000000	0.021608
2756.000000	0.019106
2757.000000	0.016055
2758.000000	0.012039
2759.000000	0.007218
2760.000000	0.003808
2761.000000	0.004440
2762.000000	0.011334
2763.000000	0.024173
2764.000000	0.032897
2765.000000	0.029478
2766.000000	0.023756
2767.000000	0.025770
2768.000000	0.028490
2769.000000	0.022903
2770.000000	0.009119
2771.000000	-0.009373
2772.000000	-0.024710
2773.000000	-0.029954
2774.000000	-0.026247
2775.000000	-0.015915
2776.000000	0.002068
2777.000000	0.025840
2778.000000	0.038631
2779.000000	0.026468
2780.000000	0.001477
2781.000000	-0.020243
2782.000000	-0.032793
2783.000000	-0.034516
2784.000000	-0.030517
2785.000000	-0.026076
2786.000000	-0.020410
2787.000000	-0.012431
2788.000000	-0.005901
2789.000000	-0.004521
2790.000000	-0.006900
2791.000000	-0.010416
2792.000000	-0.012621
2793.000000	-0.011639
2794.000000	-0.007715
2795.000000	-0.001987
2796.000000	0.002961
2797.000000	0.004545
2798.000000	0.001616
2799.000000	-0.005772
2800.000000	-0.014183
2801.000000	-0.020289
2802.000000	-0.024563
2803.000000	-0.028068
2804.000000	-0.030431
2805.000000	-0.030782
2806.000000	-0.027699
2807.000000	-0.020378
2808.000000	-0.011031
2809.000000	-0.002722
2810.000000	0.001093
2811.000000	-0.001580
2812.000000	-0.006485
2813.000000	-0.009471
2814.000000	-0.013068
2815.000000	-0.020402
2816.000000	-0.030310
2817.000000	-0.039694
2818.000000	-0.042004
2819.000000	-0.032458
2820.000000	-0.016811
2821.000000	-0.003359
2822.000000	-0.000046
2823.000000	-0.010306
2824.000000	-0.019903
2825.000000	-0.016698
2826.000000	-0.014620
2827.000000	-0.026417
2828.000000	-0.034062
2829.000000	-0.019611
2830.000000	0.003755
2831.000000	0.018958
2832.000000	0.024442
2833.000000	0.023676
2834.000000	0.024701
2835.000000	0.032017
2836.000000	0.031374
2837.000000	0.011879
2838.000000	-0.005198
2839.000000	0.000142
2840.000000	0.010659
2841.000000	0.007951
2842.000000	0.006207
2843.000000	0.021470
2844.000000	0.044592
2845.000000	0.062439
2846.000000	0.071111
2847.000000	0.073355
2848.000000	0.089256
2849.000000	0.132545
2850.000000	0.174186
2851.000000	0.184995
2852.000000	0.177972
2853.000000	0.173673
2854.000000	0.180687
2855.000000	0.201662
2856.000000	0.227449
2857.000000	0.247687
2858.000000	0.258975
2859.000000	0.261357
2860.000000	0.261696
2861.000000	0.266431
2862.000000	0.273481
2863.000000	0.280154
2864.000000	0.289840
2865.000000	0.304863
2866.000000	0.317219
2867.000000	0.321499
2868.000000	0.333013
2869.000000	0.365567
2870.000000	0.406233
2871.000000	0.437865
2872.000000	0.453182
2873.000000	0.453224
2874.000000	0.462468
2875.000000	0.499438
2876.000000	0.535421
2877.000000	0.540104
2878.000000	0.524000
2879.000000	0.505272
2880.000000	0.491840
2881.000000	0.488124
2882.000000	0.494780
2883.000000	0.509565
2884.000000	0.522395
2885.000000	0.523447
2886.000000	0.511792
2887.000000	0.492487
2888.000000	0.485649
2889.000000	0.505562
2890.000000	0.528131
2891.000000	0.529345
2892.000000	0.523911
2893.000000	0.529936
2894.000000	0.540392
2895.000000	0.545254
2896.000000	0.547631
2897.000000	0.552919
2898.000000	0.562528
2899.000000	0.574900
2900.000000	0.580583
2901.000000	0.574233
2902.000000	0.574821
2903.000000	0.597658
2904.000000	0.619106
2905.000000	0.616464
2906.000000	0.609737
2907.000000	0.620995
2908.000000	0.637871
2909.000000	0.645207
2910.000000	0.651130
2911.000000	0.668048
2912.000000	0.702220
2913.000000	0.750784
2914.000000	0.780533
2915.000000	0.766220
2916.000000	0.744771
2917.000000	0.755031
2918.000000	0.781333
2919.000000	0.802263
2920.000000	0.827921
2921.000000	0.869842
2922.000000	0.913787
2923.000000	0.942626
2924.000000	0.953451
2925.000000	0.949545
2926.000000	0.944732
2927.000000	0.950144
2928.000000	0.955614
2929.000000	0.951840
2930.000000	0.954294
2931.000000	0.975097
2932.000000	0.988188
2933.000000	0.970111
2934.000000	0.946000
2935.000000	0.944903
2936.000000	0.962932
2937.000000	0.986980
2938.000000	1.000000
2939.000000	0.989457
2940.000000	0.964809
2941.000000	0.939443
2942.000000	0.920477
2943.000000	0.907228
2944.000000	0.874085
2945.000000	0.804111
2946.000000	0.740006
2947.000000	0.723166
2948.000000	0.730141
2949.000000	0.729734
2950.000000	0.724599
2951.000000	0.723844
2952.000000	0.728545
2953.000000	0.734231
2954.000000	0.722288
2955.000000	0.681726
2956.000000	0.646189
2957.000000	0.646626
2958.000000	0.658577
2959.000000	0.651650
2960.000000	0.627140
2961.000000	0.594629
2962.000000	0.565156
2963.000000	0.548723
2964.000000	0.549713
2965.000000	0.567036
2966.000000	0.583315
2967.000000	0.580237
2968.000000	0.552016
2969.000000	0.504083
2970.000000	0.474210
2971.000000	0.490793
2972.000000	0.512375
2973.000000	0.497467
2974.000000	0.474291
2975.000000	0.475502
2976.000000	0.481762
2977.000000	0.468743
2978.000000	0.444135
2979.000000	0.422432
2980.000000	0.413317
2981.000000	0.420608
2982.000000	0.429480
2983.000000	0.426237
2984.000000	0.420342
2985.000000	0.421558
2986.000000	0.417699
2987.000000	0.394591
2988.000000	0.352051
2989.000000	0.297068
2990.000000	0.251311
2991.000000	0.233251
2992.000000	0.233874
2993.000000	0.238618
2994.000000	0.238223
2995.000000	0.227849
2996.000000	0.215042
2997.000000	0.207341
2998.000000	0.199868
2999.000000	0.187691
3000.000000	0.178082
3001.000000	0.176658
3002.000000	0.170206
3003.000000	0.146499
3004.000000	0.116084
3005.000000	0.093119
3006.000000	0.083443
3007.000000	0.088231
3008.000000	0.098324
3009.000000	0.103837
3010.000000	0.102312
3011.000000	0.094755
3012.000000	0.088613
3013.000000	0.088302
3014.000000	0.079691
3015.000000	0.051866
3016.000000	0.025341
3017.000000	0.021020
3018.000000	0.029934
3019.000000	0.037314
3020.000000	0.035068
3021.000000	0.020059
3022.000000	0.002295
3023.000000	-0.007366
3024.000000	-0.007807
3025.000000	-0.002035
3026.000000	0.000196
3027.000000	-0.007811
3028.000000	-0.013788
3029.000000	-0.006953
3030.000000	-0.001432
3031.000000	-0.010671
3032.000000	-0.020478
3033.000000	-0.015452
3034.000000	-0.002999
3035.000000	0.005592
3036.000000	0.006288
3037.000000	-0.001216
3038.000000	-0.009586
3039.000000	-0.011271
3040.000000	-0.005501
3041.000000	0.005447
3042.000000	0.013876
3043.000000	0.013823
3044.000000	0.011691
3045.000000	0.013536
3046.000000	0.011672
3047.000000	-0.000513
3048.000000	-0.011582
3049.000000	-0.009999
3050.000000	-0.001867
3051.000000	0.004348
3052.000000	0.008363
3053.000000	0.012193
3054.000000	0.018870
3055.000000	0.029737
3056.000000	0.038374
3057.000000	0.038738
3058.000000	0.034073
3059.000000	0.029994
3060.000000	0.032328
3061.000000	0.043912
3062.000000	0.055426
3063.000000	0.057800
3064.000000	0.055115
3065.000000	0.053161
3066.000000	0.051407
3067.000000	0.048353
3068.000000	0.044945
3069.000000	0.042564
3070.000000	0.041889
3071.000000	0.042186
3072.000000	0.037766
3073.000000	0.024110
3074.000000	0.006339
3075.000000	-0.008610
3076.000000	-0.016184
3077.000000	-0.014788
3078.000000	-0.012269
3079.000000	-0.015648
3080.000000	-0.019188
3081.000000	-0.016493
3082.000000	-0.011298
3083.000000	-0.008822
3084.000000	-0.010084
3085.000000	-0.014069
3086.000000	-0.015823
3087.000000	-0.011745
3088.000000	-0.007582
3089.000000	-0.009619
3090.000000	-0.016942
3091.000000	-0.026099
3092.000000	-0.030672
3093.000000	-0.026485
3094.000000	-0.021278
3095.000000	-0.022648
3096.000000	-0.025698
3097.000000	-0.024192
3098.000000	-0.019043
3099.000000	-0.013001
3100.000000	-0.009028
3101.000000	-0.009110
3102.000000	-0.011120
3103.000000	-0.012766
3104.000000	-0.015201
3105.000000	-0.019572
3106.000000	-0.023550
3107.000000	-0.024295
3108.000000	-0.020395
3109.000000	-0.012112
3110.000000	-0.004992
3111.000000	-0.004308
3112.000000	-0.008973
3113.000000	-0.016179
3114.000000	-0.022585
3115.000000	-0.025450
3116.000000	-0.024964
3117.000000	-0.022192
3118.000000	-0.018764
3119.000000	-0.016169
3120.000000	-0.014767
3121.000000	-0.013546
3122.000000	-0.007152
3123.000000	0.007249
3124.000000	0.018055
3125.000000	0.014391
3126.000000	0.002724
3127.000000	-0.007542
3128.000000	-0.012606
3129.000000	-0.011108
3130.000000	-0.005850
3131.000000	-0.001332
3132.000000	-0.004698
3133.000000	-0.019069
3134.000000	-0.028847
3135.000000	-0.019823
3136.000000	-0.002062
3137.000000	0.010243
3138.000000	0.010663
3139.000000	-0.001881
3140.000000	-0.014842
3141.000000	-0.016958
3142.000000	-0.015725
3143.000000	-0.019117
3144.000000	-0.018257
3145.000000	-0.004308
3146.000000	0.014547
3147.000000	0.027052
3148.000000	0.026680
3149.000000	0.011422
3150.000000	-0.007377
3151.000000	-0.017263
3152.000000	-0.014681
3153.000000	-0.001289
3154.000000	0.009311
3155.000000	0.006006
3156.000000	-0.000424
3157.000000	0.001108
3158.000000	0.001022
3159.000000	-0.009755
3160.000000	-0.017598
3161.000000	-0.009500
3162.000000	0.002372
3163.000000	0.002912
3164.000000	-0.009583
3165.000000	-0.030240
3166.000000	-0.041285
3167.000000	-0.027525
3168.000000	0.003017
3169.000000	0.034816
3170.000000	0.045561
3171.000000	0.022731
3172.000000	-0.000251
3173.000000	0.007961
3174.000000	0.024464
3175.000000	0.021857
3176.000000	0.008995
3177.000000	0.000579
3178.000000	-0.001562
3179.000000	0.000562
3180.000000	0.002455
3181.000000	0.000769
3182.000000	-0.000772
3183.000000	0.002165
3184.000000	0.009277
3185.000000	0.018160
3186.000000	0.022643
3187.000000	0.018320
3188.000000	0.011621
3189.000000	0.009711
3190.000000	0.011869
3191.000000	0.014199
3192.000000	0.007987
3193.000000	-0.011707
3194.000000	-0.029895
3195.000000	-0.031827
3196.000000	-0.023624
3197.000000	-0.014799
3198.000000	-0.007558
3199.000000	-0.002310
3200.000000	0.000407
3201.000000	0.000071
3202.000000	-0.003633
3203.000000	-0.009923
3204.000000	-0.013816
3205.000000	-0.011313
3206.000000	-0.006543
3207.000000	-0.003403
3208.000000	0.003277
3209.000000	0.016516
3210.000000	0.021666
3211.000000	0.006122
3212.000000	-0.016889
3213.000000	-0.030645
3214.000000	-0.030293
3215.000000	-0.016592
3216.000000	-0.000892
3217.000000	0.005779
3218.000000	0.004280
3219.000000	-0.000732
3220.000000	-0.001302
3221.000000	0.008028
3222.000000	0.019433
3223.000000	0.022947
3224.000000	0.013325
3225.000000	-0.008784
3226.000000	-0.023881
3227.000000	-0.016304
3228.000000	-0.004579
3229.000000	-0.007744
3230.000000	-0.012699
3231.000000	-0.004414
3232.000000	0.007723
3233.000000	0.011847
3234.000000	0.010598
3235.000000	0.009307
3236.000000	0.009566
3237.000000	0.011300
3238.000000	0.011506
3239.000000	0.008011
3240.000000	0.004881
3241.000000	0.005598
3242.000000	0.005076
3243.000000	-0.001546
3244.000000	-0.009646
3245.000000	-0.012360
3246.000000	-0.003331
3247.000000	0.018617
3248.000000	0.034432
3249.000000	0.027182
3250.000000	0.008631
3251.000000	-0.004535
3252.000000	-0.004629
3253.000000	0.010011
3254.000000	0.025957
3255.000000	0.029417
3256.000000	0.020233
3257.000000	0.003210
3258.000000	-0.010627
3259.000000	-0.012166
3260.000000	-0.006152
3261.000000	0.001243
3262.000000	0.012007
3263.000000	0.027717
3264.000000	0.040149
3265.000000	0.041072
3266.000000	0.032025
3267.000000	0.018186
3268.000000	0.009517
3269.000000	0.013259
3270.000000	0.020996
3271.000000	0.023130
3272.000000	0.020989
3273.000000	0.019173
3274.000000	0.024457
3275.000000	0.040662
3276.000000	0.057635
3277.000000	0.063794
3278.000000	0.055817
3279.000000	0.036162
3280.000000	0.022152
3281.000000	0.027398
3282.000000	0.035799
3283.000000	0.032053
3284.000000	0.033758
3285.000000	0.057113
3286.000000	0.079804
3287.000000	0.078564
3288.000000	0.064817
3289.000000	0.054817
3290.000000	0.049458
3291.000000	0.045152
3292.000000	0.035742
3293.000000	0.018343
3294.000000	0.005715
3295.000000	0.010684
3296.000000	0.030694
3297.000000	0.057268
3298.000000	0.073615
3299.000000	0.068175
3300.000000	0.058614
3301.000000	0.062895
3302.000000	0.070947
3303.000000	0.070298
3304.000000	0.066900
3305.000000	0.068251
3306.000000	0.069622
3307.000000	0.065567
3308.000000	0.060009
3309.000000	0.057635
3310.000000	0.056809
3311.000000	0.055411
3312.000000	0.055701
3313.000000	0.059869
3314.000000	0.065453
3315.000000	0.069190
3316.000000	0.069261
3317.000000	0.065505
3318.000000	0.062939
3319.000000	0.066012
3320.000000	0.071719
3321.000000	0.076701
3322.000000	0.083623
3323.000000	0.093759
3324.000000	0.096798
3325.000000	0.083819
3326.000000	0.063059
3327.000000	0.046206
3328.000000	0.041599
3329.000000	0.052583
3330.000000	0.065866
3331.000000	0.068332
3332.000000	0.064195
3333.000000	0.061018
3334.000000	0.062430
3335.000000	0.069280
3336.000000	0.075230
3337.000000	0.074351
3338.000000	0.069527
3339.000000	0.065256
3340.000000	0.063675
3341.000000	0.064819
3342.000000	0.062677
3343.000000	0.053929
3344.000000	0.052076
3345.000000	0.065880
3346.000000	0.068316
3347.000000	0.038321
3348.000000	0.014454
3349.000000	0.033016
3350.000000	0.061664
3351.000000	0.064459
3352.000000	0.059724
3353.000000	0.070084
3354.000000	0.081101
3355.000000	0.074924
3356.000000	0.057114
3357.000000	0.039787
3358.000000	0.037877
3359.000000	0.059075
3360.000000	0.079294
3361.000000	0.075854
3362.000000	0.063494
3363.000000	0.060111
3364.000000	0.058817
3365.000000	0.049639
3366.000000	0.035047
3367.000000	0.022399
3368.000000	0.026156
3369.000000	0.054004
3370.000000	0.079426
3371.000000	0.075792
3372.000000	0.050226
3373.000000	0.019256
3374.000000	0.003276
3375.000000	0.015543
3376.000000	0.036911
3377.000000	0.046016
3378.000000	0.045015
3379.000000	0.041330
3380.000000	0.039912
3381.000000	0.042532
3382.000000	0.040699
3383.000000	0.029252
3384.000000	0.026599
3385.000000	0.046970
3386.000000	0.064313
3387.000000	0.053830
3388.000000	0.036013
3389.000000	0.035356
3390.000000	0.047081
3391.000000	0.058650
3392.000000	0.055770
3393.000000	0.031224
3394.000000	0.007866
3395.000000	0.007738
3396.000000	0.019575
3397.000000	0.028104
3398.000000	0.035326
3399.000000	0.045044
3400.000000	0.050982
3401.000000	0.046802
3402.000000	0.035993
3403.000000	0.024904
3404.000000	0.021498
3405.000000	0.029498
3406.000000	0.034056
3407.000000	0.022604
3408.000000	0.010255
3409.000000	0.012782
3410.000000	0.020903
3411.000000	0.023216
3412.000000	0.024895
3413.000000	0.031987
3414.000000	0.037454
3415.000000	0.034105
3416.000000	0.027207
3417.000000	0.023493
3418.000000	0.023091
3419.000000	0.025345
3420.000000	0.033076
3421.000000	0.046514
3422.000000	0.052047
3423.000000	0.038013
3424.000000	0.014400
3425.000000	-0.004859
3426.000000	-0.011714
3427.000000	-0.003188
3428.000000	0.009281
3429.000000	0.014892
3430.000000	0.019809
3431.000000	0.030936
3432.000000	0.041173
3433.000000	0.041425
3434.000000	0.028610
3435.000000	0.005062
3436.000000	-0.011240
3437.000000	-0.005200
3438.000000	0.011085
3439.000000	0.021495
3440.000000	0.020997
3441.000000	0.010712
3442.000000	0.005294
3443.000000	0.016683
3444.000000	0.032444
3445.000000	0.037898
3446.000000	0.033774
3447.000000	0.024640
3448.000000	0.015018
3449.000000	0.008828
3450.000000	0.007646
3451.000000	0.011550
3452.000000	0.016989
3453.000000	0.019519
3454.000000	0.014761
3455.000000	0.001452
3456.000000	-0.009283
3457.000000	-0.007712
3458.000000	-0.002073
3459.000000	-0.000679
3460.000000	0.005818
3461.000000	0.023795
3462.000000	0.030081
3463.000000	0.005797
3464.000000	-0.021218
3465.000000	-0.021173
3466.000000	-0.003183
3467.000000	0.015486
3468.000000	0.023859
3469.000000	0.016780
3470.000000	0.006080
3471.000000	0.004148
3472.000000	0.008633
3473.000000	0.014183
3474.000000	0.018191
3475.000000	0.019685
3476.000000	0.021494
3477.000000	0.025732
3478.000000	0.027850
3479.000000	0.023262
3480.000000	0.013894
3481.000000	0.003591
3482.000000	-0.002645
3483.000000	-0.001533
3484.000000	0.002175
3485.000000	0.004329
3486.000000	0.011220
3487.000000	0.026816
3488.000000	0.035345
3489.000000	0.022630
3490.000000	0.000599
3491.000000	-0.015031
3492.000000	-0.019507
3493.000000	-0.013075
3494.000000	-0.005009
3495.000000	-0.003460
3496.000000	-0.003065
3497.000000	0.002217
3498.000000	0.007634
3499.000000	0.007715
3500.000000	0.004912
3501.000000	0.003117
3502.000000	0.004054
3503.000000	0.007969
3504.000000	0.011363
3505.000000	0.010897
3506.000000	0.007610
3507.000000	0.003466
3508.000000	-0.000241
3509.000000	-0.001946
3510.000000	0.001662
3511.000000	0.011086
3512.000000	0.013860
3513.000000	0.000512
3514.000000	-0.013470
3515.000000	-0.012694
3516.000000	-0.007116
3517.000000	-0.009384
3518.000000	-0.017576
3519.000000	-0.025743
3520.000000	-0.026396
3521.000000	-0.014458
3522.000000	0.003966
3523.000000	0.019576
3524.000000	0.021480
3525.000000	0.004525
3526.000000	-0.011897
3527.000000	-0.009312
3528.000000	0.002536
3529.000000	0.009588
3530.000000	0.008728
3531.000000	0.001836
3532.000000	-0.000180
3533.000000	0.011097
3534.000000	0.025087
3535.000000	0.029572
3536.000000	0.024768
3537.000000	0.014687
3538.000000	0.006098
3539.000000	0.004125
3540.000000	0.004563
3541.000000	0.002502
3542.000000	-0.000457
3543.000000	-0.001361
3544.000000	0.001647
3545.000000	0.009234
3546.000000	0.018403
3547.000000	0.025312
3548.000000	0.026410
3549.000000	0.019467
3550.000000	0.007255
3551.000000	-0.005500
3552.000000	-0.011261
3553.000000	-0.005625
3554.000000	0.000450
3555.000000	-0.003148
3556.000000	-0.007794
3557.000000	-0.004136
3558.000000	0.001359
3559.000000	0.000550
3560.000000	-0.005561
3561.000000	-0.013698
3562.000000	-0.020612
3563.000000	-0.023358
3564.000000	-0.020163
3565.000000	-0.009714
3566.000000	0.008644
3567.000000	0.031690
3568.000000	0.041350
3569.000000	0.024515
3570.000000	0.002771
3571.000000	-0.000990
3572.000000	0.006635
3573.000000	0.013212
3574.000000	0.012441
3575.000000	0.002135
3576.000000	-0.009577
3577.000000	-0.014333
3578.000000	-0.013150
3579.000000	-0.010643
3580.000000	-0.016438
3581.000000	-0.034555
3582.000000	-0.041572
3583.000000	-0.019295
3584.000000	0.002114
3585.000000	-0.006843
3586.000000	-0.024667
3587.000000	-0.025019
3588.000000	-0.013195
3589.000000	-0.001142
3590.000000	0.004237
3591.000000	0.000173
3592.000000	-0.004621
3593.000000	-0.002083
3594.000000	0.001748
3595.000000	0.000109
3596.000000	-0.002552
3597.000000	-0.000746
3598.000000	0.003959
3599.000000	0.008234
3600.000000	0.008749
