400.000000	0.004007
401.000000	0.001014
402.000000	-0.000880
403.000000	-0.001905
404.000000	-0.002292
405.000000	-0.002359
406.000000	-0.002783
407.000000	-0.003937
408.000000	-0.004631
409.000000	-0.003599
410.000000	-0.000837
411.000000	0.003016
412.000000	0.006020
413.000000	0.006416
414.000000	0.004486
415.000000	0.001054
416.000000	-0.002927
417.000000	-0.006364
418.000000	-0.007747
419.000000	-0.005877
420.000000	-0.001232
421.000000	0.005071
422.000000	0.011019
423.000000	0.014704
424.000000	0.015532
425.000000	0.013411
426.000000	0.008951
427.000000	0.003489
428.000000	0.000571
429.000000	0.003112
430.000000	0.009311
431.000000	0.016033
432.000000	0.019538
433.000000	0.017117
434.000000	0.010797
435.000000	0.003439
436.000000	-0.003497
437.000000	-0.009076
438.000000	-0.013071
439.000000	-0.015468
440.000000	-0.016392
441.000000	-0.016006
442.000000	-0.014472
443.000000	-0.011800
444.000000	-0.007390
445.000000	-0.000874
446.000000	0.006579
447.000000	0.013259
448.000000	0.016827
449.000000	0.015629
450.000000	0.011375
451.000000	0.006347
452.000000	0.001756
453.000000	-0.001812
454.000000	-0.005207
455.000000	-0.009261
456.000000	-0.013306
457.000000	-0.016324
458.000000	-0.017389
459.000000	-0.015852
460.000000	-0.012075
461.000000	-0.006767
462.000000	-0.001006
463.000000	0.003909
464.000000	0.006181
465.000000	0.004537
466.000000	0.000310
467.000000	-0.004647
468.000000	-0.009000
469.000000	-0.011837
470.000000	-0.013401
471.000000	-0.014111
472.000000	-0.013933
473.000000	-0.012728
474.000000	-0.010399
475.000000	-0.007205
476.000000	-0.004800
477.000000	-0.004838
478.000000	-0.007566
479.000000	-0.012609
480.000000	-0.018503
481.000000	-0.023485
482.000000	-0.025672
483.000000	-0.023446
484.000000	-0.016365
485.000000	-0.005652
486.000000	0.001976
487.000000	0.000512
488.000000	-0.007706
489.000000	-0.017574
490.000000	-0.021271
491.000000	-0.013499
492.000000	-0.001785
493.000000	0.004721
494.000000	0.003196
495.000000	-0.005774
496.000000	-0.014302
497.000000	-0.014937
498.000000	-0.009283
499.000000	-0.001136
500.000000	0.005986
501.000000	0.009747
502.000000	0.012269
503.000000	0.015989
504.000000	0.020147
505.000000	0.022871
506.000000	0.021047
507.000000	0.012752
508.000000	0.002077
509.000000	-0.006077
510.000000	-0.009578
511.000000	-0.007964
512.000000	-0.004682
513.000000	-0.003204
514.000000	-0.003204
515.000000	-0.003403
516.000000	-0.002515
517.000000	0.000287
518.000000	0.003983
519.000000	0.007320
520.000000	0.009957
521.000000	0.011879
522.000000	0.013472
523.000000	0.014950
524.000000	0.015436
525.000000	0.014016
526.000000	0.010717
527.000000	0.006249
528.000000	0.003126
529.000000	0.003604
530.000000	0.007116
531.000000	0.012447
532.000000	0.018599
533.000000	0.024450
534.000000	0.028147
535.000000	0.028590
536.000000	0.028415
537.000000	0.029717
538.000000	0.028684
539.000000	0.021810
540.000000	0.012719
541.000000	0.005987
542.000000	0.002862
543.000000	0.003141
544.000000	0.004146
545.000000	0.003498
546.000000	0.002502
547.000000	0.003313
548.000000	0.007817
549.000000	0.016480
550.000000	0.024359
551.000000	0.026325
552.000000	0.021923
553.000000	0.012411
554.000000	0.001232
555.000000	-0.007880
556.000000	-0.012205
557.000000	-0.009876
558.000000	-0.001428
559.000000	0.010657
560.000000	0.018518
561.000000	0.015630
562.000000	0.006179
563.000000	-0.003100
564.000000	-0.005993
565.000000	0.000608
566.000000	0.007905
567.000000	0.006688
568.000000	-0.002003
569.000000	-0.013429
570.000000	-0.018316
571.000000	-0.009747
572.000000	0.005214
573.000000	0.017254
574.000000	0.022040
575.000000	0.017909
576.000000	0.008903
577.000000	-0.000196
578.000000	-0.007358
579.000000	-0.011381
580.000000	-0.011619
581.000000	-0.008176
582.000000	-0.003616
583.000000	-0.000537
584.000000	0.000766
585.000000	0.000768
586.000000	0.000711
587.000000	0.001750
588.000000	0.003924
589.000000	0.006877
590.000000	0.009780
591.000000	0.011361
592.000000	0.009043
593.000000	0.001308
594.000000	-0.007814
595.000000	-0.013372
596.000000	-0.012274
597.000000	-0.003833
598.000000	0.004874
599.000000	0.006937
600.000000	0.003877
601.000000	-0.000268
602.000000	0.000162
603.000000	0.008613
604.000000	0.018048
605.000000	0.020497
606.000000	0.014750
607.000000	0.002581
608.000000	-0.009059
609.000000	-0.013987
610.000000	-0.014261
611.000000	-0.013621
612.000000	-0.014306
613.000000	-0.017420
614.000000	-0.021042
615.000000	-0.022980
616.000000	-0.022997
617.000000	-0.021391
618.000000	-0.018663
619.000000	-0.015427
620.000000	-0.012566
621.000000	-0.010750
622.000000	-0.009546
623.000000	-0.008049
624.000000	-0.004582
625.000000	0.001746
626.000000	0.007894
627.000000	0.010439
628.000000	0.008348
629.000000	0.002045
630.000000	-0.004607
631.000000	-0.008017
632.000000	-0.009120
633.000000	-0.009874
634.000000	-0.011795
635.000000	-0.015655
636.000000	-0.019703
637.000000	-0.021794
638.000000	-0.020742
639.000000	-0.015675
640.000000	-0.006029
641.000000	0.007461
642.000000	0.019166
643.000000	0.023563
644.000000	0.020430
645.000000	0.012097
646.000000	0.005786
647.000000	0.007279
648.000000	0.011690
649.000000	0.012381
650.000000	0.006359
651.000000	-0.006439
652.000000	-0.017993
653.000000	-0.020717
654.000000	-0.016840
655.000000	-0.011061
656.000000	-0.008139
657.000000	-0.010804
658.000000	-0.013615
659.000000	-0.010699
660.000000	-0.002635
661.000000	0.007794
662.000000	0.015449
663.000000	0.016163
664.000000	0.012011
665.000000	0.006324
666.000000	0.001198
667.000000	-0.001173
668.000000	0.003017
669.000000	0.015270
670.000000	0.026247
671.000000	0.027451
672.000000	0.024596
673.000000	0.024343
674.000000	0.022944
675.000000	0.016049
676.000000	0.007315
677.000000	0.001027
678.000000	-0.004012
679.000000	-0.009653
680.000000	-0.014878
681.000000	-0.018214
682.000000	-0.019234
683.000000	-0.017774
684.000000	-0.013682
685.000000	-0.007520
686.000000	-0.002689
687.000000	-0.002500
688.000000	-0.007061
689.000000	-0.014628
690.000000	-0.019246
691.000000	-0.015861
692.000000	-0.007232
693.000000	0.002211
694.000000	0.009174
695.000000	0.011658
696.000000	0.011701
697.000000	0.011587
698.000000	0.010549
699.000000	0.007109
700.000000	0.000005
701.000000	-0.010272
702.000000	-0.016441
703.000000	-0.011730
704.000000	0.001810
705.000000	0.018854
706.000000	0.029809
707.000000	0.027322
708.000000	0.017272
709.000000	0.007681
710.000000	0.001922
711.000000	0.001200
712.000000	0.002691
713.000000	0.003139
714.000000	0.001582
715.000000	-0.002206
716.000000	-0.007790
717.000000	-0.014111
718.000000	-0.018280
719.000000	-0.017518
720.000000	-0.011329
721.000000	0.000001
722.000000	0.015351
723.000000	0.032626
724.000000	0.046673
725.000000	0.052856
726.000000	0.051658
727.000000	0.045347
728.000000	0.038204
729.000000	0.033947
730.000000	0.032013
731.000000	0.030962
732.000000	0.030125
733.000000	0.029093
734.000000	0.027732
735.000000	0.025956
736.000000	0.023605
737.000000	0.020606
738.000000	0.017321
739.000000	0.014468
740.000000	0.013766
741.000000	0.016555
742.000000	0.021672
743.000000	0.027363
744.000000	0.032028
745.000000	0.034413
746.000000	0.034510
747.000000	0.032749
748.000000	0.030080
749.000000	0.027602
750.000000	0.026507
751.000000	0.027546
752.000000	0.029616
753.000000	0.031453
754.000000	0.032999
755.000000	0.034688
756.000000	0.037706
757.000000	0.042371
758.000000	0.044767
759.000000	0.040952
760.000000	0.031097
761.000000	0.017668
762.000000	0.008195
763.000000	0.008944
764.000000	0.016073
765.000000	0.023733
766.000000	0.028175
767.000000	0.027316
768.000000	0.023652
769.000000	0.020437
770.000000	0.019368
771.000000	0.021577
772.000000	0.027494
773.000000	0.036509
774.000000	0.044554
775.000000	0.047740
776.000000	0.046343
777.000000	0.041954
778.000000	0.037255
779.000000	0.034419
780.000000	0.032499
781.000000	0.030259
782.000000	0.028425
783.000000	0.028507
784.000000	0.033193
785.000000	0.043590
786.000000	0.053312
787.000000	0.055557
788.000000	0.049349
789.000000	0.036912
790.000000	0.027440
791.000000	0.028588
792.000000	0.034886
793.000000	0.038527
794.000000	0.035474
795.000000	0.024643
796.000000	0.012982
797.000000	0.007604
798.000000	0.008242
799.000000	0.012683
800.000000	0.018310
801.000000	0.022423
802.000000	0.022388
803.000000	0.016522
804.000000	0.006867
805.000000	-0.003465
806.000000	-0.010812
807.000000	-0.012477
808.000000	-0.010182
809.000000	-0.006520
810.000000	-0.003160
811.000000	-0.001497
812.000000	-0.002765
813.000000	-0.007170
814.000000	-0.010964
815.000000	-0.010298
816.000000	-0.004877
817.000000	0.003960
818.000000	0.011896
819.000000	0.015111
820.000000	0.014744
821.000000	0.012967
822.000000	0.011110
823.000000	0.010035
824.000000	0.009566
825.000000	0.009519
826.000000	0.010703
827.000000	0.013993
828.000000	0.019530
829.000000	0.026881
830.000000	0.034062
831.000000	0.038912
832.000000	0.040112
833.000000	0.036773
834.000000	0.028880
835.000000	0.017627
836.000000	0.008181
837.000000	0.005221
838.000000	0.007513
839.000000	0.012085
840.000000	0.014922
841.000000	0.013478
842.000000	0.012137
843.000000	0.015644
844.000000	0.023266
845.000000	0.032383
846.000000	0.038315
847.000000	0.037375
848.000000	0.031910
849.000000	0.025453
850.000000	0.020245
851.000000	0.018118
852.000000	0.020554
853.000000	0.027856
854.000000	0.035971
855.000000	0.040490
856.000000	0.039942
857.000000	0.034551
858.000000	0.028391
859.000000	0.025224
860.000000	0.023732
861.000000	0.021674
862.000000	0.018210
863.000000	0.013750
864.000000	0.012319
865.000000	0.016994
866.000000	0.023460
867.000000	0.026105
868.000000	0.021527
869.000000	0.009272
870.000000	-0.001534
871.000000	-0.002084
872.000000	0.005564
873.000000	0.016469
874.000000	0.025038
875.000000	0.026919
876.000000	0.023392
877.000000	0.016939
878.000000	0.009223
879.000000	0.001703
880.000000	-0.004157
881.000000	-0.007502
882.000000	-0.009904
883.000000	-0.012831
884.000000	-0.014900
885.000000	-0.013746
886.000000	-0.005936
887.000000	0.010110
888.000000	0.027505
889.000000	0.038705
890.000000	0.042018
891.000000	0.038202
892.000000	0.031981
893.000000	0.027593
894.000000	0.023383
895.000000	0.016859
896.000000	0.008094
897.000000	-0.001584
898.000000	-0.008375
899.000000	-0.009154
900.000000	-0.005964
901.000000	-0.001830
902.000000	0.001474
903.000000	0.002889
904.000000	0.002969
905.000000	0.002765
906.000000	0.003693
907.000000	0.006993
908.000000	0.012828
909.000000	0.020303
910.000000	0.025381
911.000000	0.024751
912.000000	0.021159
913.000000	0.018574
914.000000	0.019798
915.000000	0.025921
916.000000	0.032340
917.000000	0.034339
918.000000	0.032427
919.000000	0.028475
920.000000	0.024574
921.000000	0.022022
922.000000	0.018717
923.000000	0.012799
924.000000	0.006774
925.000000	0.004197
926.000000	0.008440
927.000000	0.020318
928.000000	0.030595
929.000000	0.030280
930.000000	0.021413
931.000000	0.009501
932.000000	0.002894
933.000000	0.007567
934.000000	0.017149
935.000000	0.023715
936.000000	0.025462
937.000000	0.022700
938.000000	0.018069
939.000000	0.014152
940.000000	0.010968
941.000000	0.008006
942.000000	0.005195
943.000000	0.002560
944.000000	0.000056
945.000000	-0.001975
946.000000	-0.001584
947.000000	0.002949
948.000000	0.010829
949.000000	0.020040
950.000000	0.026199
951.000000	0.025937
952.000000	0.022297
953.000000	0.019280
954.000000	0.018308
955.000000	0.019451
956.000000	0.019952
957.000000	0.017363
958.000000	0.013292
959.000000	0.010041
960.000000	0.008638
961.000000	0.009304
962.000000	0.010299
963.000000	0.010191
964.000000	0.010723
965.000000	0.013931
966.000000	0.019837
967.000000	0.026751
968.000000	0.028148
969.000000	0.019186
970.000000	0.006575
971.000000	-0.001143
972.000000	0.000342
973.000000	0.011125
974.000000	0.018672
975.000000	0.011956
976.000000	-0.001398
977.000000	-0.010107
978.000000	-0.006913
979.000000	0.010263
980.000000	0.026811
981.000000	0.028613
982.000000	0.020220
983.000000	0.010540
984.000000	0.007251
985.000000	0.014888
986.000000	0.026656
987.000000	0.034542
988.000000	0.036984
989.000000	0.034300
990.000000	0.027868
991.000000	0.019658
992.000000	0.012963
993.000000	0.010742
994.000000	0.013315
995.000000	0.020055
996.000000	0.029199
997.000000	0.039658
998.000000	0.054165
999.000000	0.073713
1000.000000	0.088516
1001.000000	0.089988
1002.000000	0.085117
1003.000000	0.082517
1004.000000	0.081719
1005.000000	0.080452
1006.000000	0.078320
1007.000000	0.075792
1008.000000	0.074921
1009.000000	0.076103
1010.000000	0.071522
1011.000000	0.055092
1012.000000	0.035856
1013.000000	0.024742
1014.000000	0.025072
1015.000000	0.035803
1016.000000	0.046027
1017.000000	0.045240
1018.000000	0.034422
1019.000000	0.018423
1020.000000	0.006080
1021.000000	0.004167
1022.000000	0.007225
1023.000000	0.008288
1024.000000	0.006596
1025.000000	0.003460
1026.000000	0.002253
1027.000000	0.005401
1028.000000	0.009472
1029.000000	0.010896
1030.000000	0.011423
1031.000000	0.013286
1032.000000	0.015342
1033.000000	0.016094
1034.000000	0.016006
1035.000000	0.015977
1036.000000	0.016669
1037.000000	0.018025
1038.000000	0.017333
1039.000000	0.012903
1040.000000	0.009789
1041.000000	0.012824
1042.000000	0.019210
1043.000000	0.024103
1044.000000	0.022094
1045.000000	0.010566
1046.000000	-0.001354
1047.000000	-0.004065
1048.000000	0.002196
1049.000000	0.013343
1050.000000	0.019744
1051.000000	0.014298
1052.000000	0.005586
1053.000000	0.003728
1054.000000	0.009315
1055.000000	0.019254
1056.000000	0.025245
1057.000000	0.020789
1058.000000	0.011785
1059.000000	0.005861
1060.000000	0.005153
1061.000000	0.009702
1062.000000	0.016653
1063.000000	0.022818
1064.000000	0.026567
1065.000000	0.027130
1066.000000	0.025612
1067.000000	0.023997
1068.000000	0.025903
1069.000000	0.033134
1070.000000	0.038607
1071.000000	0.035159
1072.000000	0.024186
1073.000000	0.010548
1074.000000	0.004406
1075.000000	0.013294
1076.000000	0.028931
1077.000000	0.040994
1078.000000	0.046798
1079.000000	0.046675
1080.000000	0.045384
1081.000000	0.046977
1082.000000	0.048250
1083.000000	0.045378
1084.000000	0.039313
1085.000000	0.032820
1086.000000	0.031153
1087.000000	0.037959
1088.000000	0.047972
1089.000000	0.054815
1090.000000	0.056584
1091.000000	0.053139
1092.000000	0.046930
1093.000000	0.040152
1094.000000	0.031382
1095.000000	0.019336
1096.000000	0.006915
1097.000000	-0.001496
1098.000000	0.000247
1099.000000	0.015791
1100.000000	0.037050
1101.000000	0.054452
1102.000000	0.064212
1103.000000	0.064742
1104.000000	0.057440
1105.000000	0.045091
1106.000000	0.033029
1107.000000	0.026079
1108.000000	0.024490
1109.000000	0.026771
1110.000000	0.029051
1111.000000	0.028220
1112.000000	0.026583
1113.000000	0.026894
1114.000000	0.028273
1115.000000	0.028693
1116.000000	0.025172
1117.000000	0.016145
1118.000000	0.006667
1119.000000	0.002311
1120.000000	0.004085
1121.000000	0.011429
1122.000000	0.022059
1123.000000	0.033367
1124.000000	0.043179
1125.000000	0.049988
1126.000000	0.054530
1127.000000	0.058617
1128.000000	0.066123
1129.000000	0.078388
1130.000000	0.084547
1131.000000	0.075405
1132.000000	0.060641
1133.000000	0.050264
1134.000000	0.036735
1135.000000	0.012869
1136.000000	-0.009544
1137.000000	-0.017850
1138.000000	-0.014905
1139.000000	-0.007397
1140.000000	-0.001819
1141.000000	-0.002585
1142.000000	-0.005992
1143.000000	-0.007487
1144.000000	-0.007220
1145.000000	-0.006584
1146.000000	-0.007236
1147.000000	-0.010278
1148.000000	-0.014341
1149.000000	-0.017764
1150.000000	-0.020194
1151.000000	-0.021610
1152.000000	-0.022017
1153.000000	-0.021184
1154.000000	-0.017922
1155.000000	-0.011416
1156.000000	-0.003317
1157.000000	0.004194
1158.000000	0.009276
1159.000000	0.009957
1160.000000	0.003408
1161.000000	-0.010785
1162.000000	-0.022524
1163.000000	-0.022631
1164.000000	-0.016125
1165.000000	-0.009537
1166.000000	-0.001247
1167.000000	0.009723
1168.000000	0.013630
1169.000000	0.003015
1170.000000	-0.009718
1171.000000	-0.011828
1172.000000	-0.009096
1173.000000	-0.009505
1174.000000	-0.011332
1175.000000	-0.011117
1176.000000	-0.008151
1177.000000	-0.003321
1178.000000	-0.001137
1179.000000	-0.004921
1180.000000	-0.009613
1181.000000	-0.009218
1182.000000	-0.002397
1183.000000	0.009565
1184.000000	0.019534
1185.000000	0.020893
1186.000000	0.014954
1187.000000	0.004971
1188.000000	-0.005952
1189.000000	-0.014712
1190.000000	-0.018073
1191.000000	-0.014137
1192.000000	-0.006506
1193.000000	0.000638
1194.000000	0.006294
1195.000000	0.010853
1196.000000	0.017088
1197.000000	0.026848
1198.000000	0.035916
1199.000000	0.039679
1200.000000	0.038013
1201.000000	0.032452
1202.000000	0.026680
1203.000000	0.024321
1204.000000	0.026614
1205.000000	0.033750
1206.000000	0.044125
1207.000000	0.055532
1208.000000	0.065147
1209.000000	0.069981
1210.000000	0.066986
1211.000000	0.054926
1212.000000	0.039861
1213.000000	0.029584
1214.000000	0.031529
1215.000000	0.048752
1216.000000	0.067147
1217.000000	0.072625
1218.000000	0.068314
1219.000000	0.061728
1220.000000	0.060716
1221.000000	0.070509
1222.000000	0.085521
1223.000000	0.098267
1224.000000	0.104487
1225.000000	0.101542
1226.000000	0.090062
1227.000000	0.074047
1228.000000	0.067719
1229.000000	0.082332
1230.000000	0.107042
1231.000000	0.127059
1232.000000	0.133917
1233.000000	0.124536
1234.000000	0.111052
1235.000000	0.105839
1236.000000	0.106988
1237.000000	0.109635
1238.000000	0.111364
1239.000000	0.111220
1240.000000	0.111647
1241.000000	0.114578
1242.000000	0.116496
1243.000000	0.113678
1244.000000	0.107015
1245.000000	0.099547
1246.000000	0.098291
1247.000000	0.108008
1248.000000	0.120464
1249.000000	0.126110
1250.000000	0.123144
1251.000000	0.112756
1252.000000	0.100371
1253.000000	0.091025
1254.000000	0.083971
1255.000000	0.077533
1256.000000	0.072091
1257.000000	0.068567
1258.000000	0.067999
1259.000000	0.071338
1260.000000	0.079084
1261.000000	0.090661
1262.000000	0.101655
1263.000000	0.107024
1264.000000	0.103052
1265.000000	0.088915
1266.000000	0.074042
1267.000000	0.068036
1268.000000	0.070956
1269.000000	0.080190
1270.000000	0.091982
1271.000000	0.102328
1272.000000	0.107371
1273.000000	0.104845
1274.000000	0.098704
1275.000000	0.093821
1276.000000	0.092531
1277.000000	0.095044
1278.000000	0.095600
1279.000000	0.089215
1280.000000	0.079962
1281.000000	0.073362
1282.000000	0.071665
1283.000000	0.075419
1284.000000	0.081626
1285.000000	0.087063
1286.000000	0.091153
1287.000000	0.094093
1288.000000	0.096518
1289.000000	0.099279
1290.000000	0.103635
1291.000000	0.110091
1292.000000	0.115727
1293.000000	0.117509
1294.000000	0.115379
1295.000000	0.110323
1296.000000	0.104519
1297.000000	0.100366
1298.000000	0.099937
1299.000000	0.104655
1300.000000	0.113661
1301.000000	0.125356
1302.000000	0.137462
1303.000000	0.147332
1304.000000	0.151508
1305.000000	0.147956
1306.000000	0.141150
1307.000000	0.136667
1308.000000	0.138002
1309.000000	0.146467
1310.000000	0.156720
1311.000000	0.162813
1312.000000	0.163023
1313.000000	0.157305
1314.000000	0.148096
1315.000000	0.139452
1316.000000	0.139412
1317.000000	0.153015
1318.000000	0.169316
1319.000000	0.175926
1320.000000	0.170677
1321.000000	0.155932
1322.000000	0.141974
1323.000000	0.137706
1324.000000	0.138605
1325.000000	0.138340
1326.000000	0.136763
1327.000000	0.135675
1328.000000	0.138475
1329.000000	0.146826
1330.000000	0.153839
1331.000000	0.153109
1332.000000	0.148725
1333.000000	0.147198
1334.000000	0.154235
1335.000000	0.172189
1336.000000	0.190799
1337.000000	0.199139
1338.000000	0.196249
1339.000000	0.184062
1340.000000	0.166129
1341.000000	0.146794
1342.000000	0.131944
1343.000000	0.125821
1344.000000	0.124534
1345.000000	0.122940
1346.000000	0.119019
1347.000000	0.112666
1348.000000	0.108312
1349.000000	0.109145
1350.000000	0.108849
1351.000000	0.100903
1352.000000	0.087484
1353.000000	0.073985
1354.000000	0.069965
1355.000000	0.081662
1356.000000	0.097862
1357.000000	0.105840
1358.000000	0.104283
1359.000000	0.095465
1360.000000	0.084604
1361.000000	0.076984
1362.000000	0.075209
1363.000000	0.080144
1364.000000	0.088370
1365.000000	0.095651
1366.000000	0.098781
1367.000000	0.096143
1368.000000	0.091459
1369.000000	0.088585
1370.000000	0.086583
1371.000000	0.083717
1372.000000	0.079843
1373.000000	0.075894
1374.000000	0.075523
1375.000000	0.080658
1376.000000	0.083595
1377.000000	0.076670
1378.000000	0.062009
1379.000000	0.045533
1380.000000	0.038560
1381.000000	0.048517
1382.000000	0.061875
1383.000000	0.063620
1384.000000	0.053767
1385.000000	0.036892
1386.000000	0.020796
1387.000000	0.012386
1388.000000	0.011773
1389.000000	0.016756
1390.000000	0.022688
1391.000000	0.024968
1392.000000	0.021629
1393.000000	0.013480
1394.000000	0.009812
1395.000000	0.018468
1396.000000	0.033009
1397.000000	0.044675
1398.000000	0.049692
1399.000000	0.047105
1400.000000	0.042243
1401.000000	0.040096
1402.000000	0.038026
1403.000000	0.032637
1404.000000	0.025131
1405.000000	0.018255
1406.000000	0.016354
1407.000000	0.022100
1408.000000	0.029894
1409.000000	0.033729
1410.000000	0.034248
1411.000000	0.033789
1412.000000	0.034837
1413.000000	0.038286
1414.000000	0.038534
1415.000000	0.030922
1416.000000	0.021075
1417.000000	0.016220
1418.000000	0.019705
1419.000000	0.032030
1420.000000	0.046166
1421.000000	0.054725
1422.000000	0.056396
1423.000000	0.051883
1424.000000	0.043865
1425.000000	0.035806
1426.000000	0.032337
1427.000000	0.037126
1428.000000	0.048829
1429.000000	0.064284
1430.000000	0.078084
1431.000000	0.084652
1432.000000	0.079986
1433.000000	0.063392
1434.000000	0.045830
1435.000000	0.038504
1436.000000	0.041936
1437.000000	0.053666
1438.000000	0.069996
1439.000000	0.087131
1440.000000	0.102116
1441.000000	0.112889
1442.000000	0.120111
1443.000000	0.125232
1444.000000	0.130134
1445.000000	0.136837
1446.000000	0.147497
1447.000000	0.162482
1448.000000	0.174889
1449.000000	0.178137
1450.000000	0.174214
1451.000000	0.167718
1452.000000	0.165136
1453.000000	0.170950
1454.000000	0.179741
1455.000000	0.184929
1456.000000	0.185182
1457.000000	0.180758
1458.000000	0.173033
1459.000000	0.164032
1460.000000	0.157261
1461.000000	0.155081
1462.000000	0.153775
1463.000000	0.149031
1464.000000	0.140215
1465.000000	0.128514
1466.000000	0.118703
1467.000000	0.114866
1468.000000	0.114725
1469.000000	0.114932
1470.000000	0.114227
1471.000000	0.112055
1472.000000	0.108607
1473.000000	0.104032
1474.000000	0.097574
1475.000000	0.089059
1476.000000	0.081558
1477.000000	0.078357
1478.000000	0.080370
1479.000000	0.086315
1480.000000	0.088510
1481.000000	0.080838
1482.000000	0.069858
1483.000000	0.063706
1484.000000	0.064155
1485.000000	0.070111
1486.000000	0.075382
1487.000000	0.073792
1488.000000	0.064347
1489.000000	0.048471
1490.000000	0.032094
1491.000000	0.021927
1492.000000	0.023297
1493.000000	0.037385
1494.000000	0.050176
1495.000000	0.048347
1496.000000	0.036537
1497.000000	0.023169
1498.000000	0.013838
1499.000000	0.011407
1500.000000	0.010646
1501.000000	0.006068
1502.000000	-0.000751
1503.000000	-0.006910
1504.000000	-0.011260
1505.000000	-0.013331
1506.000000	-0.013618
1507.000000	-0.012939
1508.000000	-0.012454
1509.000000	-0.013143
1510.000000	-0.014932
1511.000000	-0.017406
1512.000000	-0.019837
1513.000000	-0.021265
1514.000000	-0.020105
1515.000000	-0.015706
1516.000000	-0.011765
1517.000000	-0.012001
1518.000000	-0.015884
1519.000000	-0.020498
1520.000000	-0.017630
1521.000000	-0.002233
1522.000000	0.012786
1523.000000	0.013889
1524.000000	0.002962
1525.000000	-0.012691
1526.000000	-0.019505
1527.000000	-0.008216
1528.000000	0.006984
1529.000000	0.011644
1530.000000	0.013732
1531.000000	0.021320
1532.000000	0.020481
1533.000000	-0.000317
1534.000000	-0.021011
1535.000000	-0.021325
1536.000000	-0.011708
1537.000000	-0.007082
1538.000000	-0.009532
1539.000000	-0.016501
1540.000000	-0.019713
1541.000000	-0.012738
1542.000000	-0.002251
1543.000000	0.003874
1544.000000	0.006085
1545.000000	0.006965
1546.000000	0.009328
1547.000000	0.014947
1548.000000	0.021201
1549.000000	0.025215
1550.000000	0.027480
1551.000000	0.029264
1552.000000	0.031587
1553.000000	0.035315
1554.000000	0.040959
1555.000000	0.048365
1556.000000	0.055086
1557.000000	0.058671
1558.000000	0.058947
1559.000000	0.056527
1560.000000	0.052878
1561.000000	0.049637
1562.000000	0.048277
1563.000000	0.049799
1564.000000	0.053496
1565.000000	0.058375
1566.000000	0.064010
1567.000000	0.070418
1568.000000	0.078835
1569.000000	0.089734
1570.000000	0.099328
1571.000000	0.103707
1572.000000	0.102738
1573.000000	0.097639
1574.000000	0.091254
1575.000000	0.086634
1576.000000	0.086039
1577.000000	0.090646
1578.000000	0.098082
1579.000000	0.105349
1580.000000	0.110495
1581.000000	0.112536
1582.000000	0.113309
1583.000000	0.114946
1584.000000	0.117934
1585.000000	0.122089
1586.000000	0.126200
1587.000000	0.128752
1588.000000	0.128047
1589.000000	0.122712
1590.000000	0.112871
1591.000000	0.099815
1592.000000	0.088021
1593.000000	0.081952
1594.000000	0.082834
1595.000000	0.089081
1596.000000	0.091099
1597.000000	0.081518
1598.000000	0.069884
1599.000000	0.067466
1600.000000	0.075504
1601.000000	0.091314
1602.000000	0.106544
1603.000000	0.113177
1604.000000	0.110204
1605.000000	0.099247
1606.000000	0.085457
1607.000000	0.074394
1608.000000	0.069734
1609.000000	0.073060
1610.000000	0.079462
1611.000000	0.083794
1612.000000	0.086447
1613.000000	0.088707
1614.000000	0.089915
1615.000000	0.088804
1616.000000	0.083640
1617.000000	0.074124
1618.000000	0.066179
1619.000000	0.065650
1620.000000	0.071854
1621.000000	0.082202
1622.000000	0.093006
1623.000000	0.100509
1624.000000	0.101786
1625.000000	0.095302
1626.000000	0.084262
1627.000000	0.072902
1628.000000	0.064830
1629.000000	0.063112
1630.000000	0.069263
1631.000000	0.082157
1632.000000	0.091659
1633.000000	0.089075
1634.000000	0.080484
1635.000000	0.074732
1636.000000	0.076953
1637.000000	0.087815
1638.000000	0.093822
1639.000000	0.084044
1640.000000	0.071980
1641.000000	0.073379
1642.000000	0.088571
1643.000000	0.112248
1644.000000	0.131954
1645.000000	0.137145
1646.000000	0.132055
1647.000000	0.124113
1648.000000	0.118737
1649.000000	0.120000
1650.000000	0.128619
1651.000000	0.143085
1652.000000	0.156355
1653.000000	0.161710
1654.000000	0.159275
1655.000000	0.151614
1656.000000	0.144216
1657.000000	0.142985
1658.000000	0.152573
1659.000000	0.172733
1660.000000	0.184871
1661.000000	0.173076
1662.000000	0.150516
1663.000000	0.135325
1664.000000	0.136414
1665.000000	0.155981
1666.000000	0.178594
1667.000000	0.188942
1668.000000	0.189815
1669.000000	0.187397
1670.000000	0.183334
1671.000000	0.178006
1672.000000	0.171264
1673.000000	0.163514
1674.000000	0.157923
1675.000000	0.157123
1676.000000	0.158847
1677.000000	0.160201
1678.000000	0.160679
1679.000000	0.161139
1680.000000	0.165490
1681.000000	0.175077
1682.000000	0.177920
1683.000000	0.163773
1684.000000	0.142647
1685.000000	0.128558
1686.000000	0.131291
1687.000000	0.152192
1688.000000	0.163076
1689.000000	0.139792
1690.000000	0.103855
1691.000000	0.082903
1692.000000	0.083401
1693.000000	0.102767
1694.000000	0.123405
1695.000000	0.128744
1696.000000	0.121324
1697.000000	0.107752
1698.000000	0.091795
1699.000000	0.076780
1700.000000	0.067101
1701.000000	0.065588
1702.000000	0.067729
1703.000000	0.068524
1704.000000	0.068358
1705.000000	0.068577
1706.000000	0.068987
1707.000000	0.069204
1708.000000	0.069615
1709.000000	0.070415
1710.000000	0.070244
1711.000000	0.068715
1712.000000	0.070872
1713.000000	0.078073
1714.000000	0.071501
1715.000000	0.037118
1716.000000	0.000161
1717.000000	-0.013297
1718.000000	-0.013129
1719.000000	-0.014124
1720.000000	-0.014794
1721.000000	-0.011081
1722.000000	-0.004938
1723.000000	0.000816
1724.000000	0.005907
1725.000000	0.010025
1726.000000	0.010180
1727.000000	0.004125
1728.000000	-0.004724
1729.000000	-0.011160
1730.000000	-0.008458
1731.000000	0.006288
1732.000000	0.019195
1733.000000	0.017130
1734.000000	0.006739
1735.000000	-0.001603
1736.000000	-0.002388
1737.000000	0.005902
1738.000000	0.013701
1739.000000	0.012043
1740.000000	0.005456
1741.000000	0.000413
1742.000000	-0.002320
1743.000000	-0.003626
1744.000000	-0.005282
1745.000000	-0.008475
1746.000000	-0.011149
1747.000000	-0.011400
1748.000000	-0.011176
1749.000000	-0.012678
1750.000000	-0.015250
1751.000000	-0.017192
1752.000000	-0.015471
1753.000000	-0.008310
1754.000000	-0.000294
1755.000000	0.003311
1756.000000	0.000877
1757.000000	-0.007556
1758.000000	-0.018921
1759.000000	-0.028552
1760.000000	-0.028426
1761.000000	-0.013894
1762.000000	0.002846
1763.000000	0.008697
1764.000000	0.003827
1765.000000	-0.007508
1766.000000	-0.017958
1767.000000	-0.021133
1768.000000	-0.017565
1769.000000	-0.009865
1770.000000	-0.002046
1771.000000	0.002231
1772.000000	0.002111
1773.000000	-0.001996
1774.000000	-0.007421
1775.000000	-0.011165
1776.000000	-0.011175
1777.000000	-0.006878
1778.000000	-0.002680
1779.000000	-0.003258
1780.000000	-0.009386
1781.000000	-0.019365
1782.000000	-0.025520
1783.000000	-0.021269
1784.000000	-0.010392
1785.000000	0.001323
1786.000000	0.010417
1787.000000	0.014433
1788.000000	0.012611
1789.000000	0.005070
1790.000000	-0.006234
1791.000000	-0.018366
1792.000000	-0.026307
1793.000000	-0.025829
1794.000000	-0.017954
1795.000000	-0.005626
1796.000000	0.005764
1797.000000	0.011196
1798.000000	0.009566
1799.000000	0.001661
1800.000000	-0.008080
1801.000000	-0.015055
1802.000000	-0.017658
1803.000000	-0.015942
1804.000000	-0.013612
1805.000000	-0.013799
1806.000000	-0.013690
1807.000000	-0.010259
1808.000000	-0.005583
1809.000000	-0.002661
1810.000000	-0.003065
1811.000000	-0.007033
1812.000000	-0.010876
1813.000000	-0.010730
1814.000000	-0.005954
1815.000000	0.002613
1816.000000	0.011447
1817.000000	0.016644
1818.000000	0.015481
1819.000000	0.007368
1820.000000	-0.000926
1821.000000	-0.003087
1822.000000	-0.001987
1823.000000	-0.001948
1824.000000	-0.003918
1825.000000	-0.007473
1826.000000	-0.010067
1827.000000	-0.009981
1828.000000	-0.010922
1829.000000	-0.015681
1830.000000	-0.017968
1831.000000	-0.012182
1832.000000	-0.004569
1833.000000	-0.001815
1834.000000	-0.000516
1835.000000	0.003018
1836.000000	0.003537
1837.000000	-0.003748
1838.000000	-0.012837
1839.000000	-0.016940
1840.000000	-0.016891
1841.000000	-0.015107
1842.000000	-0.012708
1843.000000	-0.010417
1844.000000	-0.008679
1845.000000	-0.007910
1846.000000	-0.008702
1847.000000	-0.011449
1848.000000	-0.015579
1849.000000	-0.019473
1850.000000	-0.018285
1851.000000	-0.008866
1852.000000	0.001906
1853.000000	0.006619
1854.000000	0.005738
1855.000000	0.002277
1856.000000	0.001558
1857.000000	0.006459
1858.000000	0.007785
1859.000000	-0.002158
1860.000000	-0.012988
1861.000000	-0.012951
1862.000000	-0.002891
1863.000000	0.011285
1864.000000	0.016004
1865.000000	0.002469
1866.000000	-0.011347
1867.000000	-0.007550
1868.000000	0.004683
1869.000000	0.011591
1870.000000	0.008162
1871.000000	-0.005332
1872.000000	-0.016224
1873.000000	-0.013115
1874.000000	-0.002081
1875.000000	0.007782
1876.000000	0.012782
1877.000000	0.011315
1878.000000	0.004743
1879.000000	-0.004144
1880.000000	-0.009797
1881.000000	-0.007642
1882.000000	0.000242
1883.000000	0.009986
1884.000000	0.017200
1885.000000	0.018171
1886.000000	0.012412
1887.000000	0.002117
1888.000000	-0.003012
1889.000000	0.004178
1890.000000	0.013145
1891.000000	0.012165
1892.000000	0.002489
1893.000000	-0.010735
1894.000000	-0.019753
1895.000000	-0.018494
1896.000000	-0.010214
1897.000000	-0.000364
1898.000000	0.006147
1899.000000	0.005787
1900.000000	-0.000022
1901.000000	-0.008211
1902.000000	-0.014073
1903.000000	-0.014415
1904.000000	-0.013751
1905.000000	-0.016412
1906.000000	-0.018298
1907.000000	-0.014642
1908.000000	-0.006436
1909.000000	0.003209
1910.000000	0.008453
1911.000000	0.005435
1912.000000	0.000930
1913.000000	0.001923
1914.000000	0.005604
1915.000000	0.007502
1916.000000	0.006282
1917.000000	0.002175
1918.000000	-0.001479
1919.000000	-0.001469
1920.000000	0.001774
1921.000000	0.006680
1922.000000	0.010747
1923.000000	0.011764
1924.000000	0.009611
1925.000000	0.005263
1926.000000	0.001984
1927.000000	0.002099
1928.000000	0.001903
1929.000000	-0.002231
1930.000000	-0.007572
1931.000000	-0.010379
1932.000000	-0.009214
1933.000000	-0.004285
1934.000000	-0.000085
1935.000000	-0.000232
1936.000000	-0.000558
1937.000000	0.003251
1938.000000	0.008307
1939.000000	0.010531
1940.000000	0.008282
1941.000000	0.001867
1942.000000	-0.003051
1943.000000	-0.000947
1944.000000	0.007794
1945.000000	0.020481
1946.000000	0.031105
1947.000000	0.033898
1948.000000	0.027361
1949.000000	0.013235
1950.000000	0.001949
1951.000000	0.002110
1952.000000	0.006334
1953.000000	0.005567
1954.000000	0.000056
1955.000000	-0.007336
1956.000000	-0.012591
1957.000000	-0.012282
1958.000000	-0.006514
1959.000000	0.003125
1960.000000	0.012640
1961.000000	0.018293
1962.000000	0.019776
1963.000000	0.017944
1964.000000	0.014890
1965.000000	0.012872
1966.000000	0.013586
1967.000000	0.017466
1968.000000	0.020454
1969.000000	0.018730
1970.000000	0.013914
1971.000000	0.008928
1972.000000	0.006452
1973.000000	0.007805
1974.000000	0.009113
1975.000000	0.006341
1976.000000	0.000000
1977.000000	-0.007719
1978.000000	-0.012450
1979.000000	-0.010122
1980.000000	-0.000009
1981.000000	0.015324
1982.000000	0.023497
1983.000000	0.014982
1984.000000	0.001462
1985.000000	-0.003537
1986.000000	-0.000334
1987.000000	0.006787
1988.000000	0.011525
1989.000000	0.009446
1990.000000	0.005608
1991.000000	0.005885
1992.000000	0.009918
1993.000000	0.015578
1994.000000	0.019872
1995.000000	0.020001
1996.000000	0.014801
1997.000000	0.004559
1998.000000	-0.006259
1999.000000	-0.012668
2000.000000	-0.011799
2001.000000	-0.002822
2002.000000	0.009043
2003.000000	0.017578
2004.000000	0.018613
2005.000000	0.011017
2006.000000	0.003751
2007.000000	0.005141
2008.000000	0.010863
2009.000000	0.014460
2010.000000	0.013576
2011.000000	0.007540
2012.000000	-0.001683
2013.000000	-0.010984
2014.000000	-0.015305
2015.000000	-0.011219
2016.000000	-0.003776
2017.000000	0.001338
2018.000000	0.004381
2019.000000	0.006940
2020.000000	0.009994
2021.000000	0.012906
2022.000000	0.009195
2023.000000	-0.005285
2024.000000	-0.019508
2025.000000	-0.021852
2026.000000	-0.013482
2027.000000	0.000797
2028.000000	0.014412
2029.000000	0.021633
2030.000000	0.021865
2031.000000	0.016917
2032.000000	0.013073
2033.000000	0.015352
2034.000000	0.019233
2035.000000	0.018659
2036.000000	0.010978
2037.000000	-0.003225
2038.000000	-0.013832
2039.000000	-0.011920
2040.000000	-0.002880
2041.000000	0.005796
2042.000000	0.012517
2043.000000	0.017230
2044.000000	0.020145
2045.000000	0.021224
2046.000000	0.019176
2047.000000	0.013718
2048.000000	0.009850
2049.000000	0.011879
2050.000000	0.016069
2051.000000	0.017417
2052.000000	0.013889
2053.000000	0.005434
2054.000000	-0.003041
2055.000000	-0.006339
2056.000000	-0.003056
2057.000000	0.006020
2058.000000	0.015126
2059.000000	0.018563
2060.000000	0.015861
2061.000000	0.009036
2062.000000	0.004816
2063.000000	0.007946
2064.000000	0.010534
2065.000000	0.004542
2066.000000	-0.006000
2067.000000	-0.014668
2068.000000	-0.017523
2069.000000	-0.012280
2070.000000	-0.000785
2071.000000	0.013146
2072.000000	0.021953
2073.000000	0.019877
2074.000000	0.012091
2075.000000	0.005315
2076.000000	0.001509
2077.000000	0.000721
2078.000000	0.000108
2079.000000	-0.002741
2080.000000	-0.005615
2081.000000	-0.005654
2082.000000	-0.002029
2083.000000	0.004915
2084.000000	0.012167
2085.000000	0.016347
2086.000000	0.015251
2087.000000	0.008672
2088.000000	0.003201
2089.000000	0.004662
2090.000000	0.008999
2091.000000	0.011034
2092.000000	0.010971
2093.000000	0.010367
2094.000000	0.010812
2095.000000	0.012813
2096.000000	0.012525
2097.000000	0.007045
2098.000000	0.001592
2099.000000	0.001713
2100.000000	0.006145
2101.000000	0.011980
2102.000000	0.016549
2103.000000	0.018099
2104.000000	0.018312
2105.000000	0.019023
2106.000000	0.019253
2107.000000	0.017905
2108.000000	0.016215
2109.000000	0.015600
2110.000000	0.015857
2111.000000	0.016024
2112.000000	0.013715
2113.000000	0.007687
2114.000000	0.002698
2115.000000	0.003051
2116.000000	0.005214
2117.000000	0.004764
2118.000000	0.001527
2119.000000	-0.002941
2120.000000	-0.004432
2121.000000	0.000964
2122.000000	0.013308
2123.000000	0.029738
2124.000000	0.039559
2125.000000	0.033857
2126.000000	0.018689
2127.000000	0.004059
2128.000000	0.000802
2129.000000	0.014529
2130.000000	0.029135
2131.000000	0.028754
2132.000000	0.020210
2133.000000	0.013705
2134.000000	0.010273
2135.000000	0.008521
2136.000000	0.006515
2137.000000	0.003437
2138.000000	0.003462
2139.000000	0.009542
2140.000000	0.014736
2141.000000	0.012245
2142.000000	0.005720
2143.000000	0.000633
2144.000000	-0.000722
2145.000000	0.001714
2146.000000	0.002220
2147.000000	-0.003340
2148.000000	-0.006993
2149.000000	-0.001151
2150.000000	0.008120
2151.000000	0.013056
2152.000000	0.012744
2153.000000	0.008989
2154.000000	0.007625
2155.000000	0.011879
2156.000000	0.010527
2157.000000	-0.005595
2158.000000	-0.022967
2159.000000	-0.026512
2160.000000	-0.017620
2161.000000	-0.002750
2162.000000	0.007830
2163.000000	0.006136
2164.000000	-0.002872
2165.000000	-0.011176
2166.000000	-0.011475
2167.000000	0.000089
2168.000000	0.014311
2169.000000	0.020438
2170.000000	0.014581
2171.000000	-0.001841
2172.000000	-0.013047
2173.000000	-0.005619
2174.000000	0.010044
2175.000000	0.020458
2176.000000	0.023615
2177.000000	0.020757
2178.000000	0.014660
2179.000000	0.008316
2180.000000	0.004037
2181.000000	0.003674
2182.000000	0.007904
2183.000000	0.016111
2184.000000	0.023683
2185.000000	0.026091
2186.000000	0.023125
2187.000000	0.016162
2188.000000	0.008593
2189.000000	0.003696
2190.000000	0.002277
2191.000000	0.004185
2192.000000	0.007916
2193.000000	0.011601
2194.000000	0.013265
2195.000000	0.011552
2196.000000	0.007689
2197.000000	0.004140
2198.000000	0.005726
2199.000000	0.014643
2200.000000	0.020227
2201.000000	0.013091
2202.000000	0.001828
2203.000000	-0.002747
2204.000000	0.001106
2205.000000	0.011145
2206.000000	0.018276
2207.000000	0.015415
2208.000000	0.010358
2209.000000	0.011122
2210.000000	0.011733
2211.000000	0.005326
2212.000000	-0.004533
2213.000000	-0.011935
2214.000000	-0.012035
2215.000000	-0.003180
2216.000000	0.004589
2217.000000	0.002496
2218.000000	-0.001478
2219.000000	0.001968
2220.000000	0.010669
2221.000000	0.019924
2222.000000	0.026353
2223.000000	0.027937
2224.000000	0.026790
2225.000000	0.025981
2226.000000	0.028278
2227.000000	0.034132
2228.000000	0.035014
2229.000000	0.023544
2230.000000	0.005909
2231.000000	-0.008282
2232.000000	-0.009303
2233.000000	0.007144
2234.000000	0.023540
2235.000000	0.022990
2236.000000	0.012913
2237.000000	0.004780
2238.000000	0.001949
2239.000000	0.004887
2240.000000	0.010610
2241.000000	0.015310
2242.000000	0.015327
2243.000000	0.008669
2244.000000	-0.000118
2245.000000	-0.005594
2246.000000	-0.005270
2247.000000	0.001388
2248.000000	0.010045
2249.000000	0.015426
2250.000000	0.013373
2251.000000	0.002847
2252.000000	-0.005842
2253.000000	-0.003238
2254.000000	0.005343
2255.000000	0.012172
2256.000000	0.014628
2257.000000	0.012096
2258.000000	0.006863
2259.000000	0.002000
2260.000000	0.000825
2261.000000	0.004807
2262.000000	0.007787
2263.000000	0.003972
2264.000000	-0.003332
2265.000000	-0.009303
2266.000000	-0.012149
2267.000000	-0.011457
2268.000000	-0.009290
2269.000000	-0.007381
2270.000000	-0.003662
2271.000000	0.003132
2272.000000	0.007246
2273.000000	0.003741
2274.000000	-0.002043
2275.000000	-0.003276
2276.000000	0.002555
2277.000000	0.014681
2278.000000	0.023514
2279.000000	0.020255
2280.000000	0.008077
2281.000000	-0.006421
2282.000000	-0.014910
2283.000000	-0.011287
2284.000000	-0.000083
2285.000000	0.011171
2286.000000	0.013584
2287.000000	0.001817
2288.000000	-0.013892
2289.000000	-0.021719
2290.000000	-0.019081
2291.000000	-0.007274
2292.000000	0.006127
2293.000000	0.013293
2294.000000	0.011661
2295.000000	0.001878
2296.000000	-0.007850
2297.000000	-0.009947
2298.000000	-0.006935
2299.000000	-0.002947
2300.000000	0.001521
2301.000000	0.006733
2302.000000	0.012339
2303.000000	0.017727
2304.000000	0.021839
2305.000000	0.023369
2306.000000	0.020478
2307.000000	0.012972
2308.000000	0.007781
2309.000000	0.010811
2310.000000	0.016762
2311.000000	0.018606
2312.000000	0.013623
2313.000000	0.001702
2314.000000	-0.011128
2315.000000	-0.018071
2316.000000	-0.015409
2317.000000	-0.002581
2318.000000	0.011423
2319.000000	0.017649
2320.000000	0.016832
2321.000000	0.012525
2322.000000	0.009879
2323.000000	0.013047
2324.000000	0.020600
2325.000000	0.029127
2326.000000	0.032861
2327.000000	0.027916
2328.000000	0.020299
2329.000000	0.016848
2330.000000	0.017845
2331.000000	0.021233
2332.000000	0.022152
2333.000000	0.017019
2334.000000	0.010170
2335.000000	0.006562
2336.000000	0.005723
2337.000000	0.005805
2338.000000	0.004888
2339.000000	0.001690
2340.000000	-0.002439
2341.000000	-0.005228
2342.000000	-0.003363
2343.000000	0.004838
2344.000000	0.013489
2345.000000	0.016656
2346.000000	0.015775
2347.000000	0.013765
2348.000000	0.012111
2349.000000	0.011693
2350.000000	0.012392
2351.000000	0.013803
2352.000000	0.015364
2353.000000	0.016346
2354.000000	0.015497
2355.000000	0.012032
2356.000000	0.007558
2357.000000	0.004156
2358.000000	0.003418
2359.000000	0.006299
2360.000000	0.011694
2361.000000	0.017370
2362.000000	0.018643
2363.000000	0.012557
2364.000000	0.005519
2365.000000	0.004258
2366.000000	0.007422
2367.000000	0.011674
2368.000000	0.013817
2369.000000	0.011501
2370.000000	0.005632
2371.000000	-0.001412
2372.000000	-0.004624
2373.000000	-0.000260
2374.000000	0.007749
2375.000000	0.014070
2376.000000	0.015428
2377.000000	0.010198
2378.000000	0.001294
2379.000000	-0.006894
2380.000000	-0.008600
2381.000000	-0.000552
2382.000000	0.009168
2383.000000	0.011737
2384.000000	0.006732
2385.000000	-0.003328
2386.000000	-0.012553
2387.000000	-0.015284
2388.000000	-0.010166
2389.000000	0.001312
2390.000000	0.010600
2391.000000	0.010511
2392.000000	0.006379
2393.000000	0.004858
2394.000000	0.005362
2395.000000	0.005797
2396.000000	0.005283
2397.000000	0.003513
2398.000000	0.001270
2399.000000	-0.000471
2400.000000	-0.001043
2401.000000	-0.000448
2402.000000	-0.001055
2403.000000	-0.004497
2404.000000	-0.007088
2405.000000	-0.004845
2406.000000	0.002093
2407.000000	0.011873
2408.000000	0.019906
2409.000000	0.021853
2410.000000	0.017118
2411.000000	0.007219
2412.000000	-0.001621
2413.000000	-0.003711
2414.000000	-0.000188
2415.000000	0.006000
2416.000000	0.011490
2417.000000	0.013461
2418.000000	0.011679
2419.000000	0.007153
2420.000000	0.003292
2421.000000	0.002528
2422.000000	0.000992
2423.000000	-0.004760
2424.000000	-0.010177
2425.000000	-0.009945
2426.000000	-0.003694
2427.000000	0.006466
2428.000000	0.013454
2429.000000	0.012020
2430.000000	0.009199
2431.000000	0.012054
2432.000000	0.015476
2433.000000	0.013422
2434.000000	0.008281
2435.000000	0.003891
2436.000000	0.001444
2437.000000	0.000404
2438.000000	-0.004033
2439.000000	-0.014594
2440.000000	-0.021420
2441.000000	-0.015429
2442.000000	-0.003232
2443.000000	0.006290
2444.000000	0.010864
2445.000000	0.010452
2446.000000	0.007354
2447.000000	0.004050
2448.000000	0.001406
2449.000000	-0.000051
2450.000000	0.000472
2451.000000	0.003289
2452.000000	0.006538
2453.000000	0.008547
2454.000000	0.010567
2455.000000	0.014020
2456.000000	0.018077
2457.000000	0.020682
2458.000000	0.017119
2459.000000	0.005130
2460.000000	-0.005040
2461.000000	-0.004010
2462.000000	0.001657
2463.000000	0.003651
2464.000000	0.002635
2465.000000	0.001484
2466.000000	0.002956
2467.000000	0.008289
2468.000000	0.012760
2469.000000	0.012065
2470.000000	0.009533
2471.000000	0.008818
2472.000000	0.007231
2473.000000	0.002114
2474.000000	-0.002726
2475.000000	-0.002881
2476.000000	0.001985
2477.000000	0.009605
2478.000000	0.011362
2479.000000	0.001010
2480.000000	-0.011864
2481.000000	-0.016293
2482.000000	-0.011624
2483.000000	-0.000810
2484.000000	0.009092
2485.000000	0.011512
2486.000000	0.005951
2487.000000	-0.004923
2488.000000	-0.011823
2489.000000	-0.008169
2490.000000	-0.004811
2491.000000	-0.012086
2492.000000	-0.020835
2493.000000	-0.020349
2494.000000	-0.013218
2495.000000	-0.004854
2496.000000	0.001326
2497.000000	0.004212
2498.000000	0.009917
2499.000000	0.022280
2500.000000	0.028821
2501.000000	0.018929
2502.000000	0.005796
2503.000000	0.003775
2504.000000	0.008056
2505.000000	0.010303
2506.000000	0.007241
2507.000000	-0.000791
2508.000000	-0.004065
2509.000000	0.004030
2510.000000	0.008252
2511.000000	-0.004860
2512.000000	-0.019777
2513.000000	-0.018822
2514.000000	-0.004702
2515.000000	0.014457
2516.000000	0.029237
2517.000000	0.032106
2518.000000	0.024371
2519.000000	0.010697
2520.000000	0.000340
2521.000000	0.000528
2522.000000	0.005802
2523.000000	0.009017
2524.000000	0.008986
2525.000000	0.006177
2526.000000	0.001725
2527.000000	-0.003146
2528.000000	-0.007518
2529.000000	-0.009949
2530.000000	-0.006603
2531.000000	0.003752
2532.000000	0.009531
2533.000000	0.001157
2534.000000	-0.010103
2535.000000	-0.011054
2536.000000	-0.001632
2537.000000	0.013404
2538.000000	0.023128
2539.000000	0.018566
2540.000000	0.004713
2541.000000	-0.009813
2542.000000	-0.015867
2543.000000	-0.008482
2544.000000	0.000062
2545.000000	-0.002325
2546.000000	-0.009718
2547.000000	-0.012522
2548.000000	-0.004473
2549.000000	0.014913
2550.000000	0.026346
2551.000000	0.013846
2552.000000	-0.005533
2553.000000	-0.012150
2554.000000	-0.009037
2555.000000	-0.003765
2556.000000	0.000632
2557.000000	0.002851
2558.000000	0.003998
2559.000000	0.005472
2560.000000	0.007448
2561.000000	0.008980
2562.000000	0.005847
2563.000000	-0.004479
2564.000000	-0.014498
2565.000000	-0.016375
2566.000000	-0.010980
2567.000000	-0.001674
2568.000000	0.006909
2569.000000	0.010768
2570.000000	0.009702
2571.000000	0.005353
2572.000000	0.002921
2573.000000	0.005920
2574.000000	0.007562
2575.000000	0.001627
2576.000000	-0.005522
2577.000000	-0.006545
2578.000000	-0.002785
2579.000000	0.001846
2580.000000	0.001849
2581.000000	-0.005924
2582.000000	-0.013638
2583.000000	-0.012898
2584.000000	-0.004043
2585.000000	0.009417
2586.000000	0.020031
2587.000000	0.021698
2588.000000	0.017658
2589.000000	0.013046
2590.000000	0.011223
2591.000000	0.013330
2592.000000	0.013395
2593.000000	0.006038
2594.000000	-0.004623
2595.000000	-0.012630
2596.000000	-0.014149
2597.000000	-0.007260
2598.000000	0.004414
2599.000000	0.015961
2600.000000	0.022842
2601.000000	0.021763
2602.000000	0.014040
2603.000000	0.003095
2604.000000	-0.003839
2605.000000	-0.002050
2606.000000	-0.000711
2607.000000	-0.008196
2608.000000	-0.015782
2609.000000	-0.013454
2610.000000	-0.003126
2611.000000	0.009871
2612.000000	0.018468
2613.000000	0.018023
2614.000000	0.015334
2615.000000	0.017201
2616.000000	0.018981
2617.000000	0.015115
2618.000000	0.007836
2619.000000	0.000882
2620.000000	-0.003762
2621.000000	-0.005152
2622.000000	-0.004744
2623.000000	-0.004449
2624.000000	-0.005581
2625.000000	-0.007997
2626.000000	-0.006319
2627.000000	0.003464
2628.000000	0.014652
2629.000000	0.019633
2630.000000	0.017858
2631.000000	0.011036
2632.000000	0.002836
2633.000000	-0.003039
2634.000000	-0.004724
2635.000000	-0.001537
2636.000000	0.004303
2637.000000	0.009754
2638.000000	0.011377
2639.000000	0.007258
2640.000000	0.001978
2641.000000	0.000569
2642.000000	0.003379
2643.000000	0.009028
2644.000000	0.013928
2645.000000	0.014537
2646.000000	0.009722
2647.000000	-0.000139
2648.000000	-0.011034
2649.000000	-0.018401
2650.000000	-0.019103
2651.000000	-0.012689
2652.000000	-0.008039
2653.000000	-0.013003
2654.000000	-0.021995
2655.000000	-0.026701
2656.000000	-0.021347
2657.000000	-0.004489
2658.000000	0.010519
2659.000000	0.011432
2660.000000	0.005233
2661.000000	0.001684
2662.000000	0.002428
2663.000000	0.006672
2664.000000	0.012010
2665.000000	0.015936
2666.000000	0.017154
2667.000000	0.015207
2668.000000	0.011770
2669.000000	0.008971
2670.000000	0.008617
2671.000000	0.011337
2672.000000	0.013363
2673.000000	0.011092
2674.000000	0.005969
2675.000000	0.000551
2676.000000	-0.003202
2677.000000	-0.003918
2678.000000	-0.001982
2679.000000	0.001627
2680.000000	0.005295
2681.000000	0.007790
2682.000000	0.010033
2683.000000	0.012281
2684.000000	0.009992
2685.000000	0.000300
2686.000000	-0.008162
2687.000000	-0.006944
2688.000000	0.000156
2689.000000	0.006516
2690.000000	0.006461
2691.000000	-0.001945
2692.000000	-0.006627
2693.000000	0.002770
2694.000000	0.015695
2695.000000	0.020572
2696.000000	0.022622
2697.000000	0.028384
2698.000000	0.032883
2699.000000	0.029952
2700.000000	0.020169
2701.000000	0.006886
2702.000000	-0.002181
2703.000000	-0.000789
2704.000000	0.007067
2705.000000	0.014774
2706.000000	0.015505
2707.000000	0.005290
2708.000000	-0.008183
2709.000000	-0.015531
2710.000000	-0.012235
2711.000000	0.002668
2712.000000	0.020778
2713.000000	0.032101
2714.000000	0.029643
2715.000000	0.011605
2716.000000	-0.006023
2717.000000	-0.007849
2718.000000	0.001340
2719.000000	0.012414
2720.000000	0.019062
2721.000000	0.017690
2722.000000	0.012750
2723.000000	0.009692
2724.000000	0.009897
2725.000000	0.012360
2726.000000	0.010598
2727.000000	0.000015
2728.000000	-0.010946
2729.000000	-0.013192
2730.000000	-0.008058
2731.000000	0.000862
2732.000000	0.011373
2733.000000	0.021666
2734.000000	0.030089
2735.000000	0.035132
2736.000000	0.035700
2737.000000	0.031178
2738.000000	0.022447
2739.000000	0.011530
2740.000000	0.003529
2741.000000	0.002911
2742.000000	0.008540
2743.000000	0.017235
2744.000000	0.023248
2745.000000	0.021807
2746.000000	0.014613
2747.000000	0.005193
2748.000000	-0.002094
2749.000000	-0.003977
2750.000000	-0.002376
2751.000000	0.000121
2752.000000	0.003430
2753.000000	0.007778
2754.000000	0.012125
2755.000000	0.015314
2756.000000	0.016996
2757.000000	0.017210
2758.000000	0.016728
2759.000000	0.016320
2760.000000	0.016006
2761.000000	0.015444
2762.000000	0.013592
2763.000000	0.009915
2764.000000	0.006604
2765.000000	0.005846
2766.000000	0.007094
2767.000000	0.008655
2768.000000	0.007000
2769.000000	-0.000477
2770.000000	-0.010866
2771.000000	-0.019968
2772.000000	-0.023958
2773.000000	-0.020547
2774.000000	-0.013211
2775.000000	-0.005798
2776.000000	0.002120
2777.000000	0.010181
2778.000000	0.010602
2779.000000	-0.001748
2780.000000	-0.013960
2781.000000	-0.013207
2782.000000	-0.005030
2783.000000	0.000976
2784.000000	-0.002625
2785.000000	-0.018413
2786.000000	-0.031692
2787.000000	-0.028989
2788.000000	-0.019005
2789.000000	-0.012721
2790.000000	-0.008054
2791.000000	-0.001863
2792.000000	0.000178
2793.000000	-0.007242
2794.000000	-0.019165
2795.000000	-0.028533
2796.000000	-0.030154
2797.000000	-0.021575
2798.000000	-0.009442
2799.000000	-0.001028
2800.000000	0.002982
2801.000000	0.003798
2802.000000	0.003616
2803.000000	0.004085
2804.000000	0.003666
2805.000000	0.000747
2806.000000	-0.003397
2807.000000	-0.007082
2808.000000	-0.009869
2809.000000	-0.012003
2810.000000	-0.015208
2811.000000	-0.020712
2812.000000	-0.026275
2813.000000	-0.027779
2814.000000	-0.017062
2815.000000	0.008426
2816.000000	0.024745
2817.000000	0.010735
2818.000000	-0.017153
2819.000000	-0.036461
2820.000000	-0.038313
2821.000000	-0.021743
2822.000000	-0.003837
2823.000000	-0.000156
2824.000000	-0.002109
2825.000000	0.000677
2826.000000	0.001537
2827.000000	-0.006504
2828.000000	-0.014627
2829.000000	-0.013165
2830.000000	-0.004842
2831.000000	0.004965
2832.000000	0.012664
2833.000000	0.016188
2834.000000	0.017775
2835.000000	0.020242
2836.000000	0.024417
2837.000000	0.030326
2838.000000	0.036766
2839.000000	0.042518
2840.000000	0.047539
2841.000000	0.051912
2842.000000	0.055069
2843.000000	0.056863
2844.000000	0.059504
2845.000000	0.064817
2846.000000	0.070744
2847.000000	0.074456
2848.000000	0.073925
2849.000000	0.071135
2850.000000	0.083313
2851.000000	0.121993
2852.000000	0.160687
2853.000000	0.173866
2854.000000	0.177853
2855.000000	0.192995
2856.000000	0.213868
2857.000000	0.229806
2858.000000	0.234941
2859.000000	0.227788
2860.000000	0.219582
2861.000000	0.221703
2862.000000	0.233371
2863.000000	0.250451
2864.000000	0.267537
2865.000000	0.280677
2866.000000	0.293005
2867.000000	0.309145
2868.000000	0.332588
2869.000000	0.364042
2870.000000	0.394198
2871.000000	0.413449
2872.000000	0.420998
2873.000000	0.420647
2874.000000	0.425793
2875.000000	0.446038
2876.000000	0.466201
2877.000000	0.471644
2878.000000	0.474683
2879.000000	0.488175
2880.000000	0.500192
2881.000000	0.498068
2882.000000	0.490970
2883.000000	0.490491
2884.000000	0.496094
2885.000000	0.502904
2886.000000	0.500813
2887.000000	0.484288
2888.000000	0.471341
2889.000000	0.478404
2890.000000	0.492047
2891.000000	0.496552
2892.000000	0.496907
2893.000000	0.501137
2894.000000	0.508705
2895.000000	0.517122
2896.000000	0.524641
2897.000000	0.530106
2898.000000	0.533979
2899.000000	0.537187
2900.000000	0.540899
2901.000000	0.546545
2902.000000	0.556365
2903.000000	0.571990
2904.000000	0.591802
2905.000000	0.613122
2906.000000	0.632268
2907.000000	0.645517
2908.000000	0.650001
2909.000000	0.645484
2910.000000	0.641417
2911.000000	0.647884
2912.000000	0.667808
2913.000000	0.699102
2914.000000	0.726811
2915.000000	0.737271
2916.000000	0.734852
2917.000000	0.731352
2918.000000	0.750246
2919.000000	0.805133
2920.000000	0.858448
2921.000000	0.873944
2922.000000	0.871831
2923.000000	0.880263
2924.000000	0.902728
2925.000000	0.932574
2926.000000	0.947252
2927.000000	0.932052
2928.000000	0.919522
2929.000000	0.939838
2930.000000	0.966433
2931.000000	0.968772
2932.000000	0.957200
2933.000000	0.949293
2934.000000	0.950688
2935.000000	0.962518
2936.000000	0.979851
2937.000000	0.995586
2938.000000	1.000000
2939.000000	0.985256
2940.000000	0.953685
2941.000000	0.912884
2942.000000	0.881353
2943.000000	0.872714
2944.000000	0.870177
2945.000000	0.855064
2946.000000	0.831568
2947.000000	0.807447
2948.000000	0.781866
2949.000000	0.753971
2950.000000	0.731433
2951.000000	0.721469
2952.000000	0.720962
2953.000000	0.723166
2954.000000	0.717157
2955.000000	0.696226
2956.000000	0.674694
2957.000000	0.666778
2958.000000	0.665247
2959.000000	0.659080
2960.000000	0.643548
2961.000000	0.618992
2962.000000	0.599736
2963.000000	0.598496
2964.000000	0.607571
2965.000000	0.615031
2966.000000	0.612459
2967.000000	0.595708
2968.000000	0.574205
2969.000000	0.557737
2970.000000	0.543966
2971.000000	0.529613
2972.000000	0.519752
2973.000000	0.519412
2974.000000	0.525103
2975.000000	0.530560
2976.000000	0.526953
2977.000000	0.508071
2978.000000	0.480752
2979.000000	0.454325
2980.000000	0.435029
2981.000000	0.426108
2982.000000	0.421906
2983.000000	0.415954
2984.000000	0.407427
2985.000000	0.396990
2986.000000	0.385618
2987.000000	0.373495
2988.000000	0.357317
2989.000000	0.334912
2990.000000	0.312112
2991.000000	0.295412
2992.000000	0.285939
2993.000000	0.281870
2994.000000	0.274935
2995.000000	0.257368
2996.000000	0.229873
2997.000000	0.197686
2998.000000	0.175702
2999.000000	0.176064
3000.000000	0.190241
3001.000000	0.204215
3002.000000	0.202684
3003.000000	0.176528
3004.000000	0.142648
3005.000000	0.120331
3006.000000	0.112396
3007.000000	0.115629
3008.000000	0.119153
3009.000000	0.112878
3010.000000	0.097517
3011.000000	0.077843
3012.000000	0.064054
3013.000000	0.064430
3014.000000	0.074141
3015.000000	0.084911
3016.000000	0.087786
3017.000000	0.076960
3018.000000	0.059905
3019.000000	0.045270
3020.000000	0.033140
3021.000000	0.022191
3022.000000	0.014016
3023.000000	0.010379
3024.000000	0.010803
3025.000000	0.013494
3026.000000	0.013622
3027.000000	0.007787
3028.000000	0.001354
3029.000000	-0.000747
3030.000000	-0.004102
3031.000000	-0.013290
3032.000000	-0.018353
3033.000000	-0.010388
3034.000000	0.000760
3035.000000	0.004013
3036.000000	0.002122
3037.000000	0.000968
3038.000000	0.005125
3039.000000	0.016283
3040.000000	0.025912
3041.000000	0.025047
3042.000000	0.013214
3043.000000	-0.004132
3044.000000	-0.006299
3045.000000	0.019958
3046.000000	0.042866
3047.000000	0.032146
3048.000000	0.008497
3049.000000	-0.002130
3050.000000	-0.003767
3051.000000	-0.005107
3052.000000	-0.003499
3053.000000	0.005139
3054.000000	0.019259
3055.000000	0.033858
3056.000000	0.035741
3057.000000	0.017301
3058.000000	0.001460
3059.000000	0.010056
3060.000000	0.030052
3061.000000	0.043971
3062.000000	0.051440
3063.000000	0.055260
3064.000000	0.053821
3065.000000	0.045985
3066.000000	0.036926
3067.000000	0.032042
3068.000000	0.031326
3069.000000	0.033296
3070.000000	0.035969
3071.000000	0.038120
3072.000000	0.042070
3073.000000	0.048461
3074.000000	0.047693
3075.000000	0.032137
3076.000000	0.012301
3077.000000	0.000274
3078.000000	-0.003667
3079.000000	-0.002239
3080.000000	0.001674
3081.000000	0.005198
3082.000000	0.005661
3083.000000	0.001568
3084.000000	-0.004069
3085.000000	-0.007608
3086.000000	-0.007380
3087.000000	-0.003551
3088.000000	-0.001640
3089.000000	-0.006357
3090.000000	-0.013819
3091.000000	-0.018765
3092.000000	-0.019009
3093.000000	-0.014672
3094.000000	-0.012033
3095.000000	-0.016501
3096.000000	-0.023856
3097.000000	-0.028598
3098.000000	-0.029751
3099.000000	-0.026906
3100.000000	-0.017411
3101.000000	0.000184
3102.000000	0.020290
3103.000000	0.034126
3104.000000	0.027186
3105.000000	-0.007059
3106.000000	-0.037513
3107.000000	-0.034941
3108.000000	-0.015178
3109.000000	-0.000691
3110.000000	0.004583
3111.000000	0.002030
3112.000000	-0.004213
3113.000000	-0.009888
3114.000000	-0.013003
3115.000000	-0.012587
3116.000000	-0.009474
3117.000000	-0.005099
3118.000000	-0.001496
3119.000000	-0.000582
3120.000000	-0.003211
3121.000000	-0.008846
3122.000000	-0.012444
3123.000000	-0.009335
3124.000000	-0.000845
3125.000000	0.009148
3126.000000	0.012547
3127.000000	0.003698
3128.000000	-0.009054
3129.000000	-0.015789
3130.000000	-0.014272
3131.000000	-0.005895
3132.000000	0.001142
3133.000000	-0.000525
3134.000000	-0.008098
3135.000000	-0.015699
3136.000000	-0.015278
3137.000000	-0.003138
3138.000000	0.004846
3139.000000	-0.004636
3140.000000	-0.015066
3141.000000	-0.009736
3142.000000	-0.000994
3143.000000	-0.003371
3144.000000	-0.011070
3145.000000	-0.015018
3146.000000	-0.013367
3147.000000	-0.006712
3148.000000	0.001792
3149.000000	0.008611
3150.000000	0.011248
3151.000000	0.008139
3152.000000	0.000404
3153.000000	-0.009051
3154.000000	-0.012861
3155.000000	-0.006898
3156.000000	-0.004445
3157.000000	-0.016801
3158.000000	-0.029909
3159.000000	-0.028978
3160.000000	-0.021644
3161.000000	-0.018558
3162.000000	-0.020005
3163.000000	-0.023150
3164.000000	-0.023047
3165.000000	-0.016115
3166.000000	-0.006336
3167.000000	0.000625
3168.000000	-0.000073
3169.000000	-0.010695
3170.000000	-0.024026
3171.000000	-0.031029
3172.000000	-0.024871
3173.000000	-0.003465
3174.000000	0.018492
3175.000000	0.026388
3176.000000	0.022727
3177.000000	0.013828
3178.000000	0.004162
3179.000000	-0.002738
3180.000000	-0.005253
3181.000000	-0.002805
3182.000000	0.002931
3183.000000	0.009525
3184.000000	0.013777
3185.000000	0.013350
3186.000000	0.010111
3187.000000	0.007320
3188.000000	0.009589
3189.000000	0.018575
3190.000000	0.022762
3191.000000	0.012652
3192.000000	-0.000015
3193.000000	-0.002748
3194.000000	-0.001303
3195.000000	-0.003026
3196.000000	-0.003369
3197.000000	0.002890
3198.000000	0.011775
3199.000000	0.017592
3200.000000	0.016986
3201.000000	0.008822
3202.000000	-0.001479
3203.000000	-0.007891
3204.000000	-0.008516
3205.000000	-0.003190
3206.000000	0.005449
3207.000000	0.013954
3208.000000	0.018442
3209.000000	0.016527
3210.000000	0.012230
3211.000000	0.009753
3212.000000	0.007600
3213.000000	0.003264
3214.000000	-0.004118
3215.000000	-0.013305
3216.000000	-0.016269
3217.000000	-0.007101
3218.000000	0.004863
3219.000000	0.008560
3220.000000	0.001263
3221.000000	-0.014426
3222.000000	-0.022932
3223.000000	-0.012277
3224.000000	0.002146
3225.000000	0.003657
3226.000000	-0.002200
3227.000000	-0.006346
3228.000000	-0.007799
3229.000000	-0.006880
3230.000000	-0.001033
3231.000000	0.010809
3232.000000	0.020889
3233.000000	0.021784
3234.000000	0.016224
3235.000000	0.009139
3236.000000	0.004106
3237.000000	0.003173
3238.000000	0.003625
3239.000000	0.002305
3240.000000	-0.000962
3241.000000	-0.005355
3242.000000	-0.009063
3243.000000	-0.009885
3244.000000	-0.005047
3245.000000	0.006335
3246.000000	0.017023
3247.000000	0.019928
3248.000000	0.016676
3249.000000	0.012164
3250.000000	0.015664
3251.000000	0.031803
3252.000000	0.042250
3253.000000	0.030552
3254.000000	0.010737
3255.000000	0.000958
3256.000000	0.005399
3257.000000	0.021039
3258.000000	0.030021
3259.000000	0.018670
3260.000000	0.004875
3261.000000	0.007294
3262.000000	0.016104
3263.000000	0.018722
3264.000000	0.020014
3265.000000	0.026296
3266.000000	0.032223
3267.000000	0.031593
3268.000000	0.026422
3269.000000	0.021005
3270.000000	0.020547
3271.000000	0.027989
3272.000000	0.036322
3273.000000	0.038226
3274.000000	0.035089
3275.000000	0.030671
3276.000000	0.029514
3277.000000	0.034427
3278.000000	0.040515
3279.000000	0.042741
3280.000000	0.043215
3281.000000	0.044372
3282.000000	0.042789
3283.000000	0.035631
3284.000000	0.028271
3285.000000	0.027111
3286.000000	0.034456
3287.000000	0.049485
3288.000000	0.062956
3289.000000	0.066136
3290.000000	0.060750
3291.000000	0.051954
3292.000000	0.048175
3293.000000	0.055569
3294.000000	0.067931
3295.000000	0.076622
3296.000000	0.075639
3297.000000	0.062834
3298.000000	0.048860
3299.000000	0.045088
3300.000000	0.052979
3301.000000	0.069059
3302.000000	0.080036
3303.000000	0.075002
3304.000000	0.062413
3305.000000	0.053355
3306.000000	0.050067
3307.000000	0.052708
3308.000000	0.061966
3309.000000	0.076047
3310.000000	0.082692
3311.000000	0.072674
3312.000000	0.059359
3313.000000	0.057530
3314.000000	0.065050
3315.000000	0.074909
3316.000000	0.077531
3317.000000	0.067067
3318.000000	0.055129
3319.000000	0.053391
3320.000000	0.056309
3321.000000	0.057413
3322.000000	0.063750
3323.000000	0.079933
3324.000000	0.087331
3325.000000	0.070607
3326.000000	0.050833
3327.000000	0.050865
3328.000000	0.064287
3329.000000	0.079162
3330.000000	0.090745
3331.000000	0.096314
3332.000000	0.094060
3333.000000	0.084112
3334.000000	0.073438
3335.000000	0.068964
3336.000000	0.070618
3337.000000	0.075599
3338.000000	0.077200
3339.000000	0.070532
3340.000000	0.061884
3341.000000	0.058246
3342.000000	0.058222
3343.000000	0.059044
3344.000000	0.060822
3345.000000	0.063780
3346.000000	0.065702
3347.000000	0.065436
3348.000000	0.068515
3349.000000	0.078868
3350.000000	0.087318
3351.000000	0.085960
3352.000000	0.085091
3353.000000	0.094312
3354.000000	0.102256
3355.000000	0.096293
3356.000000	0.079718
3357.000000	0.060599
3358.000000	0.050169
3359.000000	0.055624
3360.000000	0.064846
3361.000000	0.064821
3362.000000	0.058264
3363.000000	0.050518
3364.000000	0.041711
3365.000000	0.032086
3366.000000	0.027556
3367.000000	0.032874
3368.000000	0.042494
3369.000000	0.050131
3370.000000	0.056857
3371.000000	0.064281
3372.000000	0.068794
3373.000000	0.066971
3374.000000	0.061345
3375.000000	0.055649
3376.000000	0.052464
3377.000000	0.052744
3378.000000	0.052103
3379.000000	0.046564
3380.000000	0.039133
3381.000000	0.034022
3382.000000	0.033283
3383.000000	0.036753
3384.000000	0.037564
3385.000000	0.031338
3386.000000	0.030361
3387.000000	0.044930
3388.000000	0.060723
3389.000000	0.062051
3390.000000	0.052358
3391.000000	0.039595
3392.000000	0.030589
3393.000000	0.029602
3394.000000	0.031749
3395.000000	0.031761
3396.000000	0.031964
3397.000000	0.034867
3398.000000	0.036103
3399.000000	0.032489
3400.000000	0.032439
3401.000000	0.043759
3402.000000	0.060211
3403.000000	0.071982
3404.000000	0.068995
3405.000000	0.046891
3406.000000	0.024455
3407.000000	0.020170
3408.000000	0.028161
3409.000000	0.037105
3410.000000	0.038233
3411.000000	0.027332
3412.000000	0.015847
3413.000000	0.014832
3414.000000	0.018124
3415.000000	0.018059
3416.000000	0.018179
3417.000000	0.022781
3418.000000	0.027982
3419.000000	0.028979
3420.000000	0.025479
3421.000000	0.018611
3422.000000	0.010682
3423.000000	0.004205
3424.000000	0.001332
3425.000000	0.003264
3426.000000	0.007750
3427.000000	0.012313
3428.000000	0.017025
3429.000000	0.022594
3430.000000	0.029729
3431.000000	0.037395
3432.000000	0.037589
3433.000000	0.025070
3434.000000	0.012620
3435.000000	0.012561
3436.000000	0.017362
3437.000000	0.017414
3438.000000	0.014666
3439.000000	0.012964
3440.000000	0.012194
3441.000000	0.011487
3442.000000	0.010911
3443.000000	0.010917
3444.000000	0.012543
3445.000000	0.015720
3446.000000	0.015374
3447.000000	0.007594
3448.000000	-0.001878
3449.000000	-0.006047
3450.000000	-0.002550
3451.000000	0.007712
3452.000000	0.015415
3453.000000	0.012089
3454.000000	0.001108
3455.000000	-0.011095
3456.000000	-0.017693
3457.000000	-0.014745
3458.000000	-0.010230
3459.000000	-0.011550
3460.000000	-0.011858
3461.000000	-0.004035
3462.000000	0.005890
3463.000000	0.009669
3464.000000	0.003326
3465.000000	-0.012025
3466.000000	-0.019187
3467.000000	-0.005294
3468.000000	0.009104
3469.000000	0.003481
3470.000000	-0.009173
3471.000000	-0.011709
3472.000000	-0.003857
3473.000000	0.009145
3474.000000	0.016917
3475.000000	0.011499
3476.000000	-0.000234
3477.000000	-0.009300
3478.000000	-0.013113
3479.000000	-0.011609
3480.000000	-0.008411
3481.000000	-0.006630
3482.000000	-0.003653
3483.000000	0.003197
3484.000000	0.011122
3485.000000	0.016321
3486.000000	0.016456
3487.000000	0.010779
3488.000000	0.003449
3489.000000	-0.001649
3490.000000	-0.006643
3491.000000	-0.013525
3492.000000	-0.017743
3493.000000	-0.015082
3494.000000	-0.009213
3495.000000	-0.004776
3496.000000	-0.002397
3497.000000	-0.001999
3498.000000	-0.004703
3499.000000	-0.010501
3500.000000	-0.013683
3501.000000	-0.009622
3502.000000	-0.003736
3503.000000	-0.002220
3504.000000	-0.004333
3505.000000	-0.007317
3506.000000	-0.007273
3507.000000	-0.002507
3508.000000	-0.001285
3509.000000	-0.009680
3510.000000	-0.015023
3511.000000	-0.006152
3512.000000	0.003316
3513.000000	-0.000529
3514.000000	-0.008001
3515.000000	-0.007111
3516.000000	-0.000250
3517.000000	0.006660
3518.000000	0.007966
3519.000000	0.000503
3520.000000	-0.009205
3521.000000	-0.013515
3522.000000	-0.009982
3523.000000	0.000424
3524.000000	0.008280
3525.000000	0.005685
3526.000000	-0.000710
3527.000000	-0.002618
3528.000000	0.000251
3529.000000	0.005439
3530.000000	0.007496
3531.000000	0.001983
3532.000000	-0.008500
3533.000000	-0.019349
3534.000000	-0.024979
3535.000000	-0.021206
3536.000000	-0.010442
3537.000000	0.002411
3538.000000	0.009078
3539.000000	0.003802
3540.000000	-0.005721
3541.000000	-0.011131
3542.000000	-0.014858
3543.000000	-0.019466
3544.000000	-0.017268
3545.000000	-0.002858
3546.000000	0.009781
3547.000000	0.007537
3548.000000	0.000156
3549.000000	-0.000819
3550.000000	0.000483
3551.000000	-0.001997
3552.000000	-0.006371
3553.000000	-0.009232
3554.000000	-0.009036
3555.000000	-0.005981
3556.000000	-0.005362
3557.000000	-0.011017
3558.000000	-0.015869
3559.000000	-0.013032
3560.000000	-0.007297
3561.000000	-0.005186
3562.000000	-0.008470
3563.000000	-0.015629
3564.000000	-0.016738
3565.000000	-0.004327
3566.000000	0.010858
3567.000000	0.016000
3568.000000	0.008230
3569.000000	-0.009759
3570.000000	-0.022974
3571.000000	-0.019068
3572.000000	-0.008580
3573.000000	-0.004260
3574.000000	-0.004803
3575.000000	-0.006334
3576.000000	-0.008748
3577.000000	-0.012010
3578.000000	-0.012596
3579.000000	-0.008024
3580.000000	-0.003478
3581.000000	-0.003845
3582.000000	-0.005162
3583.000000	-0.003465
3584.000000	-0.003638
3585.000000	-0.010303
3586.000000	-0.018193
3587.000000	-0.021041
3588.000000	-0.018472
3589.000000	-0.012076
3590.000000	-0.005411
3591.000000	-0.001220
3592.000000	0.002983
3593.000000	0.009637
3594.000000	0.015761
3595.000000	0.017372
3596.000000	0.011897
3597.000000	-0.001166
3598.000000	-0.015445
3599.000000	-0.022847
3600.000000	-0.015282
