400.000000	0.015476
402.000000	-0.000736
404.000000	-0.011601
406.000000	-0.006220
408.000000	0.013966
410.000000	0.025609
412.000000	0.021621
414.000000	0.013747
416.000000	0.005855
418.000000	0.000960
420.000000	0.005766
422.000000	0.015650
424.000000	0.018655
426.000000	0.007577
428.000000	-0.012133
430.000000	-0.021184
432.000000	-0.014666
434.000000	0.002466
436.000000	0.019016
438.000000	0.022305
440.000000	0.004832
442.000000	-0.010747
444.000000	-0.008396
446.000000	-0.001493
448.000000	0.001424
450.000000	-0.001268
452.000000	-0.005170
454.000000	-0.009515
456.000000	-0.017900
458.000000	-0.022801
460.000000	-0.016271
462.000000	-0.001249
464.000000	0.006813
466.000000	-0.007367
468.000000	-0.019236
470.000000	-0.015166
472.000000	-0.011640
474.000000	-0.007838
476.000000	0.000854
478.000000	0.001458
480.000000	-0.006055
482.000000	-0.008417
484.000000	-0.003367
486.000000	0.005805
488.000000	0.012726
490.000000	0.009022
492.000000	-0.006230
494.000000	-0.007634
496.000000	0.006808
498.000000	0.012286
500.000000	0.012694
502.000000	0.014852
504.000000	0.009953
506.000000	0.004191
508.000000	0.008333
510.000000	0.008189
512.000000	0.002191
514.000000	0.006643
516.000000	0.009724
518.000000	0.003870
520.000000	0.013614
522.000000	0.024540
524.000000	0.008313
526.000000	0.004967
528.000000	0.026209
530.000000	0.032500
532.000000	0.025818
534.000000	0.020151
536.000000	0.012904
538.000000	0.009424
540.000000	0.017145
542.000000	0.021498
544.000000	0.016621
546.000000	0.014333
548.000000	0.022685
550.000000	0.034901
552.000000	0.019985
554.000000	-0.005820
556.000000	-0.004420
558.000000	0.000427
560.000000	-0.003372
562.000000	0.001907
564.000000	0.008873
566.000000	0.006516
568.000000	0.000809
570.000000	0.004233
572.000000	0.003342
574.000000	0.002452
576.000000	0.001562
578.000000	-0.014301
580.000000	-0.015430
582.000000	-0.007298
584.000000	-0.004862
586.000000	-0.007385
588.000000	-0.007739
590.000000	-0.012920
592.000000	-0.015843
594.000000	-0.000104
596.000000	0.004321
598.000000	-0.015455
600.000000	-0.020130
602.000000	-0.007579
604.000000	0.002471
606.000000	-0.002805
608.000000	-0.014006
610.000000	-0.010389
612.000000	-0.006422
614.000000	-0.012600
616.000000	-0.019590
618.000000	-0.023030
620.000000	-0.020087
622.000000	-0.005553
624.000000	0.009906
626.000000	0.010115
628.000000	0.003950
630.000000	-0.000821
632.000000	-0.004725
634.000000	-0.009393
636.000000	-0.014482
638.000000	-0.015815
640.000000	-0.010360
642.000000	0.002150
644.000000	0.016472
646.000000	0.023993
648.000000	0.016300
650.000000	-0.003739
652.000000	-0.018743
654.000000	-0.004047
656.000000	0.004349
658.000000	-0.017357
660.000000	-0.013535
662.000000	0.008476
664.000000	0.007144
666.000000	-0.004782
668.000000	-0.003526
670.000000	0.022969
672.000000	0.028664
674.000000	0.002116
676.000000	0.003385
678.000000	0.011812
680.000000	-0.005270
682.000000	-0.011835
684.000000	-0.005318
686.000000	-0.007188
688.000000	-0.011906
690.000000	-0.012100
692.000000	-0.007095
694.000000	-0.007547
696.000000	-0.011076
698.000000	0.005114
700.000000	0.003441
702.000000	0.001768
704.000000	-0.001171
706.000000	0.010108
708.000000	0.011237
710.000000	-0.002643
712.000000	-0.015318
714.000000	-0.004074
716.000000	-0.000869
718.000000	-0.018064
720.000000	-0.018411
722.000000	-0.004013
724.000000	0.012099
726.000000	0.034546
728.000000	0.044993
730.000000	0.024127
732.000000	-0.000092
734.000000	-0.010386
736.000000	-0.006841
738.000000	0.014027
740.000000	0.034592
742.000000	0.020238
744.000000	0.012039
746.000000	0.038637
748.000000	0.055707
750.000000	0.060304
752.000000	0.065997
754.000000	0.059759
756.000000	0.044126
758.000000	0.031634
760.000000	0.016795
762.000000	0.004811
764.000000	0.009498
766.000000	0.010715
768.000000	0.001610
770.000000	0.005216
772.000000	0.014557
774.000000	0.016743
776.000000	0.015052
778.000000	0.017523
780.000000	0.026347
782.000000	0.025648
784.000000	0.023943
786.000000	0.038439
788.000000	0.029737
790.000000	0.021035
792.000000	-0.002770
794.000000	-0.006905
796.000000	0.006669
798.000000	0.005620
800.000000	-0.002978
802.000000	-0.003285
804.000000	0.004250
806.000000	0.010787
808.000000	0.009343
810.000000	0.006146
812.000000	0.009538
814.000000	0.018480
816.000000	0.004567
818.000000	-0.015296
820.000000	0.002927
822.000000	0.023222
824.000000	0.022605
826.000000	0.017789
828.000000	0.021661
830.000000	0.031135
832.000000	0.026604
834.000000	0.018182
836.000000	0.020327
838.000000	0.028019
840.000000	0.022956
842.000000	-0.001449
844.000000	-0.010793
846.000000	-0.000865
848.000000	0.011121
850.000000	0.022180
852.000000	0.031860
854.000000	0.038160
856.000000	0.034609
858.000000	0.028641
860.000000	0.036662
862.000000	0.038205
864.000000	0.026573
866.000000	0.024115
868.000000	0.019701
870.000000	0.007308
872.000000	0.008555
874.000000	0.013948
876.000000	0.012826
878.000000	0.022030
880.000000	0.025276
882.000000	0.006841
884.000000	0.002883
886.000000	0.014184
888.000000	0.017218
890.000000	0.009655
892.000000	0.006760
894.000000	0.021977
896.000000	0.021407
898.000000	0.006068
900.000000	0.011181
902.000000	0.016979
904.000000	0.011556
906.000000	0.009376
908.000000	0.013005
910.000000	0.013471
912.000000	-0.001331
914.000000	-0.000701
916.000000	0.025608
918.000000	0.032455
920.000000	0.026943
922.000000	0.030660
924.000000	0.039693
926.000000	0.041046
928.000000	0.029232
930.000000	0.021759
932.000000	0.021636
934.000000	0.024545
936.000000	0.034762
938.000000	0.034566
940.000000	0.011203
942.000000	0.013990
944.000000	0.031990
946.000000	0.019685
948.000000	0.016199
950.000000	0.030193
952.000000	0.032494
954.000000	0.026318
956.000000	0.020461
958.000000	0.019172
960.000000	0.019794
962.000000	0.015974
964.000000	0.004040
966.000000	0.004128
968.000000	0.014719
970.000000	0.007432
972.000000	0.016176
974.000000	0.042940
976.000000	0.028482
978.000000	0.018327
980.000000	0.039661
982.000000	0.034128
984.000000	0.027857
986.000000	0.045525
988.000000	0.045821
990.000000	0.033498
992.000000	0.033503
994.000000	0.056323
996.000000	0.069176
998.000000	0.054702
1000.000000	0.064810
1002.000000	0.100741
1004.000000	0.099065
1006.000000	0.097389
1008.000000	0.095713
1010.000000	0.087156
1012.000000	0.080156
1014.000000	0.065135
1016.000000	0.044909
1018.000000	0.033425
1020.000000	0.036152
1022.000000	0.045656
1024.000000	0.041073
1026.000000	0.031760
1028.000000	0.037540
1030.000000	0.045604
1032.000000	0.057439
1034.000000	0.077197
1036.000000	0.077139
1038.000000	0.061820
1040.000000	0.058480
1042.000000	0.073909
1044.000000	0.087103
1046.000000	0.077682
1048.000000	0.081252
1050.000000	0.087347
1052.000000	0.067207
1054.000000	0.073472
1056.000000	0.090441
1058.000000	0.067024
1060.000000	0.056467
1062.000000	0.059685
1064.000000	0.043036
1066.000000	0.054068
1068.000000	0.077074
1070.000000	0.060957
1072.000000	0.053413
1074.000000	0.059595
1076.000000	0.050441
1078.000000	0.054833
1080.000000	0.078235
1082.000000	0.097216
1084.000000	0.092175
1086.000000	0.073356
1088.000000	0.068040
1090.000000	0.080724
1092.000000	0.089561
1094.000000	0.072611
1096.000000	0.060294
1098.000000	0.064257
1100.000000	0.071923
1102.000000	0.068456
1104.000000	0.060616
1106.000000	0.067122
1108.000000	0.089891
1110.000000	0.093483
1112.000000	0.054531
1114.000000	0.047558
1116.000000	0.068293
1118.000000	0.069225
1120.000000	0.068405
1122.000000	0.065508
1124.000000	0.053620
1126.000000	0.057522
1128.000000	0.076640
1130.000000	0.093210
1132.000000	0.095443
1134.000000	0.071376
1136.000000	0.026900
1138.000000	0.004533
1140.000000	0.004302
1142.000000	0.009308
1144.000000	0.021819
1146.000000	0.023344
1148.000000	0.005828
1150.000000	0.000422
1152.000000	0.000760
1154.000000	-0.000942
1156.000000	0.017083
1158.000000	0.038370
1160.000000	0.035813
1162.000000	0.003807
1164.000000	-0.007897
1166.000000	0.018067
1168.000000	0.027557
1170.000000	0.024932
1172.000000	0.024493
1174.000000	0.021809
1176.000000	0.015817
1178.000000	0.005398
1180.000000	-0.008543
1182.000000	-0.006671
1184.000000	0.011016
1186.000000	0.018976
1188.000000	0.001109
1190.000000	-0.025209
1192.000000	-0.025579
1194.000000	-0.012164
1196.000000	-0.006481
1198.000000	-0.012021
1200.000000	0.015763
1202.000000	0.046931
1204.000000	0.031517
1206.000000	0.039304
1208.000000	0.061347
1210.000000	0.053303
1212.000000	0.047788
1214.000000	0.054691
1216.000000	0.066263
1218.000000	0.079844
1220.000000	0.084159
1222.000000	0.074119
1224.000000	0.064518
1226.000000	0.071608
1228.000000	0.088889
1230.000000	0.084998
1232.000000	0.085616
1234.000000	0.101061
1236.000000	0.100279
1238.000000	0.093176
1240.000000	0.092090
1242.000000	0.097187
1244.000000	0.110694
1246.000000	0.116239
1248.000000	0.097467
1250.000000	0.097632
1252.000000	0.113440
1254.000000	0.109313
1256.000000	0.094383
1258.000000	0.090401
1260.000000	0.103512
1262.000000	0.100665
1264.000000	0.083318
1266.000000	0.074480
1268.000000	0.090240
1270.000000	0.108510
1272.000000	0.111156
1274.000000	0.111229
1276.000000	0.110968
1278.000000	0.104784
1280.000000	0.090439
1282.000000	0.096159
1284.000000	0.106905
1286.000000	0.083996
1288.000000	0.098730
1290.000000	0.132226
1292.000000	0.114973
1294.000000	0.114090
1296.000000	0.127664
1298.000000	0.123156
1300.000000	0.141963
1302.000000	0.169077
1304.000000	0.173473
1306.000000	0.164316
1308.000000	0.162585
1310.000000	0.176428
1312.000000	0.189717
1314.000000	0.182046
1316.000000	0.162564
1318.000000	0.162976
1320.000000	0.165364
1322.000000	0.160303
1324.000000	0.155739
1326.000000	0.152762
1328.000000	0.159059
1330.000000	0.178067
1332.000000	0.190181
1334.000000	0.180433
1336.000000	0.164267
1338.000000	0.189041
1340.000000	0.201751
1342.000000	0.166687
1344.000000	0.130704
1346.000000	0.125923
1348.000000	0.142742
1350.000000	0.142457
1352.000000	0.119061
1354.000000	0.097442
1356.000000	0.101183
1358.000000	0.103343
1360.000000	0.116404
1362.000000	0.144159
1364.000000	0.125183
1366.000000	0.091758
1368.000000	0.087332
1370.000000	0.097476
1372.000000	0.091674
1374.000000	0.076541
1376.000000	0.085573
1378.000000	0.080885
1380.000000	0.072253
1382.000000	0.095135
1384.000000	0.106512
1386.000000	0.097156
1388.000000	0.084765
1390.000000	0.079279
1392.000000	0.076555
1394.000000	0.075931
1396.000000	0.085488
1398.000000	0.088424
1400.000000	0.084333
1402.000000	0.089228
1404.000000	0.085172
1406.000000	0.069845
1408.000000	0.055360
1410.000000	0.045190
1412.000000	0.051592
1414.000000	0.067446
1416.000000	0.055651
1418.000000	0.047017
1420.000000	0.064761
1422.000000	0.085231
1424.000000	0.079083
1426.000000	0.064865
1428.000000	0.078778
1430.000000	0.084933
1432.000000	0.082506
1434.000000	0.087404
1436.000000	0.089780
1438.000000	0.098244
1440.000000	0.108601
1442.000000	0.100197
1444.000000	0.119471
1446.000000	0.164246
1448.000000	0.182577
1450.000000	0.179607
1452.000000	0.176802
1454.000000	0.180820
1456.000000	0.167753
1458.000000	0.165255
1460.000000	0.172660
1462.000000	0.135185
1464.000000	0.111374
1466.000000	0.110995
1468.000000	0.089600
1470.000000	0.092807
1472.000000	0.101204
1474.000000	0.080730
1476.000000	0.076806
1478.000000	0.077858
1480.000000	0.072259
1482.000000	0.078877
1484.000000	0.062808
1486.000000	0.030778
1488.000000	0.022654
1490.000000	0.016929
1492.000000	0.018663
1494.000000	0.031339
1496.000000	0.018236
1498.000000	0.001426
1500.000000	-0.010149
1502.000000	-0.038644
1504.000000	-0.032384
1506.000000	-0.003336
1508.000000	-0.004742
1510.000000	-0.016405
1512.000000	-0.018631
1514.000000	-0.008985
1516.000000	-0.001348
1518.000000	-0.005601
1520.000000	-0.020374
1522.000000	-0.031567
1524.000000	-0.017443
1526.000000	0.007644
1528.000000	0.018097
1530.000000	0.018985
1532.000000	0.007918
1534.000000	-0.006929
1536.000000	-0.005215
1538.000000	-0.002553
1540.000000	-0.003423
1542.000000	0.000975
1544.000000	0.007184
1546.000000	0.010700
1548.000000	0.017645
1550.000000	0.040554
1552.000000	0.045613
1554.000000	0.035462
1556.000000	0.047660
1558.000000	0.064874
1560.000000	0.057710
1562.000000	0.031056
1564.000000	0.040072
1566.000000	0.052986
1568.000000	0.048772
1570.000000	0.053737
1572.000000	0.069475
1574.000000	0.077654
1576.000000	0.074309
1578.000000	0.094757
1580.000000	0.097372
1582.000000	0.078413
1584.000000	0.099172
1586.000000	0.109329
1588.000000	0.094465
1590.000000	0.079536
1592.000000	0.064238
1594.000000	0.062934
1596.000000	0.066382
1598.000000	0.042966
1600.000000	0.049139
1602.000000	0.079816
1604.000000	0.088108
1606.000000	0.094904
1608.000000	0.096497
1610.000000	0.092028
1612.000000	0.096853
1614.000000	0.075645
1616.000000	0.049376
1618.000000	0.061848
1620.000000	0.070163
1622.000000	0.066317
1624.000000	0.062589
1626.000000	0.062902
1628.000000	0.060123
1630.000000	0.062378
1632.000000	0.074033
1634.000000	0.061929
1636.000000	0.055551
1638.000000	0.073655
1640.000000	0.081426
1642.000000	0.074821
1644.000000	0.073493
1646.000000	0.092507
1648.000000	0.112692
1650.000000	0.131369
1652.000000	0.144096
1654.000000	0.140475
1656.000000	0.143158
1658.000000	0.152354
1660.000000	0.154986
1662.000000	0.157007
1664.000000	0.157648
1666.000000	0.158560
1668.000000	0.163136
1670.000000	0.156835
1672.000000	0.141136
1674.000000	0.129153
1676.000000	0.129205
1678.000000	0.140104
1680.000000	0.147217
1682.000000	0.134650
1684.000000	0.114330
1686.000000	0.104810
1688.000000	0.106631
1690.000000	0.094490
1692.000000	0.063820
1694.000000	0.050378
1696.000000	0.075157
1698.000000	0.064425
1700.000000	0.045370
1702.000000	0.045986
1704.000000	0.046601
1706.000000	0.047216
1708.000000	0.047832
1710.000000	0.048447
1712.000000	0.049062
1714.000000	0.049678
1716.000000	0.011935
1718.000000	-0.001151
1720.000000	-0.008709
1722.000000	-0.004504
1724.000000	0.005285
1726.000000	0.005708
1728.000000	-0.004223
1730.000000	-0.011662
1732.000000	-0.007455
1734.000000	-0.005315
1736.000000	0.002309
1738.000000	0.010029
1740.000000	-0.001163
1742.000000	-0.003891
1744.000000	-0.009232
1746.000000	-0.022759
1748.000000	-0.006416
1750.000000	-0.010386
1752.000000	-0.023271
1754.000000	-0.001277
1756.000000	-0.007533
1758.000000	-0.014289
1760.000000	-0.006511
1762.000000	-0.022576
1764.000000	-0.022061
1766.000000	-0.011686
1768.000000	-0.015938
1770.000000	-0.019300
1772.000000	-0.014745
1774.000000	-0.007967
1776.000000	-0.005320
1778.000000	0.000949
1780.000000	0.001814
1782.000000	-0.009519
1784.000000	-0.020733
1786.000000	-0.004386
1788.000000	0.005134
1790.000000	-0.014577
1792.000000	-0.018104
1794.000000	-0.013757
1796.000000	-0.007103
1798.000000	0.000472
1800.000000	-0.009789
1802.000000	-0.016013
1804.000000	-0.010905
1806.000000	-0.011432
1808.000000	-0.012671
1810.000000	-0.009774
1812.000000	-0.007402
1814.000000	-0.012861
1816.000000	-0.008579
1818.000000	0.007792
1820.000000	0.004317
1822.000000	0.000841
1824.000000	-0.008520
1826.000000	-0.004900
1828.000000	-0.005181
1830.000000	0.001515
1832.000000	0.004400
1834.000000	-0.000468
1836.000000	-0.003528
1838.000000	-0.006967
1840.000000	-0.011369
1842.000000	-0.008530
1844.000000	0.006536
1846.000000	0.000827
1848.000000	-0.017845
1850.000000	-0.013610
1852.000000	0.024913
1854.000000	0.026311
1856.000000	-0.002159
1858.000000	-0.009971
1860.000000	-0.008968
1862.000000	0.001403
1864.000000	0.008802
1866.000000	0.003161
1868.000000	0.012070
1870.000000	0.002934
1872.000000	-0.015345
1874.000000	0.002523
1876.000000	0.002978
1878.000000	-0.008856
1880.000000	-0.006357
1882.000000	0.005993
1884.000000	-0.000908
1886.000000	0.007843
1888.000000	0.006697
1890.000000	0.005550
1892.000000	-0.015198
1894.000000	-0.008853
1896.000000	0.001147
1898.000000	0.007911
1900.000000	0.005323
1902.000000	-0.001876
1904.000000	-0.004220
1906.000000	-0.001205
1908.000000	0.000000
1910.000000	-0.004842
1912.000000	-0.008622
1914.000000	0.003746
1916.000000	0.008160
1918.000000	0.007247
1920.000000	0.017021
1922.000000	-0.001095
1924.000000	-0.006044
1926.000000	0.011715
1928.000000	0.007449
1930.000000	-0.008740
1932.000000	-0.011953
1934.000000	-0.006843
1936.000000	-0.014964
1938.000000	-0.005935
1940.000000	-0.004189
1942.000000	-0.010524
1944.000000	0.014296
1946.000000	0.017118
1948.000000	0.000675
1950.000000	-0.010374
1952.000000	-0.015341
1954.000000	-0.008046
1956.000000	0.001769
1958.000000	0.003217
1960.000000	0.000531
1962.000000	0.004240
1964.000000	0.004815
1966.000000	-0.000410
1968.000000	0.005724
1970.000000	0.008236
1972.000000	0.011778
1974.000000	0.017556
1976.000000	0.005924
1978.000000	-0.002231
1980.000000	0.003047
1982.000000	0.009246
1984.000000	0.003015
1986.000000	0.014286
1988.000000	0.022442
1990.000000	0.005048
1992.000000	-0.004935
1994.000000	0.005910
1996.000000	0.009145
1998.000000	-0.008186
2000.000000	-0.010876
2002.000000	-0.008127
2004.000000	-0.004373
2006.000000	0.006188
2008.000000	0.020056
2010.000000	0.008382
2012.000000	-0.004665
2014.000000	0.002570
2016.000000	0.000940
2018.000000	-0.005737
2020.000000	0.003307
2022.000000	0.018759
2024.000000	0.001700
2026.000000	-0.015456
2028.000000	-0.004885
2030.000000	0.011443
2032.000000	-0.007410
2034.000000	-0.005244
2036.000000	-0.004300
2038.000000	-0.016922
2040.000000	-0.000735
2042.000000	0.000681
2044.000000	-0.007325
2046.000000	-0.003702
2048.000000	0.006029
2050.000000	0.009527
2052.000000	0.016360
2054.000000	0.021245
2056.000000	0.006040
2058.000000	-0.005932
2060.000000	0.006121
2062.000000	0.015638
2064.000000	-0.006854
2066.000000	-0.006690
2068.000000	-0.005173
2070.000000	-0.003353
2072.000000	0.020802
2074.000000	0.014618
2076.000000	0.008434
2078.000000	-0.013774
2080.000000	-0.001728
2082.000000	0.000283
2084.000000	-0.003090
2086.000000	-0.009059
2088.000000	-0.010822
2090.000000	0.012528
2092.000000	0.021372
2094.000000	0.020335
2096.000000	0.021707
2098.000000	0.009082
2100.000000	0.014944
2102.000000	0.022765
2104.000000	0.013342
2106.000000	0.000921
2108.000000	-0.011775
2110.000000	-0.009774
2112.000000	-0.002711
2114.000000	-0.011797
2116.000000	-0.009439
2118.000000	0.006623
2120.000000	0.006241
2122.000000	-0.013180
2124.000000	0.008523
2126.000000	0.001941
2128.000000	-0.015691
2130.000000	0.006132
2132.000000	0.019469
2134.000000	0.016150
2136.000000	0.001057
2138.000000	-0.011972
2140.000000	-0.007276
2142.000000	-0.000819
2144.000000	-0.000872
2146.000000	-0.001780
2148.000000	0.001866
2150.000000	-0.000247
2152.000000	0.003773
2154.000000	0.011505
2156.000000	0.008095
2158.000000	-0.000511
2160.000000	-0.000365
2162.000000	0.006950
2164.000000	0.010063
2166.000000	0.006016
2168.000000	0.005190
2170.000000	-0.002019
2172.000000	-0.009873
2174.000000	0.001515
2176.000000	0.001103
2178.000000	0.007754
2180.000000	0.015555
2182.000000	0.003288
2184.000000	0.006412
2186.000000	-0.008690
2188.000000	-0.011525
2190.000000	0.018391
2192.000000	0.009864
2194.000000	0.004824
2196.000000	0.009424
2198.000000	0.004420
2200.000000	-0.007488
2202.000000	-0.007165
2204.000000	-0.002114
2206.000000	0.004888
2208.000000	0.013013
2210.000000	0.002918
2212.000000	-0.005530
2214.000000	-0.009779
2216.000000	-0.014127
2218.000000	-0.009014
2220.000000	-0.002259
2222.000000	0.015743
2224.000000	0.027390
2226.000000	0.010568
2228.000000	0.014589
2230.000000	0.022063
2232.000000	0.008244
2234.000000	-0.010458
2236.000000	0.002141
2238.000000	0.004794
2240.000000	-0.004568
2242.000000	-0.003937
2244.000000	0.004446
2246.000000	-0.005689
2248.000000	0.004112
2250.000000	0.022484
2252.000000	0.012005
2254.000000	-0.000108
2256.000000	-0.000005
2258.000000	-0.000284
2260.000000	-0.001329
2262.000000	0.010732
2264.000000	0.011017
2266.000000	-0.002587
2268.000000	-0.001217
2270.000000	0.019215
2272.000000	0.009532
2274.000000	-0.002576
2276.000000	0.001274
2278.000000	0.009888
2280.000000	0.007370
2282.000000	0.003246
2284.000000	0.015923
2286.000000	0.013059
2288.000000	-0.012090
2290.000000	0.011971
2292.000000	0.021868
2294.000000	0.004991
2296.000000	-0.002206
2298.000000	0.014200
2300.000000	0.018039
2302.000000	0.016733
2304.000000	0.015612
2306.000000	0.011819
2308.000000	0.013450
2310.000000	0.025817
2312.000000	0.017059
2314.000000	-0.002835
2316.000000	-0.000649
2318.000000	-0.002379
2320.000000	0.020123
2322.000000	0.031184
2324.000000	0.018996
2326.000000	0.034152
2328.000000	0.033898
2330.000000	0.012978
2332.000000	0.003446
2334.000000	0.015185
2336.000000	0.010089
2338.000000	-0.010331
2340.000000	-0.016633
2342.000000	-0.000399
2344.000000	0.013376
2346.000000	0.006283
2348.000000	0.009160
2350.000000	0.013925
2352.000000	0.002772
2354.000000	-0.006805
2356.000000	0.003673
2358.000000	0.019555
2360.000000	0.018386
2362.000000	-0.003186
2364.000000	-0.019240
2366.000000	0.003888
2368.000000	0.022721
2370.000000	0.012877
2372.000000	0.000626
2374.000000	0.002733
2376.000000	0.024201
2378.000000	0.016880
2380.000000	-0.011255
2382.000000	0.000219
2384.000000	0.013680
2386.000000	0.011600
2388.000000	0.014455
2390.000000	0.017154
2392.000000	-0.009774
2394.000000	-0.015508
2396.000000	-0.000988
2398.000000	0.015051
2400.000000	0.022329
2402.000000	0.019031
2404.000000	0.016278
2406.000000	0.017977
2408.000000	0.015391
2410.000000	0.007849
2412.000000	0.008564
2414.000000	-0.004541
2416.000000	0.005288
2418.000000	0.021201
2420.000000	0.000181
2422.000000	-0.007382
2424.000000	-0.009341
2426.000000	-0.000481
2428.000000	0.009467
2430.000000	0.001984
2432.000000	0.000501
2434.000000	-0.004042
2436.000000	0.001705
2438.000000	0.011851
2440.000000	0.006011
2442.000000	0.016870
2444.000000	0.031215
2446.000000	0.024873
2448.000000	0.001993
2450.000000	-0.004732
2452.000000	0.023081
2454.000000	0.045593
2456.000000	0.029779
2458.000000	-0.005453
2460.000000	-0.012162
2462.000000	0.011293
2464.000000	0.014605
2466.000000	-0.004401
2468.000000	-0.006673
2470.000000	0.016763
2472.000000	0.018123
2474.000000	0.024389
2476.000000	0.017858
2478.000000	-0.000501
2480.000000	0.006845
2482.000000	-0.007216
2484.000000	-0.003097
2486.000000	0.020552
2488.000000	0.021291
2490.000000	-0.002270
2492.000000	0.013717
2494.000000	0.018760
2496.000000	-0.003732
2498.000000	-0.015990
2500.000000	-0.000676
2502.000000	0.000225
2504.000000	-0.011855
2506.000000	-0.007381
2508.000000	0.009539
2510.000000	0.013795
2512.000000	0.021200
2514.000000	0.018774
2516.000000	0.026481
2518.000000	0.024917
2520.000000	-0.003909
2522.000000	0.009106
2524.000000	0.009317
2526.000000	-0.003504
2528.000000	-0.011971
2530.000000	-0.011889
2532.000000	0.002035
2534.000000	-0.010136
2536.000000	0.000895
2538.000000	0.022274
2540.000000	0.009786
2542.000000	-0.000345
2544.000000	0.003152
2546.000000	-0.003185
2548.000000	-0.009238
2550.000000	0.001943
2552.000000	0.012840
2554.000000	0.009067
2556.000000	-0.007898
2558.000000	-0.001598
2560.000000	0.020095
2562.000000	0.009648
2564.000000	-0.006895
2566.000000	0.000313
2568.000000	-0.002614
2570.000000	-0.005045
2572.000000	0.015309
2574.000000	-0.000235
2576.000000	-0.000751
2578.000000	0.020648
2580.000000	0.027160
2582.000000	0.009296
2584.000000	0.005553
2586.000000	0.025178
2588.000000	0.021422
2590.000000	0.013139
2592.000000	0.006449
2594.000000	-0.024129
2596.000000	-0.016086
2598.000000	-0.002806
2600.000000	-0.000792
2602.000000	-0.001199
2604.000000	-0.000462
2606.000000	-0.003833
2608.000000	-0.013977
2610.000000	-0.014410
2612.000000	0.000552
2614.000000	0.008772
2616.000000	-0.006762
2618.000000	-0.012797
2620.000000	-0.011159
2622.000000	0.003818
2624.000000	0.014435
2626.000000	0.001618
2628.000000	0.000521
2630.000000	0.005425
2632.000000	0.021631
2634.000000	0.018275
2636.000000	-0.005864
2638.000000	0.003156
2640.000000	0.011999
2642.000000	0.013963
2644.000000	0.016831
2646.000000	0.013853
2648.000000	-0.001685
2650.000000	-0.012761
2652.000000	-0.018149
2654.000000	-0.012194
2656.000000	-0.006409
2658.000000	-0.002994
2660.000000	0.006291
2662.000000	-0.005293
2664.000000	0.008916
2666.000000	0.014292
2668.000000	0.007195
2670.000000	0.012070
2672.000000	-0.007947
2674.000000	-0.013026
2676.000000	-0.015057
2678.000000	-0.014446
2680.000000	-0.001213
2682.000000	0.014801
2684.000000	0.015913
2686.000000	-0.010747
2688.000000	-0.018848
2690.000000	0.001182
2692.000000	0.010225
2694.000000	-0.003598
2696.000000	-0.001205
2698.000000	0.010049
2700.000000	0.000131
2702.000000	-0.008825
2704.000000	0.002614
2706.000000	-0.003890
2708.000000	-0.000995
2710.000000	-0.001482
2712.000000	0.013954
2714.000000	0.017081
2716.000000	-0.010405
2718.000000	0.014260
2720.000000	0.009160
2722.000000	0.021096
2724.000000	0.028741
2726.000000	0.016577
2728.000000	0.022686
2730.000000	0.006247
2732.000000	0.012188
2734.000000	0.013639
2736.000000	0.018505
2738.000000	0.029995
2740.000000	0.020665
2742.000000	0.026076
2744.000000	0.006522
2746.000000	-0.001670
2748.000000	0.009732
2750.000000	0.020665
2752.000000	0.029268
2754.000000	0.012595
2756.000000	-0.001983
2758.000000	0.007908
2760.000000	0.013769
2762.000000	0.003582
2764.000000	0.002033
2766.000000	-0.010808
2768.000000	-0.001649
2770.000000	0.008080
2772.000000	-0.008760
2774.000000	-0.008979
2776.000000	0.026308
2778.000000	-0.013232
2780.000000	-0.025348
2782.000000	-0.013321
2784.000000	-0.002756
2786.000000	-0.007994
2788.000000	-0.027369
2790.000000	0.005490
2792.000000	0.017212
2794.000000	-0.008440
2796.000000	-0.020748
2798.000000	-0.011407
2800.000000	-0.005949
2802.000000	0.011891
2804.000000	-0.021446
2806.000000	-0.020954
2808.000000	-0.005178
2810.000000	-0.006420
2812.000000	-0.006798
2814.000000	-0.035570
2816.000000	-0.005742
2818.000000	-0.029143
2820.000000	-0.024337
2822.000000	0.019070
2824.000000	-0.003121
2826.000000	-0.030112
2828.000000	-0.032411
2830.000000	0.002060
2832.000000	0.026752
2834.000000	0.032774
2836.000000	0.036670
2838.000000	0.026324
2840.000000	0.025141
2842.000000	0.057623
2844.000000	0.087135
2846.000000	0.079878
2848.000000	0.079280
2850.000000	0.117807
2852.000000	0.138094
2854.000000	0.205438
2856.000000	0.215615
2858.000000	0.221351
2860.000000	0.269036
2862.000000	0.281314
2864.000000	0.258045
2866.000000	0.297573
2868.000000	0.323517
2870.000000	0.370709
2872.000000	0.398155
2874.000000	0.395929
2876.000000	0.440780
2878.000000	0.454004
2880.000000	0.455058
2882.000000	0.462920
2884.000000	0.473323
2886.000000	0.450166
2888.000000	0.435369
2890.000000	0.494726
2892.000000	0.469228
2894.000000	0.493778
2896.000000	0.527908
2898.000000	0.556058
2900.000000	0.564325
2902.000000	0.545247
2904.000000	0.606706
2906.000000	0.602274
2908.000000	0.648466
2910.000000	0.670060
2912.000000	0.676707
2914.000000	0.721135
2916.000000	0.729389
2918.000000	0.780002
2920.000000	0.855257
2922.000000	0.865177
2924.000000	0.900606
2926.000000	0.957683
2928.000000	0.950348
2930.000000	0.959075
2932.000000	1.000000
2934.000000	0.958972
2936.000000	0.953809
2938.000000	0.966008
2940.000000	0.938276
2942.000000	0.899278
2944.000000	0.835947
2946.000000	0.785023
2948.000000	0.764934
2950.000000	0.723372
2952.000000	0.703425
2954.000000	0.699481
2956.000000	0.652454
2958.000000	0.625628
2960.000000	0.616419
2962.000000	0.578310
2964.000000	0.546667
2966.000000	0.586386
2968.000000	0.578232
2970.000000	0.479189
2972.000000	0.499562
2974.000000	0.471519
2976.000000	0.441114
2978.000000	0.431887
2980.000000	0.395381
2982.000000	0.368887
2984.000000	0.379847
2986.000000	0.342770
2988.000000	0.316048
2990.000000	0.277574
2992.000000	0.276943
2994.000000	0.240285
2996.000000	0.178341
2998.000000	0.161249
3000.000000	0.131526
3002.000000	0.129957
3004.000000	0.125752
3006.000000	0.092758
3008.000000	0.068391
3010.000000	0.063397
3012.000000	0.049549
3014.000000	0.040943
3016.000000	0.064435
3018.000000	0.048443
3020.000000	0.030672
3022.000000	0.003587
3024.000000	-0.005032
3026.000000	0.003232
3028.000000	-0.006421
3030.000000	0.000147
3032.000000	-0.025047
3034.000000	0.008275
3036.000000	-0.002797
3038.000000	-0.012999
3040.000000	0.015819
3042.000000	0.016449
3044.000000	0.012539
3046.000000	0.022007
3048.000000	-0.014834
3050.000000	0.014297
3052.000000	0.046265
3054.000000	0.035696
3056.000000	0.025006
3058.000000	0.024162
3060.000000	0.029982
3062.000000	0.038828
3064.000000	0.058348
3066.000000	0.061867
3068.000000	0.034121
3070.000000	0.015598
3072.000000	0.023698
3074.000000	0.019393
3076.000000	0.006190
3078.000000	0.005294
3080.000000	-0.002830
3082.000000	0.003602
3084.000000	-0.005664
3086.000000	-0.022787
3088.000000	-0.019832
3090.000000	-0.014614
3092.000000	0.018335
3094.000000	0.007531
3096.000000	-0.015640
3098.000000	-0.016760
3100.000000	-0.002728
3102.000000	0.008829
3104.000000	0.003243
3106.000000	-0.020611
3108.000000	-0.029134
3110.000000	-0.005085
3112.000000	0.013383
3114.000000	0.000950
3116.000000	0.006255
3118.000000	0.015172
3120.000000	-0.008279
3122.000000	-0.012968
3124.000000	-0.005443
3126.000000	-0.003620
3128.000000	0.033009
3130.000000	0.005709
3132.000000	-0.007174
3134.000000	0.010171
3136.000000	-0.013746
3138.000000	-0.016424
3140.000000	-0.001107
3142.000000	-0.015091
3144.000000	-0.031065
3146.000000	0.009660
3148.000000	0.026863
3150.000000	-0.006385
3152.000000	0.002999
3154.000000	-0.002597
3156.000000	-0.008194
3158.000000	-0.021482
3160.000000	-0.014342
3162.000000	-0.007981
3164.000000	0.009370
3166.000000	0.005717
3168.000000	-0.007949
3170.000000	-0.003035
3172.000000	-0.011857
3174.000000	-0.007427
3176.000000	0.015280
3178.000000	-0.001825
3180.000000	0.002198
3182.000000	0.008671
3184.000000	-0.016246
3186.000000	-0.013535
3188.000000	0.014448
3190.000000	-0.006079
3192.000000	0.006200
3194.000000	-0.008377
3196.000000	0.009996
3198.000000	0.012856
3200.000000	0.003954
3202.000000	-0.003458
3204.000000	-0.002700
3206.000000	0.012389
3208.000000	-0.004545
3210.000000	0.009029
3212.000000	0.021816
3214.000000	0.028593
3216.000000	0.022980
3218.000000	0.002692
3220.000000	0.001310
3222.000000	0.014680
3224.000000	0.000928
3226.000000	-0.012688
3228.000000	0.000427
3230.000000	0.022489
3232.000000	0.021472
3234.000000	0.020456
3236.000000	0.011451
3238.000000	0.021619
3240.000000	0.002068
3242.000000	-0.002168
3244.000000	-0.002773
3246.000000	-0.010692
3248.000000	0.007657
3250.000000	0.034700
3252.000000	0.012502
3254.000000	0.019394
3256.000000	0.034621
3258.000000	0.018163
3260.000000	0.020369
3262.000000	0.023631
3264.000000	0.018072
3266.000000	0.019357
3268.000000	0.020642
3270.000000	0.017759
3272.000000	0.038553
3274.000000	0.029484
3276.000000	0.028253
3278.000000	0.038889
3280.000000	0.028295
3282.000000	0.021980
3284.000000	0.018505
3286.000000	0.065813
3288.000000	0.073538
3290.000000	0.042662
3292.000000	0.034621
3294.000000	0.045416
3296.000000	0.044742
3298.000000	0.053747
3300.000000	0.064344
3302.000000	0.036175
3304.000000	0.043537
3306.000000	0.050615
3308.000000	0.048787
3310.000000	0.052974
3312.000000	0.058265
3314.000000	0.084589
3316.000000	0.069456
3318.000000	0.046510
3320.000000	0.084940
3322.000000	0.064159
3324.000000	0.050159
3326.000000	0.063576
3328.000000	0.047686
3330.000000	0.042521
3332.000000	0.073081
3334.000000	0.070085
3336.000000	0.056241
3338.000000	0.064680
3340.000000	0.061281
3342.000000	0.054684
3344.000000	0.049835
3346.000000	0.055617
3348.000000	0.048877
3350.000000	0.050110
3352.000000	0.056051
3354.000000	0.059404
3356.000000	0.061555
3358.000000	0.051096
3360.000000	0.029968
3362.000000	0.028831
3364.000000	0.054709
3366.000000	0.071365
3368.000000	0.051995
3370.000000	0.024369
3372.000000	0.046208
3374.000000	0.030658
3376.000000	0.027783
3378.000000	0.033847
3380.000000	0.036672
3382.000000	0.050623
3384.000000	0.054940
3386.000000	0.048579
3388.000000	0.024602
3390.000000	0.037229
3392.000000	0.026939
3394.000000	0.014506
3396.000000	-0.005128
3398.000000	0.033009
3400.000000	0.042733
3402.000000	0.024513
3404.000000	0.042318
3406.000000	0.035678
3408.000000	0.007815
3410.000000	0.018684
3412.000000	0.010068
3414.000000	0.034454
3416.000000	0.022459
3418.000000	0.013747
3420.000000	0.011337
3422.000000	0.023544
3424.000000	0.021498
3426.000000	0.018096
3428.000000	0.027234
3430.000000	0.021420
3432.000000	0.016417
3434.000000	0.025877
3436.000000	0.025969
3438.000000	0.007619
3440.000000	0.017338
3442.000000	0.005974
3444.000000	0.022533
3446.000000	0.043958
3448.000000	0.027287
3450.000000	0.008887
3452.000000	0.030124
3454.000000	0.038068
3456.000000	-0.006631
3458.000000	-0.012810
3460.000000	0.032808
3462.000000	0.020467
3464.000000	0.028715
3466.000000	-0.016692
3468.000000	0.017095
3470.000000	-0.000570
3472.000000	0.006378
3474.000000	0.026181
3476.000000	0.021827
3478.000000	0.007944
3480.000000	0.007106
3482.000000	0.022468
3484.000000	-0.003177
3486.000000	0.014251
3488.000000	0.013428
3490.000000	-0.014330
3492.000000	-0.010259
3494.000000	0.023504
3496.000000	0.011115
3498.000000	-0.001275
3500.000000	-0.012621
3502.000000	-0.000968
3504.000000	0.004902
3506.000000	0.004965
3508.000000	-0.003428
3510.000000	-0.013489
3512.000000	-0.003789
3514.000000	-0.000010
3516.000000	-0.009722
3518.000000	0.002034
3520.000000	0.008627
3522.000000	0.011709
3524.000000	0.024539
3526.000000	-0.024442
3528.000000	-0.000957
3530.000000	0.015473
3532.000000	-0.007846
3534.000000	-0.002431
3536.000000	0.000163
3538.000000	0.008016
3540.000000	0.009158
3542.000000	0.019134
3544.000000	0.000548
3546.000000	0.003114
3548.000000	0.009054
3550.000000	-0.001825
3552.000000	-0.001789
3554.000000	0.027814
3556.000000	0.027088
3558.000000	0.029469
3560.000000	0.021680
3562.000000	-0.007674
3564.000000	-0.025914
3566.000000	0.012522
3568.000000	0.051271
3570.000000	0.001294
3572.000000	-0.006239
3574.000000	0.004939
3576.000000	0.017124
3578.000000	0.006570
3580.000000	0.011617
3582.000000	-0.012802
3584.000000	0.003374
3586.000000	0.009726
3588.000000	0.008598
3590.000000	-0.000876
3592.000000	-0.014747
3594.000000	-0.008014
3596.000000	-0.006482
3598.000000	-0.020929
3600.000000	-0.010450
