400.000000	0.012087
401.000000	0.002389
402.000000	0.001801
403.000000	0.007778
404.000000	0.017775
405.000000	0.028446
406.000000	0.033248
407.000000	0.027746
408.000000	0.019146
409.000000	0.015910
410.000000	0.019894
411.000000	0.029739
412.000000	0.037816
413.000000	0.037227
414.000000	0.030250
415.000000	0.021329
416.000000	0.014394
417.000000	0.012117
418.000000	0.012649
419.000000	0.013511
420.000000	0.014225
421.000000	0.015004
422.000000	0.016816
423.000000	0.020125
424.000000	0.022610
425.000000	0.021749
426.000000	0.016988
427.000000	0.009433
428.000000	0.004858
429.000000	0.008270
430.000000	0.016942
431.000000	0.025988
432.000000	0.029631
433.000000	0.024079
434.000000	0.014378
435.000000	0.006719
436.000000	0.003022
437.000000	0.003330
438.000000	0.004443
439.000000	0.003271
440.000000	0.000413
441.000000	-0.002678
442.000000	-0.004817
443.000000	-0.005073
444.000000	-0.003254
445.000000	0.000401
446.000000	0.004681
447.000000	0.007990
448.000000	0.008152
449.000000	0.003978
450.000000	-0.001200
451.000000	-0.003591
452.000000	-0.002099
453.000000	0.002572
454.000000	0.005210
455.000000	0.001316
456.000000	-0.006238
457.000000	-0.012783
458.000000	-0.013821
459.000000	-0.006691
460.000000	0.004086
461.000000	0.013029
462.000000	0.017993
463.000000	0.018009
464.000000	0.013482
465.000000	0.005593
466.000000	-0.002743
467.000000	-0.008547
468.000000	-0.010308
469.000000	-0.007869
470.000000	-0.005022
471.000000	-0.005473
472.000000	-0.008626
473.000000	-0.012652
474.000000	-0.015080
475.000000	-0.013841
476.000000	-0.009111
477.000000	-0.001872
478.000000	0.005910
479.000000	0.011492
480.000000	0.010017
481.000000	-0.001637
482.000000	-0.017522
483.000000	-0.029985
484.000000	-0.033618
485.000000	-0.025720
486.000000	-0.012165
487.000000	0.000259
488.000000	0.009680
489.000000	0.015772
490.000000	0.019484
491.000000	0.021717
492.000000	0.021918
493.000000	0.019444
494.000000	0.014743
495.000000	0.008904
496.000000	0.004491
497.000000	0.003645
498.000000	0.005341
499.000000	0.007813
500.000000	0.009497
501.000000	0.009534
502.000000	0.009697
503.000000	0.011788
504.000000	0.015103
505.000000	0.018044
506.000000	0.017931
507.000000	0.013023
508.000000	0.006406
509.000000	0.001816
510.000000	0.000755
511.000000	0.003354
512.000000	0.006504
513.000000	0.007202
514.000000	0.006110
515.000000	0.004799
516.000000	0.004820
517.000000	0.007215
518.000000	0.011009
519.000000	0.014909
520.000000	0.018364
521.000000	0.021079
522.000000	0.023033
523.000000	0.024117
524.000000	0.023609
525.000000	0.020834
526.000000	0.015932
527.000000	0.009601
528.000000	0.003964
529.000000	0.001058
530.000000	0.001141
531.000000	0.003938
532.000000	0.008812
533.000000	0.014822
534.000000	0.020168
535.000000	0.023187
536.000000	0.023630
537.000000	0.021811
538.000000	0.018899
539.000000	0.016027
540.000000	0.013342
541.000000	0.010828
542.000000	0.008792
543.000000	0.007835
544.000000	0.009400
545.000000	0.014487
546.000000	0.021468
547.000000	0.028077
548.000000	0.032120
549.000000	0.032158
550.000000	0.029706
551.000000	0.026655
552.000000	0.023454
553.000000	0.020037
554.000000	0.015717
555.000000	0.010102
556.000000	0.004609
557.000000	0.000891
558.000000	-0.000274
559.000000	0.001400
560.000000	0.005099
561.000000	0.009696
562.000000	0.013905
563.000000	0.016484
564.000000	0.016523
565.000000	0.013702
566.000000	0.009732
567.000000	0.006566
568.000000	0.005094
569.000000	0.005845
570.000000	0.008976
571.000000	0.014164
572.000000	0.019544
573.000000	0.023119
574.000000	0.023899
575.000000	0.021443
576.000000	0.016482
577.000000	0.010130
578.000000	0.003853
579.000000	-0.000905
580.000000	-0.003125
581.000000	-0.002525
582.000000	-0.001332
583.000000	-0.001793
584.000000	-0.003730
585.000000	-0.006158
586.000000	-0.007291
587.000000	-0.005669
588.000000	-0.001946
589.000000	0.002743
590.000000	0.007461
591.000000	0.011266
592.000000	0.012986
593.000000	0.011888
594.000000	0.009211
595.000000	0.006573
596.000000	0.005128
597.000000	0.005382
598.000000	0.005712
599.000000	0.004496
600.000000	0.002242
601.000000	0.000077
602.000000	-0.000515
603.000000	0.001393
604.000000	0.004145
605.000000	0.005739
606.000000	0.005378
607.000000	0.002716
608.000000	-0.001980
609.000000	-0.007954
610.000000	-0.013095
611.000000	-0.015290
612.000000	-0.013772
613.000000	-0.008959
614.000000	-0.004673
615.000000	-0.004499
616.000000	-0.007663
617.000000	-0.012209
618.000000	-0.015820
619.000000	-0.016752
620.000000	-0.015913
621.000000	-0.014547
622.000000	-0.012591
623.000000	-0.009504
624.000000	-0.004129
625.000000	0.003932
626.000000	0.011425
627.000000	0.014799
628.000000	0.012972
629.000000	0.006313
630.000000	-0.001469
631.000000	-0.006627
632.000000	-0.008612
633.000000	-0.007749
634.000000	-0.004662
635.000000	-0.000171
636.000000	0.004421
637.000000	0.007954
638.000000	0.010320
639.000000	0.011752
640.000000	0.012789
641.000000	0.014087
642.000000	0.016454
643.000000	0.020371
644.000000	0.024846
645.000000	0.028072
646.000000	0.026455
647.000000	0.017710
648.000000	0.006572
649.000000	-0.001194
650.000000	-0.002723
651.000000	0.002535
652.000000	0.008777
653.000000	0.010254
654.000000	0.007798
655.000000	0.003933
656.000000	0.001387
657.000000	0.001878
658.000000	0.002892
659.000000	0.001696
660.000000	-0.001083
661.000000	-0.003664
662.000000	-0.003016
663.000000	0.002766
664.000000	0.009831
665.000000	0.013713
666.000000	0.013247
667.000000	0.009355
668.000000	0.008012
669.000000	0.013595
670.000000	0.019038
671.000000	0.017211
672.000000	0.012167
673.000000	0.008939
674.000000	0.005297
675.000000	-0.001343
676.000000	-0.007713
677.000000	-0.010192
678.000000	-0.009615
679.000000	-0.007877
680.000000	-0.006670
681.000000	-0.007281
682.000000	-0.009578
683.000000	-0.012834
684.000000	-0.015364
685.000000	-0.015664
686.000000	-0.013905
687.000000	-0.010700
688.000000	-0.006754
689.000000	-0.002876
690.000000	-0.000201
691.000000	0.000288
692.000000	-0.001449
693.000000	-0.005096
694.000000	-0.009841
695.000000	-0.014190
696.000000	-0.014402
697.000000	-0.007754
698.000000	0.002179
699.000000	0.010228
700.000000	0.011167
701.000000	0.002452
702.000000	-0.007669
703.000000	-0.010430
704.000000	-0.005798
705.000000	0.003114
706.000000	0.009334
707.000000	0.007276
708.000000	0.000744
709.000000	-0.004908
710.000000	-0.007520
711.000000	-0.006408
712.000000	-0.003604
713.000000	-0.001405
714.000000	-0.000461
715.000000	-0.000946
716.000000	-0.002785
717.000000	-0.005712
718.000000	-0.008954
719.000000	-0.011500
720.000000	-0.011896
721.000000	-0.008576
722.000000	0.000019
723.000000	0.013565
724.000000	0.024213
725.000000	0.025137
726.000000	0.021141
727.000000	0.018540
728.000000	0.018069
729.000000	0.018848
730.000000	0.019131
731.000000	0.017176
732.000000	0.012132
733.000000	0.004125
734.000000	-0.003706
735.000000	-0.008179
736.000000	-0.008961
737.000000	-0.006563
738.000000	-0.002013
739.000000	0.003066
740.000000	0.005192
741.000000	0.001820
742.000000	-0.003981
743.000000	-0.008007
744.000000	-0.007139
745.000000	-0.000268
746.000000	0.006746
747.000000	0.008038
748.000000	0.004699
749.000000	-0.000155
750.000000	-0.002263
751.000000	0.001172
752.000000	0.005949
753.000000	0.007410
754.000000	0.006080
755.000000	0.004470
756.000000	0.007852
757.000000	0.019573
758.000000	0.032518
759.000000	0.038508
760.000000	0.035568
761.000000	0.024986
762.000000	0.014908
763.000000	0.012703
764.000000	0.015761
765.000000	0.019413
766.000000	0.020717
767.000000	0.018115
768.000000	0.013863
769.000000	0.010641
770.000000	0.009003
771.000000	0.008937
772.000000	0.010286
773.000000	0.012960
774.000000	0.017286
775.000000	0.023338
776.000000	0.029772
777.000000	0.034851
778.000000	0.036691
779.000000	0.034400
780.000000	0.031188
781.000000	0.030505
782.000000	0.032654
783.000000	0.036709
784.000000	0.039979
785.000000	0.040217
786.000000	0.038721
787.000000	0.037317
788.000000	0.036387
789.000000	0.035553
790.000000	0.032837
791.000000	0.026777
792.000000	0.019569
793.000000	0.014021
794.000000	0.011738
795.000000	0.013435
796.000000	0.017478
797.000000	0.021885
798.000000	0.025623
799.000000	0.027946
800.000000	0.028295
801.000000	0.026193
802.000000	0.021306
803.000000	0.013690
804.000000	0.004812
805.000000	-0.003483
806.000000	-0.009266
807.000000	-0.011016
808.000000	-0.008944
809.000000	-0.003907
810.000000	0.002367
811.000000	0.007815
812.000000	0.009894
813.000000	0.007035
814.000000	0.002038
815.000000	-0.001759
816.000000	-0.003239
817.000000	-0.002288
818.000000	-0.000590
819.000000	0.000371
820.000000	0.001701
821.000000	0.004792
822.000000	0.009595
823.000000	0.015075
824.000000	0.017704
825.000000	0.014878
826.000000	0.010182
827.000000	0.008194
828.000000	0.011287
829.000000	0.019598
830.000000	0.026539
831.000000	0.025917
832.000000	0.019832
833.000000	0.012434
834.000000	0.007768
835.000000	0.008707
836.000000	0.013538
837.000000	0.019603
838.000000	0.025039
839.000000	0.028261
840.000000	0.028003
841.000000	0.023716
842.000000	0.017391
843.000000	0.011485
844.000000	0.007769
845.000000	0.007768
846.000000	0.012724
847.000000	0.022648
848.000000	0.032925
849.000000	0.038806
850.000000	0.039623
851.000000	0.036542
852.000000	0.033992
853.000000	0.035591
854.000000	0.038462
855.000000	0.038781
856.000000	0.035438
857.000000	0.028743
858.000000	0.021968
859.000000	0.018448
860.000000	0.018804
861.000000	0.022749
862.000000	0.029068
863.000000	0.035665
864.000000	0.037846
865.000000	0.032051
866.000000	0.021850
867.000000	0.012320
868.000000	0.007435
869.000000	0.009619
870.000000	0.016201
871.000000	0.023578
872.000000	0.029510
873.000000	0.032269
874.000000	0.030800
875.000000	0.025327
876.000000	0.020508
877.000000	0.020521
878.000000	0.023187
879.000000	0.024504
880.000000	0.019546
881.000000	0.005977
882.000000	-0.007243
883.000000	-0.010677
884.000000	-0.004278
885.000000	0.008696
886.000000	0.021162
887.000000	0.026906
888.000000	0.027012
889.000000	0.024110
890.000000	0.019724
891.000000	0.015028
892.000000	0.010901
893.000000	0.008253
894.000000	0.008401
895.000000	0.012240
896.000000	0.018564
897.000000	0.024980
898.000000	0.026445
899.000000	0.019348
900.000000	0.008445
901.000000	-0.000158
902.000000	-0.003327
903.000000	0.000282
904.000000	0.007837
905.000000	0.015764
906.000000	0.021703
907.000000	0.023938
908.000000	0.022126
909.000000	0.017249
910.000000	0.014206
911.000000	0.017060
912.000000	0.022601
913.000000	0.026196
914.000000	0.024793
915.000000	0.017835
916.000000	0.013163
917.000000	0.017849
918.000000	0.027501
919.000000	0.035069
920.000000	0.034353
921.000000	0.022492
922.000000	0.009148
923.000000	0.004547
924.000000	0.008649
925.000000	0.018402
926.000000	0.028975
927.000000	0.035608
928.000000	0.035593
929.000000	0.027845
930.000000	0.015710
931.000000	0.003943
932.000000	-0.001503
933.000000	0.003304
934.000000	0.013001
935.000000	0.020969
936.000000	0.024848
937.000000	0.023770
938.000000	0.018568
939.000000	0.010968
940.000000	0.004563
941.000000	0.002662
942.000000	0.005553
943.000000	0.012237
944.000000	0.019572
945.000000	0.024783
946.000000	0.028708
947.000000	0.032699
948.000000	0.036560
949.000000	0.039394
950.000000	0.039039
951.000000	0.034139
952.000000	0.027828
953.000000	0.023776
954.000000	0.023316
955.000000	0.026573
956.000000	0.031175
957.000000	0.034673
958.000000	0.036794
959.000000	0.037803
960.000000	0.037944
961.000000	0.037537
962.000000	0.037229
963.000000	0.037292
964.000000	0.036181
965.000000	0.032232
966.000000	0.025112
967.000000	0.015432
968.000000	0.006240
969.000000	0.000585
970.000000	-0.000910
971.000000	0.001574
972.000000	0.007066
973.000000	0.013878
974.000000	0.018245
975.000000	0.017376
976.000000	0.014463
977.000000	0.013804
978.000000	0.018149
979.000000	0.028385
980.000000	0.039487
981.000000	0.046083
982.000000	0.047317
983.000000	0.043668
984.000000	0.036448
985.000000	0.027635
986.000000	0.021036
987.000000	0.019665
988.000000	0.021534
989.000000	0.023512
990.000000	0.022897
991.000000	0.018857
992.000000	0.017619
993.000000	0.024988
994.000000	0.038014
995.000000	0.051514
996.000000	0.060140
997.000000	0.060605
998.000000	0.058048
999.000000	0.058451
1000.000000	0.062752
1001.000000	0.070637
1002.000000	0.081825
1003.000000	0.094894
1004.000000	0.103817
1005.000000	0.104097
1006.000000	0.101955
1007.000000	0.103053
1008.000000	0.100093
1009.000000	0.086135
1010.000000	0.068620
1011.000000	0.056393
1012.000000	0.049518
1013.000000	0.045809
1014.000000	0.042858
1015.000000	0.038643
1016.000000	0.032908
1017.000000	0.026049
1018.000000	0.019295
1019.000000	0.014135
1020.000000	0.012252
1021.000000	0.014563
1022.000000	0.018735
1023.000000	0.022064
1024.000000	0.023608
1025.000000	0.023078
1026.000000	0.021023
1027.000000	0.018415
1028.000000	0.017083
1029.000000	0.018847
1030.000000	0.024648
1031.000000	0.034040
1032.000000	0.041920
1033.000000	0.043839
1034.000000	0.042635
1035.000000	0.042200
1036.000000	0.043350
1037.000000	0.045316
1038.000000	0.044064
1039.000000	0.036536
1040.000000	0.026833
1041.000000	0.019734
1042.000000	0.015570
1043.000000	0.013666
1044.000000	0.013784
1045.000000	0.015559
1046.000000	0.017696
1047.000000	0.018980
1048.000000	0.019465
1049.000000	0.019697
1050.000000	0.020931
1051.000000	0.024021
1052.000000	0.027504
1053.000000	0.029653
1054.000000	0.029991
1055.000000	0.028518
1056.000000	0.025883
1057.000000	0.022993
1058.000000	0.021131
1059.000000	0.021259
1060.000000	0.022689
1061.000000	0.024035
1062.000000	0.022779
1063.000000	0.017508
1064.000000	0.012361
1065.000000	0.011840
1066.000000	0.016338
1067.000000	0.024617
1068.000000	0.033024
1069.000000	0.037890
1070.000000	0.037904
1071.000000	0.032849
1072.000000	0.024545
1073.000000	0.015712
1074.000000	0.010646
1075.000000	0.012364
1076.000000	0.017182
1077.000000	0.020725
1078.000000	0.022548
1079.000000	0.023790
1080.000000	0.027995
1081.000000	0.037229
1082.000000	0.045235
1083.000000	0.045473
1084.000000	0.038598
1085.000000	0.028080
1086.000000	0.021445
1087.000000	0.024862
1088.000000	0.035005
1089.000000	0.046614
1090.000000	0.056176
1091.000000	0.060819
1092.000000	0.058495
1093.000000	0.048673
1094.000000	0.036076
1095.000000	0.026051
1096.000000	0.021188
1097.000000	0.022968
1098.000000	0.031200
1099.000000	0.044190
1100.000000	0.055917
1101.000000	0.060675
1102.000000	0.058346
1103.000000	0.050929
1104.000000	0.043302
1105.000000	0.040050
1106.000000	0.041715
1107.000000	0.047368
1108.000000	0.054237
1109.000000	0.058878
1110.000000	0.057002
1111.000000	0.046470
1112.000000	0.034595
1113.000000	0.029128
1114.000000	0.030119
1115.000000	0.034970
1116.000000	0.038196
1117.000000	0.035530
1118.000000	0.030457
1119.000000	0.027485
1120.000000	0.027463
1121.000000	0.030063
1122.000000	0.033912
1123.000000	0.037139
1124.000000	0.036932
1125.000000	0.031552
1126.000000	0.024498
1127.000000	0.020729
1128.000000	0.025791
1129.000000	0.041832
1130.000000	0.056814
1131.000000	0.058402
1132.000000	0.047265
1133.000000	0.028088
1134.000000	0.008608
1135.000000	-0.004187
1136.000000	-0.009360
1137.000000	-0.007976
1138.000000	-0.003064
1139.000000	0.001843
1140.000000	0.003153
1141.000000	-0.001068
1142.000000	-0.006065
1143.000000	-0.007058
1144.000000	-0.005860
1145.000000	-0.005880
1146.000000	-0.010316
1147.000000	-0.020417
1148.000000	-0.029850
1149.000000	-0.032169
1150.000000	-0.028046
1151.000000	-0.020081
1152.000000	-0.011460
1153.000000	-0.005056
1154.000000	-0.001908
1155.000000	-0.002049
1156.000000	-0.003317
1157.000000	-0.003263
1158.000000	-0.000468
1159.000000	0.004833
1160.000000	0.006829
1161.000000	0.000647
1162.000000	-0.009238
1163.000000	-0.016557
1164.000000	-0.017194
1165.000000	-0.009411
1166.000000	0.001177
1167.000000	0.008343
1168.000000	0.010762
1169.000000	0.008591
1170.000000	0.003019
1171.000000	-0.004072
1172.000000	-0.009052
1173.000000	-0.008890
1174.000000	-0.004703
1175.000000	0.001348
1176.000000	0.007086
1177.000000	0.010247
1178.000000	0.008248
1179.000000	0.000192
1180.000000	-0.007755
1181.000000	-0.008981
1182.000000	-0.002143
1183.000000	0.011040
1184.000000	0.021868
1185.000000	0.022541
1186.000000	0.015832
1187.000000	0.006721
1188.000000	-0.001552
1189.000000	-0.006547
1190.000000	-0.007276
1191.000000	-0.003626
1192.000000	0.002472
1193.000000	0.008758
1194.000000	0.013699
1195.000000	0.016100
1196.000000	0.015389
1197.000000	0.012059
1198.000000	0.010243
1199.000000	0.013777
1200.000000	0.021685
1201.000000	0.031215
1202.000000	0.037337
1203.000000	0.036347
1204.000000	0.032113
1205.000000	0.029630
1206.000000	0.030828
1207.000000	0.036553
1208.000000	0.046381
1209.000000	0.058545
1210.000000	0.067183
1211.000000	0.067458
1212.000000	0.062720
1213.000000	0.058524
1214.000000	0.061053
1215.000000	0.073508
1216.000000	0.086525
1217.000000	0.090541
1218.000000	0.087766
1219.000000	0.083337
1220.000000	0.082320
1221.000000	0.087384
1222.000000	0.091681
1223.000000	0.088239
1224.000000	0.079108
1225.000000	0.068570
1226.000000	0.060820
1227.000000	0.059501
1228.000000	0.066145
1229.000000	0.080556
1230.000000	0.097737
1231.000000	0.112089
1232.000000	0.120400
1233.000000	0.121426
1234.000000	0.119415
1235.000000	0.118829
1236.000000	0.119503
1237.000000	0.120125
1238.000000	0.119413
1239.000000	0.115948
1240.000000	0.107738
1241.000000	0.094439
1242.000000	0.082889
1243.000000	0.080033
1244.000000	0.086067
1245.000000	0.097962
1246.000000	0.106532
1247.000000	0.104553
1248.000000	0.098814
1249.000000	0.097568
1250.000000	0.100905
1251.000000	0.105910
1252.000000	0.105802
1253.000000	0.095605
1254.000000	0.081431
1255.000000	0.070885
1256.000000	0.066452
1257.000000	0.068821
1258.000000	0.076621
1259.000000	0.087179
1260.000000	0.094686
1261.000000	0.094299
1262.000000	0.088167
1263.000000	0.080338
1264.000000	0.075467
1265.000000	0.077081
1266.000000	0.083589
1267.000000	0.091861
1268.000000	0.097737
1269.000000	0.097467
1270.000000	0.089988
1271.000000	0.077337
1272.000000	0.071276
1273.000000	0.081434
1274.000000	0.099181
1275.000000	0.112628
1276.000000	0.115120
1277.000000	0.104160
1278.000000	0.088644
1279.000000	0.077983
1280.000000	0.072255
1281.000000	0.069452
1282.000000	0.068571
1283.000000	0.069016
1284.000000	0.070822
1285.000000	0.074319
1286.000000	0.080390
1287.000000	0.089467
1288.000000	0.099610
1289.000000	0.107923
1290.000000	0.110042
1291.000000	0.103922
1292.000000	0.098267
1293.000000	0.101689
1294.000000	0.111689
1295.000000	0.122311
1296.000000	0.124882
1297.000000	0.114069
1298.000000	0.100615
1299.000000	0.096302
1300.000000	0.100988
1301.000000	0.111192
1302.000000	0.121992
1303.000000	0.129575
1304.000000	0.135992
1305.000000	0.143622
1306.000000	0.150295
1307.000000	0.153101
1308.000000	0.150711
1309.000000	0.143325
1310.000000	0.135670
1311.000000	0.132166
1312.000000	0.131479
1313.000000	0.131201
1314.000000	0.130372
1315.000000	0.129054
1316.000000	0.129943
1317.000000	0.134797
1318.000000	0.138980
1319.000000	0.137595
1320.000000	0.131090
1321.000000	0.122241
1322.000000	0.117780
1323.000000	0.122653
1324.000000	0.130702
1325.000000	0.134678
1326.000000	0.134083
1327.000000	0.130670
1328.000000	0.128459
1329.000000	0.130396
1330.000000	0.132861
1331.000000	0.132011
1332.000000	0.129678
1333.000000	0.129011
1334.000000	0.132767
1335.000000	0.141872
1336.000000	0.150325
1337.000000	0.152384
1338.000000	0.150262
1339.000000	0.147679
1340.000000	0.146415
1341.000000	0.145956
1342.000000	0.138560
1343.000000	0.118719
1344.000000	0.097088
1345.000000	0.086000
1346.000000	0.088319
1347.000000	0.101754
1348.000000	0.112840
1349.000000	0.109365
1350.000000	0.095281
1351.000000	0.078060
1352.000000	0.063070
1353.000000	0.054796
1354.000000	0.056280
1355.000000	0.068123
1356.000000	0.082611
1357.000000	0.091626
1358.000000	0.093747
1359.000000	0.089760
1360.000000	0.082587
1361.000000	0.075239
1362.000000	0.068955
1363.000000	0.064477
1364.000000	0.062335
1365.000000	0.062811
1366.000000	0.065403
1367.000000	0.069138
1368.000000	0.071953
1369.000000	0.071890
1370.000000	0.068495
1371.000000	0.061996
1372.000000	0.053852
1373.000000	0.046239
1374.000000	0.042971
1375.000000	0.046454
1376.000000	0.051825
1377.000000	0.053672
1378.000000	0.051647
1379.000000	0.047423
1380.000000	0.045683
1381.000000	0.049708
1382.000000	0.054157
1383.000000	0.053184
1384.000000	0.047529
1385.000000	0.039830
1386.000000	0.033716
1387.000000	0.031300
1388.000000	0.027631
1389.000000	0.018237
1390.000000	0.007623
1391.000000	0.001837
1392.000000	0.004124
1393.000000	0.014687
1394.000000	0.024373
1395.000000	0.024654
1396.000000	0.018862
1397.000000	0.012746
1398.000000	0.009871
1399.000000	0.012625
1400.000000	0.020886
1401.000000	0.032465
1402.000000	0.039424
1403.000000	0.034927
1404.000000	0.022291
1405.000000	0.008405
1406.000000	0.004284
1407.000000	0.016827
1408.000000	0.032331
1409.000000	0.036097
1410.000000	0.030028
1411.000000	0.020451
1412.000000	0.014776
1413.000000	0.017857
1414.000000	0.023244
1415.000000	0.023775
1416.000000	0.020737
1417.000000	0.017374
1418.000000	0.016307
1419.000000	0.019686
1420.000000	0.028401
1421.000000	0.041668
1422.000000	0.053274
1423.000000	0.057097
1424.000000	0.052804
1425.000000	0.042576
1426.000000	0.032867
1427.000000	0.029844
1428.000000	0.034262
1429.000000	0.044941
1430.000000	0.058376
1431.000000	0.070518
1432.000000	0.077469
1433.000000	0.076948
1434.000000	0.072997
1435.000000	0.070283
1436.000000	0.069639
1437.000000	0.070934
1438.000000	0.074010
1439.000000	0.079086
1440.000000	0.087928
1441.000000	0.101175
1442.000000	0.113412
1443.000000	0.119170
1444.000000	0.118811
1445.000000	0.115464
1446.000000	0.117488
1447.000000	0.130975
1448.000000	0.147724
1449.000000	0.158113
1450.000000	0.161141
1451.000000	0.158623
1452.000000	0.155014
1453.000000	0.154704
1454.000000	0.159187
1455.000000	0.168075
1456.000000	0.176359
1457.000000	0.178580
1458.000000	0.172094
1459.000000	0.157124
1460.000000	0.142548
1461.000000	0.136585
1462.000000	0.136158
1463.000000	0.135892
1464.000000	0.132515
1465.000000	0.123764
1466.000000	0.109298
1467.000000	0.091432
1468.000000	0.081178
1469.000000	0.087817
1470.000000	0.105002
1471.000000	0.121861
1472.000000	0.125043
1473.000000	0.106873
1474.000000	0.084870
1475.000000	0.077166
1476.000000	0.079161
1477.000000	0.081336
1478.000000	0.077238
1479.000000	0.064447
1480.000000	0.053602
1481.000000	0.054796
1482.000000	0.062881
1483.000000	0.070040
1484.000000	0.073021
1485.000000	0.070679
1486.000000	0.065715
1487.000000	0.060914
1488.000000	0.055535
1489.000000	0.048399
1490.000000	0.040090
1491.000000	0.031669
1492.000000	0.024349
1493.000000	0.019335
1494.000000	0.017660
1495.000000	0.019393
1496.000000	0.020929
1497.000000	0.018415
1498.000000	0.010694
1499.000000	-0.001424
1500.000000	-0.011944
1501.000000	-0.015430
1502.000000	-0.013854
1503.000000	-0.010588
1504.000000	-0.007185
1505.000000	-0.004476
1506.000000	-0.002218
1507.000000	-0.000146
1508.000000	0.001015
1509.000000	0.000555
1510.000000	-0.001201
1511.000000	-0.003663
1512.000000	-0.006221
1513.000000	-0.008350
1514.000000	-0.009890
1515.000000	-0.011039
1516.000000	-0.013050
1517.000000	-0.016968
1518.000000	-0.021955
1519.000000	-0.026164
1520.000000	-0.025606
1521.000000	-0.017649
1522.000000	-0.007230
1523.000000	0.000015
1524.000000	0.003234
1525.000000	0.003187
1526.000000	0.002307
1527.000000	0.002763
1528.000000	0.003999
1529.000000	0.004936
1530.000000	0.005119
1531.000000	0.004314
1532.000000	0.002541
1533.000000	0.000041
1534.000000	-0.002331
1535.000000	-0.003887
1536.000000	-0.005243
1537.000000	-0.007153
1538.000000	-0.009637
1539.000000	-0.012420
1540.000000	-0.014781
1541.000000	-0.015933
1542.000000	-0.015278
1543.000000	-0.012537
1544.000000	-0.008516
1545.000000	-0.004253
1546.000000	-0.000639
1547.000000	0.001789
1548.000000	0.003747
1549.000000	0.006073
1550.000000	0.008825
1551.000000	0.011891
1552.000000	0.015267
1553.000000	0.019013
1554.000000	0.023351
1555.000000	0.028204
1556.000000	0.032134
1557.000000	0.033989
1558.000000	0.035122
1559.000000	0.037442
1560.000000	0.042566
1561.000000	0.050611
1562.000000	0.055975
1563.000000	0.053892
1564.000000	0.048669
1565.000000	0.046016
1566.000000	0.048197
1567.000000	0.055170
1568.000000	0.061127
1569.000000	0.060954
1570.000000	0.058070
1571.000000	0.056937
1572.000000	0.057666
1573.000000	0.059417
1574.000000	0.061903
1575.000000	0.064966
1576.000000	0.068416
1577.000000	0.072050
1578.000000	0.075654
1579.000000	0.079136
1580.000000	0.082893
1581.000000	0.087048
1582.000000	0.090131
1583.000000	0.091139
1584.000000	0.092531
1585.000000	0.096230
1586.000000	0.098558
1587.000000	0.095367
1588.000000	0.086219
1589.000000	0.072822
1590.000000	0.061762
1591.000000	0.059010
1592.000000	0.063209
1593.000000	0.070979
1594.000000	0.078175
1595.000000	0.080678
1596.000000	0.075226
1597.000000	0.061309
1598.000000	0.048558
1599.000000	0.046790
1600.000000	0.056427
1601.000000	0.074173
1602.000000	0.091245
1603.000000	0.099805
1604.000000	0.101262
1605.000000	0.098883
1606.000000	0.094105
1607.000000	0.088005
1608.000000	0.082058
1609.000000	0.078160
1610.000000	0.079479
1611.000000	0.087391
1612.000000	0.094822
1613.000000	0.094558
1614.000000	0.087283
1615.000000	0.076742
1616.000000	0.071012
1617.000000	0.075639
1618.000000	0.081699
1619.000000	0.079938
1620.000000	0.074261
1621.000000	0.071165
1622.000000	0.074365
1623.000000	0.083977
1624.000000	0.088518
1625.000000	0.078415
1626.000000	0.063345
1627.000000	0.055397
1628.000000	0.057069
1629.000000	0.067028
1630.000000	0.078213
1631.000000	0.084124
1632.000000	0.086219
1633.000000	0.087388
1634.000000	0.088275
1635.000000	0.088952
1636.000000	0.089437
1637.000000	0.089661
1638.000000	0.089248
1639.000000	0.088306
1640.000000	0.089190
1641.000000	0.094089
1642.000000	0.102275
1643.000000	0.111979
1644.000000	0.120192
1645.000000	0.124921
1646.000000	0.129488
1647.000000	0.137113
1648.000000	0.145284
1649.000000	0.150638
1650.000000	0.152142
1651.000000	0.150737
1652.000000	0.152930
1653.000000	0.163672
1654.000000	0.176116
1655.000000	0.182286
1656.000000	0.181495
1657.000000	0.175617
1658.000000	0.169492
1659.000000	0.167480
1660.000000	0.169059
1661.000000	0.172717
1662.000000	0.177853
1663.000000	0.184009
1664.000000	0.190381
1665.000000	0.196066
1666.000000	0.200116
1667.000000	0.201679
1668.000000	0.200342
1669.000000	0.196119
1670.000000	0.190291
1671.000000	0.184459
1672.000000	0.180224
1673.000000	0.178713
1674.000000	0.179162
1675.000000	0.180457
1676.000000	0.181967
1677.000000	0.183232
1678.000000	0.183988
1679.000000	0.184067
1680.000000	0.183496
1681.000000	0.182309
1682.000000	0.180372
1683.000000	0.177342
1684.000000	0.172208
1685.000000	0.164030
1686.000000	0.152816
1687.000000	0.139531
1688.000000	0.128026
1689.000000	0.121741
1690.000000	0.119590
1691.000000	0.119462
1692.000000	0.119672
1693.000000	0.118787
1694.000000	0.115949
1695.000000	0.110981
1696.000000	0.105844
1697.000000	0.102119
1698.000000	0.097715
1699.000000	0.090947
1700.000000	0.085421
1701.000000	0.084591
1702.000000	0.086013
1703.000000	0.086601
1704.000000	0.086604
1705.000000	0.086856
1706.000000	0.087196
1707.000000	0.087376
1708.000000	0.087787
1709.000000	0.088590
1710.000000	0.088379
1711.000000	0.086761
1712.000000	0.088971
1713.000000	0.096416
1714.000000	0.089562
1715.000000	0.054164
1716.000000	0.018081
1717.000000	0.009003
1718.000000	0.011846
1719.000000	0.006792
1720.000000	-0.002144
1721.000000	-0.006486
1722.000000	-0.003743
1723.000000	0.005103
1724.000000	0.011153
1725.000000	0.006766
1726.000000	-0.002761
1727.000000	-0.010172
1728.000000	-0.013306
1729.000000	-0.012072
1730.000000	-0.009578
1731.000000	-0.008526
1732.000000	-0.006813
1733.000000	-0.002047
1734.000000	0.004498
1735.000000	0.010749
1736.000000	0.015107
1737.000000	0.016442
1738.000000	0.015039
1739.000000	0.011471
1740.000000	0.006046
1741.000000	-0.000700
1742.000000	-0.007049
1743.000000	-0.011170
1744.000000	-0.011952
1745.000000	-0.009203
1746.000000	-0.005698
1747.000000	-0.004288
1748.000000	-0.005179
1749.000000	-0.007762
1750.000000	-0.010829
1751.000000	-0.013018
1752.000000	-0.012948
1753.000000	-0.010295
1754.000000	-0.008965
1755.000000	-0.012261
1756.000000	-0.016837
1757.000000	-0.018335
1758.000000	-0.014994
1759.000000	-0.007095
1760.000000	-0.000481
1761.000000	-0.000397
1762.000000	-0.004133
1763.000000	-0.007661
1764.000000	-0.009642
1765.000000	-0.009684
1766.000000	-0.008492
1767.000000	-0.007313
1768.000000	-0.008462
1769.000000	-0.013214
1770.000000	-0.017625
1771.000000	-0.017438
1772.000000	-0.012368
1773.000000	-0.003817
1774.000000	0.004054
1775.000000	0.007467
1776.000000	0.006956
1777.000000	0.003884
1778.000000	-0.001374
1779.000000	-0.008101
1780.000000	-0.013229
1781.000000	-0.014162
1782.000000	-0.012534
1783.000000	-0.010592
1784.000000	-0.008808
1785.000000	-0.007116
1786.000000	-0.005075
1787.000000	-0.002591
1788.000000	-0.001342
1789.000000	-0.002712
1790.000000	-0.005153
1791.000000	-0.006947
1792.000000	-0.008642
1793.000000	-0.011007
1794.000000	-0.013428
1795.000000	-0.015018
1796.000000	-0.015179
1797.000000	-0.013642
1798.000000	-0.011165
1799.000000	-0.008794
1800.000000	-0.007699
1801.000000	-0.008691
1802.000000	-0.011031
1803.000000	-0.013301
1804.000000	-0.012904
1805.000000	-0.008159
1806.000000	-0.002217
1807.000000	0.001347
1808.000000	0.002102
1809.000000	0.000533
1810.000000	-0.002358
1811.000000	-0.005571
1812.000000	-0.008627
1813.000000	-0.011038
1814.000000	-0.011750
1815.000000	-0.009873
1816.000000	-0.005746
1817.000000	-0.000167
1818.000000	0.005448
1819.000000	0.009375
1820.000000	0.009282
1821.000000	0.003932
1822.000000	-0.002927
1823.000000	-0.007124
1824.000000	-0.007767
1825.000000	-0.005299
1826.000000	-0.002213
1827.000000	-0.000793
1828.000000	-0.000424
1829.000000	0.000023
1830.000000	0.000849
1831.000000	0.002009
1832.000000	0.002896
1833.000000	0.002687
1834.000000	0.000244
1835.000000	-0.004825
1836.000000	-0.009631
1837.000000	-0.011129
1838.000000	-0.008940
1839.000000	-0.003672
1840.000000	0.002783
1841.000000	0.008025
1842.000000	0.008904
1843.000000	0.003562
1844.000000	-0.003949
1845.000000	-0.009015
1846.000000	-0.010675
1847.000000	-0.009226
1848.000000	-0.006335
1849.000000	-0.003985
1850.000000	-0.004046
1851.000000	-0.007384
1852.000000	-0.010959
1853.000000	-0.011551
1854.000000	-0.009135
1855.000000	-0.004811
1856.000000	-0.000996
1857.000000	0.000251
1858.000000	-0.000373
1859.000000	-0.001652
1860.000000	-0.003049
1861.000000	-0.004149
1862.000000	-0.004341
1863.000000	-0.003023
1864.000000	0.000173
1865.000000	0.004914
1866.000000	0.008296
1867.000000	0.007910
1868.000000	0.005895
1869.000000	0.004911
1870.000000	0.005159
1871.000000	0.005462
1872.000000	0.001581
1873.000000	-0.008707
1874.000000	-0.016509
1875.000000	-0.013553
1876.000000	-0.005179
1877.000000	0.000735
1878.000000	-0.000228
1879.000000	-0.009147
1880.000000	-0.017220
1881.000000	-0.016270
1882.000000	-0.010509
1883.000000	-0.005959
1884.000000	-0.003481
1885.000000	-0.002473
1886.000000	-0.001637
1887.000000	0.000077
1888.000000	0.002030
1889.000000	0.003498
1890.000000	0.005089
1891.000000	0.007402
1892.000000	0.009652
1893.000000	0.010761
1894.000000	0.009849
1895.000000	0.006611
1896.000000	0.002844
1897.000000	0.000424
1898.000000	-0.000548
1899.000000	-0.000394
1900.000000	0.000639
1901.000000	0.002296
1902.000000	0.004225
1903.000000	0.006001
1904.000000	0.007011
1905.000000	0.006614
1906.000000	0.004258
1907.000000	-0.000071
1908.000000	-0.004318
1909.000000	-0.005919
1910.000000	-0.002330
1911.000000	0.006689
1912.000000	0.012192
1913.000000	0.006444
1914.000000	-0.004256
1915.000000	-0.011475
1916.000000	-0.012291
1917.000000	-0.006590
1918.000000	0.000000
1919.000000	0.002287
1920.000000	0.002546
1921.000000	0.004057
1922.000000	0.006638
1923.000000	0.009354
1924.000000	0.011708
1925.000000	0.013512
1926.000000	0.015362
1927.000000	0.017079
1928.000000	0.014591
1929.000000	0.005065
1930.000000	-0.005491
1931.000000	-0.010051
1932.000000	-0.006357
1933.000000	0.004675
1934.000000	0.014199
1935.000000	0.014701
1936.000000	0.011908
1937.000000	0.012484
1938.000000	0.013585
1939.000000	0.010919
1940.000000	0.003920
1941.000000	-0.005100
1942.000000	-0.006046
1943.000000	0.008199
1944.000000	0.025048
1945.000000	0.030595
1946.000000	0.025358
1947.000000	0.013851
1948.000000	0.002139
1949.000000	-0.004535
1950.000000	-0.005758
1951.000000	-0.002976
1952.000000	-0.000224
1953.000000	-0.001143
1954.000000	-0.005196
1955.000000	-0.010543
1956.000000	-0.014309
1957.000000	-0.013638
1958.000000	-0.006774
1959.000000	0.005956
1960.000000	0.017004
1961.000000	0.019236
1962.000000	0.014408
1963.000000	0.006689
1964.000000	0.001015
1965.000000	0.001084
1966.000000	0.004866
1967.000000	0.009108
1968.000000	0.011403
1969.000000	0.010150
1970.000000	0.006135
1971.000000	0.000829
1972.000000	-0.003942
1973.000000	-0.006819
1974.000000	-0.008663
1975.000000	-0.010263
1976.000000	-0.009907
1977.000000	-0.006101
1978.000000	-0.000740
1979.000000	0.003577
1980.000000	0.004820
1981.000000	0.002164
1982.000000	-0.000958
1983.000000	-0.001044
1984.000000	0.001428
1985.000000	0.005119
1986.000000	0.009228
1987.000000	0.013125
1988.000000	0.016337
1989.000000	0.018542
1990.000000	0.019876
1991.000000	0.020113
1992.000000	0.017123
1993.000000	0.009537
1994.000000	0.000935
1995.000000	-0.004236
1996.000000	-0.003022
1997.000000	0.005108
1998.000000	0.012486
1999.000000	0.012170
2000.000000	0.008329
2001.000000	0.006491
2002.000000	0.006516
2003.000000	0.006844
2004.000000	0.005915
2005.000000	0.003462
2006.000000	0.004378
2007.000000	0.012490
2008.000000	0.022186
2009.000000	0.026679
2010.000000	0.023920
2011.000000	0.013909
2012.000000	0.000111
2013.000000	-0.012431
2014.000000	-0.015808
2015.000000	-0.005340
2016.000000	0.007890
2017.000000	0.012272
2018.000000	0.009862
2019.000000	0.006112
2020.000000	0.006398
2021.000000	0.013501
2022.000000	0.019905
2023.000000	0.017872
2024.000000	0.009059
2025.000000	-0.002286
2026.000000	-0.010953
2027.000000	-0.012439
2028.000000	-0.006028
2029.000000	0.006282
2030.000000	0.015422
2031.000000	0.013957
2032.000000	0.008049
2033.000000	0.005277
2034.000000	0.005286
2035.000000	0.005836
2036.000000	0.005096
2037.000000	0.002342
2038.000000	0.000882
2039.000000	0.003682
2040.000000	0.008318
2041.000000	0.011680
2042.000000	0.013293
2043.000000	0.013442
2044.000000	0.012807
2045.000000	0.012122
2046.000000	0.011940
2047.000000	0.012313
2048.000000	0.011469
2049.000000	0.008364
2050.000000	0.006674
2051.000000	0.010028
2052.000000	0.017129
2053.000000	0.024205
2054.000000	0.022510
2055.000000	0.006733
2056.000000	-0.009725
2057.000000	-0.013019
2058.000000	-0.006252
2059.000000	0.003767
2060.000000	0.012340
2061.000000	0.016511
2062.000000	0.018184
2063.000000	0.019275
2064.000000	0.016881
2065.000000	0.008598
2066.000000	-0.001174
2067.000000	-0.007211
2068.000000	-0.007816
2069.000000	-0.002981
2070.000000	0.004053
2071.000000	0.009845
2072.000000	0.013391
2073.000000	0.014491
2074.000000	0.013720
2075.000000	0.011721
2076.000000	0.008625
2077.000000	0.004492
2078.000000	-0.000390
2079.000000	-0.004567
2080.000000	-0.002139
2081.000000	0.010392
2082.000000	0.022455
2083.000000	0.023263
2084.000000	0.015213
2085.000000	0.004546
2086.000000	-0.000325
2087.000000	0.005702
2088.000000	0.012305
2089.000000	0.009772
2090.000000	0.006259
2091.000000	0.010928
2092.000000	0.019099
2093.000000	0.023242
2094.000000	0.018281
2095.000000	0.003489
2096.000000	-0.006924
2097.000000	-0.000607
2098.000000	0.012412
2099.000000	0.019499
2100.000000	0.019986
2101.000000	0.016524
2102.000000	0.013067
2103.000000	0.013064
2104.000000	0.016632
2105.000000	0.022066
2106.000000	0.023689
2107.000000	0.017232
2108.000000	0.008017
2109.000000	0.002582
2110.000000	0.002744
2111.000000	0.007631
2112.000000	0.010326
2113.000000	0.005538
2114.000000	0.000515
2115.000000	0.002683
2116.000000	0.007654
2117.000000	0.009286
2118.000000	0.006246
2119.000000	-0.000658
2120.000000	-0.006872
2121.000000	-0.008267
2122.000000	-0.006177
2123.000000	-0.002748
2124.000000	0.002068
2125.000000	0.008322
2126.000000	0.013866
2127.000000	0.016332
2128.000000	0.014660
2129.000000	0.009583
2130.000000	0.007691
2131.000000	0.014392
2132.000000	0.024498
2133.000000	0.031061
2134.000000	0.030695
2135.000000	0.021975
2136.000000	0.007766
2137.000000	-0.007118
2138.000000	-0.014366
2139.000000	-0.008539
2140.000000	0.000813
2141.000000	0.003276
2142.000000	-0.000025
2143.000000	-0.005072
2144.000000	-0.007804
2145.000000	-0.005158
2146.000000	0.001898
2147.000000	0.011163
2148.000000	0.019532
2149.000000	0.024350
2150.000000	0.025670
2151.000000	0.024362
2152.000000	0.021871
2153.000000	0.019613
2154.000000	0.018315
2155.000000	0.018105
2156.000000	0.017390
2157.000000	0.014462
2158.000000	0.008856
2159.000000	0.001096
2160.000000	-0.005583
2161.000000	-0.007803
2162.000000	-0.004311
2163.000000	0.003612
2164.000000	0.006681
2165.000000	-0.001918
2166.000000	-0.011109
2167.000000	-0.009291
2168.000000	-0.000668
2169.000000	0.007225
2170.000000	0.009323
2171.000000	0.003731
2172.000000	-0.001231
2173.000000	0.002313
2174.000000	0.010239
2175.000000	0.016435
2176.000000	0.018824
2177.000000	0.017014
2178.000000	0.013297
2179.000000	0.010709
2180.000000	0.012561
2181.000000	0.020344
2182.000000	0.027997
2183.000000	0.029426
2184.000000	0.025972
2185.000000	0.020586
2186.000000	0.015227
2187.000000	0.011320
2188.000000	0.009154
2189.000000	0.008636
2190.000000	0.009283
2191.000000	0.010435
2192.000000	0.011105
2193.000000	0.010457
2194.000000	0.008582
2195.000000	0.005926
2196.000000	0.003428
2197.000000	0.002115
2198.000000	0.002882
2199.000000	0.005843
2200.000000	0.008125
2201.000000	0.007195
2202.000000	0.004852
2203.000000	0.003717
2204.000000	0.005359
2205.000000	0.010519
2206.000000	0.017678
2207.000000	0.024079
2208.000000	0.024265
2209.000000	0.014574
2210.000000	0.001233
2211.000000	-0.008493
2212.000000	-0.013075
2213.000000	-0.012932
2214.000000	-0.010531
2215.000000	-0.008140
2216.000000	-0.005182
2217.000000	-0.000860
2218.000000	0.003667
2219.000000	0.007203
2220.000000	0.010372
2221.000000	0.014064
2222.000000	0.018421
2223.000000	0.023147
2224.000000	0.026947
2225.000000	0.028695
2226.000000	0.028929
2227.000000	0.028333
2228.000000	0.026494
2229.000000	0.022927
2230.000000	0.017947
2231.000000	0.012226
2232.000000	0.007058
2233.000000	0.003967
2234.000000	0.004780
2235.000000	0.010154
2236.000000	0.015783
2237.000000	0.017374
2238.000000	0.015670
2239.000000	0.012632
2240.000000	0.010073
2241.000000	0.009127
2242.000000	0.008370
2243.000000	0.006739
2244.000000	0.007168
2245.000000	0.011850
2246.000000	0.016033
2247.000000	0.015277
2248.000000	0.013350
2249.000000	0.014432
2250.000000	0.016132
2251.000000	0.015466
2252.000000	0.013638
2253.000000	0.012353
2254.000000	0.011144
2255.000000	0.009533
2256.000000	0.009178
2257.000000	0.011023
2258.000000	0.011034
2259.000000	0.006747
2260.000000	0.006966
2261.000000	0.018773
2262.000000	0.031087
2263.000000	0.032017
2264.000000	0.024607
2265.000000	0.015137
2266.000000	0.007903
2267.000000	0.005737
2268.000000	0.007592
2269.000000	0.010992
2270.000000	0.011630
2271.000000	0.006556
2272.000000	0.000076
2273.000000	-0.002845
2274.000000	-0.001866
2275.000000	0.001959
2276.000000	0.006618
2277.000000	0.010282
2278.000000	0.012801
2279.000000	0.013676
2280.000000	0.009338
2281.000000	-0.001933
2282.000000	-0.011385
2283.000000	-0.010454
2284.000000	-0.001803
2285.000000	0.008510
2286.000000	0.012089
2287.000000	0.004084
2288.000000	-0.003817
2289.000000	-0.000267
2290.000000	0.008169
2291.000000	0.012453
2292.000000	0.011550
2293.000000	0.006780
2294.000000	0.000878
2295.000000	-0.003505
2296.000000	-0.005453
2297.000000	-0.004389
2298.000000	0.000655
2299.000000	0.009337
2300.000000	0.015682
2301.000000	0.014293
2302.000000	0.007715
2303.000000	0.000647
2304.000000	-0.001535
2305.000000	0.004569
2306.000000	0.013781
2307.000000	0.019799
2308.000000	0.020394
2309.000000	0.015494
2310.000000	0.009578
2311.000000	0.007228
2312.000000	0.008892
2313.000000	0.013112
2314.000000	0.014939
2315.000000	0.010446
2316.000000	0.003286
2317.000000	-0.002041
2318.000000	-0.005222
2319.000000	-0.006626
2320.000000	-0.005176
2321.000000	0.000223
2322.000000	0.009279
2323.000000	0.020765
2324.000000	0.031097
2325.000000	0.036852
2326.000000	0.037591
2327.000000	0.033736
2328.000000	0.026149
2329.000000	0.016332
2330.000000	0.007901
2331.000000	0.004438
2332.000000	0.007274
2333.000000	0.015176
2334.000000	0.018896
2335.000000	0.011370
2336.000000	0.002291
2337.000000	0.001856
2338.000000	0.005508
2339.000000	0.006212
2340.000000	0.001768
2341.000000	-0.007073
2342.000000	-0.012585
2343.000000	-0.007924
2344.000000	0.003244
2345.000000	0.014736
2346.000000	0.020799
2347.000000	0.017784
2348.000000	0.010018
2349.000000	0.003286
2350.000000	0.001218
2351.000000	0.004912
2352.000000	0.007478
2353.000000	0.002348
2354.000000	-0.007778
2355.000000	-0.017611
2356.000000	-0.020773
2357.000000	-0.012947
2358.000000	0.000849
2359.000000	0.013252
2360.000000	0.016844
2361.000000	0.007717
2362.000000	-0.003949
2363.000000	-0.007822
2364.000000	-0.007047
2365.000000	-0.006347
2366.000000	-0.003288
2367.000000	0.004943
2368.000000	0.015519
2369.000000	0.023780
2370.000000	0.023385
2371.000000	0.011202
2372.000000	-0.001379
2373.000000	-0.003274
2374.000000	0.000863
2375.000000	0.003794
2376.000000	0.003671
2377.000000	0.000610
2378.000000	-0.002816
2379.000000	-0.003706
2380.000000	-0.000311
2381.000000	0.007735
2382.000000	0.016412
2383.000000	0.020814
2384.000000	0.016880
2385.000000	0.003713
2386.000000	-0.007766
2387.000000	-0.007629
2388.000000	-0.001748
2389.000000	0.002280
2390.000000	0.005758
2391.000000	0.010723
2392.000000	0.013263
2393.000000	0.009694
2394.000000	0.003210
2395.000000	-0.002064
2396.000000	-0.005147
2397.000000	-0.005326
2398.000000	0.000194
2399.000000	0.012135
2400.000000	0.020836
2401.000000	0.017880
2402.000000	0.010202
2403.000000	0.006382
2404.000000	0.006241
2405.000000	0.007559
2406.000000	0.008720
2407.000000	0.008617
2408.000000	0.007593
2409.000000	0.006225
2410.000000	0.004593
2411.000000	0.002422
2412.000000	-0.001476
2413.000000	-0.007322
2414.000000	-0.010565
2415.000000	-0.006897
2416.000000	0.002227
2417.000000	0.013168
2418.000000	0.019302
2419.000000	0.015994
2420.000000	0.009537
2421.000000	0.006605
2422.000000	0.004452
2423.000000	-0.000413
2424.000000	-0.005060
2425.000000	-0.005687
2426.000000	-0.001431
2427.000000	0.006870
2428.000000	0.014524
2429.000000	0.017043
2430.000000	0.014624
2431.000000	0.008994
2432.000000	0.003330
2433.000000	0.000349
2434.000000	-0.000513
2435.000000	-0.000514
2436.000000	-0.000401
2437.000000	-0.000381
2438.000000	0.000994
2439.000000	0.004360
2440.000000	0.005438
2441.000000	0.001149
2442.000000	-0.001876
2443.000000	0.003027
2444.000000	0.012955
2445.000000	0.022688
2446.000000	0.027295
2447.000000	0.023526
2448.000000	0.014558
2449.000000	0.005507
2450.000000	0.002807
2451.000000	0.010216
2452.000000	0.019473
2453.000000	0.021519
2454.000000	0.016128
2455.000000	0.005944
2456.000000	-0.003748
2457.000000	-0.008072
2458.000000	-0.006413
2459.000000	0.000014
2460.000000	0.006955
2461.000000	0.010396
2462.000000	0.010335
2463.000000	0.007959
2464.000000	0.005211
2465.000000	0.003931
2466.000000	0.004783
2467.000000	0.007746
2468.000000	0.011237
2469.000000	0.013635
2470.000000	0.014727
2471.000000	0.014466
2472.000000	0.012056
2473.000000	0.007080
2474.000000	0.001377
2475.000000	-0.002845
2476.000000	-0.004160
2477.000000	-0.001932
2478.000000	0.002099
2479.000000	0.005690
2480.000000	0.006968
2481.000000	0.005035
2482.000000	0.002527
2483.000000	0.002377
2484.000000	0.005184
2485.000000	0.010465
2486.000000	0.015763
2487.000000	0.018304
2488.000000	0.016031
2489.000000	0.008641
2490.000000	0.002114
2491.000000	0.001755
2492.000000	0.003870
2493.000000	0.003890
2494.000000	0.002759
2495.000000	0.002467
2496.000000	0.003696
2497.000000	0.006006
2498.000000	0.005795
2499.000000	0.000154
2500.000000	-0.007886
2501.000000	-0.013692
2502.000000	-0.012159
2503.000000	-0.000908
2504.000000	0.011073
2505.000000	0.014219
2506.000000	0.008042
2507.000000	-0.003520
2508.000000	-0.007881
2509.000000	0.003559
2510.000000	0.014828
2511.000000	0.010279
2512.000000	0.000148
2513.000000	-0.002237
2514.000000	0.002935
2515.000000	0.011640
2516.000000	0.018022
2517.000000	0.017095
2518.000000	0.009192
2519.000000	-0.002814
2520.000000	-0.011195
2521.000000	-0.009857
2522.000000	-0.004091
2523.000000	-0.000569
2524.000000	-0.000107
2525.000000	-0.001853
2526.000000	-0.004143
2527.000000	-0.005321
2528.000000	-0.004568
2529.000000	-0.001135
2530.000000	0.006301
2531.000000	0.017291
2532.000000	0.023731
2533.000000	0.018699
2534.000000	0.007649
2535.000000	-0.001623
2536.000000	-0.004339
2537.000000	0.001780
2538.000000	0.012044
2539.000000	0.019501
2540.000000	0.015124
2541.000000	-0.004583
2542.000000	-0.018918
2543.000000	-0.009429
2544.000000	0.009134
2545.000000	0.018105
2546.000000	0.016358
2547.000000	0.008181
2548.000000	0.001989
2549.000000	0.003723
2550.000000	0.005296
2551.000000	-0.001182
2552.000000	-0.008794
2553.000000	-0.009655
2554.000000	-0.006826
2555.000000	-0.005098
2556.000000	-0.005246
2557.000000	-0.006563
2558.000000	-0.006420
2559.000000	-0.002277
2560.000000	0.006148
2561.000000	0.016915
2562.000000	0.021470
2563.000000	0.013227
2564.000000	0.000097
2565.000000	-0.008269
2566.000000	-0.009757
2567.000000	-0.004938
2568.000000	0.002402
2569.000000	0.008188
2570.000000	0.010411
2571.000000	0.008721
2572.000000	0.007341
2573.000000	0.009867
2574.000000	0.012798
2575.000000	0.012052
2576.000000	0.008310
2577.000000	0.003441
2578.000000	-0.000689
2579.000000	-0.002649
2580.000000	-0.002747
2581.000000	-0.001989
2582.000000	-0.002447
2583.000000	-0.004704
2584.000000	-0.002331
2585.000000	0.009409
2586.000000	0.021467
2587.000000	0.024054
2588.000000	0.018209
2589.000000	0.008094
2590.000000	-0.000471
2591.000000	-0.002922
2592.000000	-0.001367
2593.000000	0.001302
2594.000000	0.005727
2595.000000	0.012023
2596.000000	0.014646
2597.000000	0.009085
2598.000000	0.000610
2599.000000	-0.004178
2600.000000	-0.003125
2601.000000	0.003512
2602.000000	0.010295
2603.000000	0.012092
2604.000000	0.010190
2605.000000	0.006712
2606.000000	0.000706
2607.000000	-0.008034
2608.000000	-0.013669
2609.000000	-0.011098
2610.000000	-0.004214
2611.000000	0.001329
2612.000000	0.001828
2613.000000	-0.003440
2614.000000	-0.005244
2615.000000	0.003772
2616.000000	0.013500
2617.000000	0.012992
2618.000000	0.005399
2619.000000	-0.003285
2620.000000	-0.009781
2621.000000	-0.012030
2622.000000	-0.010122
2623.000000	-0.004955
2624.000000	0.001505
2625.000000	0.006804
2626.000000	0.007618
2627.000000	0.002465
2628.000000	-0.001911
2629.000000	0.001191
2630.000000	0.010066
2631.000000	0.020695
2632.000000	0.028201
2633.000000	0.028672
2634.000000	0.022917
2635.000000	0.013846
2636.000000	0.008062
2637.000000	0.010002
2638.000000	0.011759
2639.000000	0.006172
2640.000000	0.001405
2641.000000	0.006368
2642.000000	0.017641
2643.000000	0.028812
2644.000000	0.033831
2645.000000	0.028550
2646.000000	0.016053
2647.000000	0.001125
2648.000000	-0.011886
2649.000000	-0.019272
2650.000000	-0.019434
2651.000000	-0.012688
2652.000000	-0.004894
2653.000000	-0.001819
2654.000000	-0.003322
2655.000000	-0.007388
2656.000000	-0.010418
2657.000000	-0.009550
2658.000000	-0.006446
2659.000000	-0.003592
2660.000000	-0.002241
2661.000000	-0.002338
2662.000000	0.000168
2663.000000	0.008041
2664.000000	0.014888
2665.000000	0.013961
2666.000000	0.006242
2667.000000	-0.004332
2668.000000	-0.009728
2669.000000	-0.003931
2670.000000	0.006895
2671.000000	0.014406
2672.000000	0.013705
2673.000000	0.003704
2674.000000	-0.004894
2675.000000	-0.002390
2676.000000	0.005099
2677.000000	0.008778
2678.000000	0.004957
2679.000000	-0.005948
2680.000000	-0.012199
2681.000000	-0.004402
2682.000000	0.006131
2683.000000	0.007172
2684.000000	0.003523
2685.000000	0.002585
2686.000000	0.005122
2687.000000	0.009736
2688.000000	0.013009
2689.000000	0.011897
2690.000000	0.006862
2691.000000	0.000134
2692.000000	-0.002479
2693.000000	0.002979
2694.000000	0.009478
2695.000000	0.009952
2696.000000	0.008168
2697.000000	0.008701
2698.000000	0.008520
2699.000000	0.004222
2700.000000	-0.001462
2701.000000	-0.004389
2702.000000	-0.000886
2703.000000	0.009335
2704.000000	0.013494
2705.000000	0.001712
2706.000000	-0.011220
2707.000000	-0.010137
2708.000000	-0.003042
2709.000000	-0.000255
2710.000000	0.001812
2711.000000	0.008656
2712.000000	0.019512
2713.000000	0.030703
2714.000000	0.033174
2715.000000	0.021412
2716.000000	0.009460
2717.000000	0.011121
2718.000000	0.019671
2719.000000	0.025162
2720.000000	0.025263
2721.000000	0.020363
2722.000000	0.014095
2723.000000	0.010359
2724.000000	0.010858
2725.000000	0.015812
2726.000000	0.021692
2727.000000	0.024342
2728.000000	0.020834
2729.000000	0.011255
2730.000000	0.006510
2731.000000	0.015608
2732.000000	0.029160
2733.000000	0.035570
2734.000000	0.032809
2735.000000	0.022628
2736.000000	0.012324
2737.000000	0.008922
2738.000000	0.012818
2739.000000	0.021791
2740.000000	0.029792
2741.000000	0.031113
2742.000000	0.025244
2743.000000	0.014089
2744.000000	0.004023
2745.000000	0.000619
2746.000000	0.001784
2747.000000	0.003581
2748.000000	0.002355
2749.000000	-0.003697
2750.000000	-0.009255
2751.000000	-0.008636
2752.000000	-0.001825
2753.000000	0.008603
2754.000000	0.015369
2755.000000	0.012719
2756.000000	0.005684
2757.000000	0.001067
2758.000000	0.001961
2759.000000	0.009239
2760.000000	0.018606
2761.000000	0.025026
2762.000000	0.025670
2763.000000	0.019709
2764.000000	0.012105
2765.000000	0.007971
2766.000000	0.007218
2767.000000	0.007817
2768.000000	0.005172
2769.000000	-0.004080
2770.000000	-0.015815
2771.000000	-0.024273
2772.000000	-0.024645
2773.000000	-0.014551
2774.000000	-0.000389
2775.000000	0.009684
2776.000000	0.009242
2777.000000	-0.003840
2778.000000	-0.016217
2779.000000	-0.015354
2780.000000	-0.007428
2781.000000	-0.001859
2782.000000	-0.002323
2783.000000	-0.009457
2784.000000	-0.017476
2785.000000	-0.020129
2786.000000	-0.015705
2787.000000	-0.005326
2788.000000	0.003114
2789.000000	0.003112
2790.000000	0.000514
2791.000000	0.001708
2792.000000	0.002888
2793.000000	-0.000659
2794.000000	-0.007089
2795.000000	-0.013080
2796.000000	-0.015953
2797.000000	-0.014492
2798.000000	-0.012687
2799.000000	-0.014107
2800.000000	-0.015432
2801.000000	-0.013191
2802.000000	-0.010193
2803.000000	-0.009814
2804.000000	-0.011426
2805.000000	-0.013496
2806.000000	-0.014885
2807.000000	-0.014822
2808.000000	-0.013631
2809.000000	-0.011996
2810.000000	-0.010953
2811.000000	-0.011541
2812.000000	-0.014464
2813.000000	-0.018970
2814.000000	-0.018830
2815.000000	-0.009747
2816.000000	-0.000636
2817.000000	-0.000358
2818.000000	-0.004342
2819.000000	-0.006044
2820.000000	-0.004451
2821.000000	-0.001038
2822.000000	-0.001704
2823.000000	-0.010320
2824.000000	-0.018236
2825.000000	-0.017202
2826.000000	-0.013091
2827.000000	-0.012714
2828.000000	-0.012501
2829.000000	-0.008250
2830.000000	-0.003600
2831.000000	-0.002884
2832.000000	-0.005373
2833.000000	-0.008508
2834.000000	-0.007477
2835.000000	0.001433
2836.000000	0.015273
2837.000000	0.029327
2838.000000	0.038474
2839.000000	0.039187
2840.000000	0.034711
2841.000000	0.030048
2842.000000	0.030466
2843.000000	0.039351
2844.000000	0.052299
2845.000000	0.063801
2846.000000	0.071719
2847.000000	0.076104
2848.000000	0.082378
2849.000000	0.094840
2850.000000	0.107913
2851.000000	0.116144
2852.000000	0.124453
2853.000000	0.138248
2854.000000	0.154510
2855.000000	0.169264
2856.000000	0.183128
2857.000000	0.197486
2858.000000	0.212197
2859.000000	0.226326
2860.000000	0.237276
2861.000000	0.243114
2862.000000	0.246208
2863.000000	0.250483
2864.000000	0.261792
2865.000000	0.283678
2866.000000	0.308521
2867.000000	0.327966
2868.000000	0.341894
2869.000000	0.352371
2870.000000	0.361976
2871.000000	0.373288
2872.000000	0.388363
2873.000000	0.408684
2874.000000	0.433959
2875.000000	0.461637
2876.000000	0.481899
2877.000000	0.486115
2878.000000	0.477676
2879.000000	0.463316
2880.000000	0.451123
2881.000000	0.447954
2882.000000	0.454400
2883.000000	0.467662
2884.000000	0.477648
2885.000000	0.474942
2886.000000	0.460137
2887.000000	0.439628
2888.000000	0.433006
2889.000000	0.452930
2890.000000	0.471134
2891.000000	0.461407
2892.000000	0.446693
2893.000000	0.453596
2894.000000	0.474206
2895.000000	0.494230
2896.000000	0.508367
2897.000000	0.515144
2898.000000	0.519406
2899.000000	0.526009
2900.000000	0.533527
2901.000000	0.539720
2902.000000	0.545376
2903.000000	0.552480
2904.000000	0.564767
2905.000000	0.583712
2906.000000	0.599988
2907.000000	0.606029
2908.000000	0.612114
2909.000000	0.629207
2910.000000	0.653163
2911.000000	0.676017
2912.000000	0.689629
2913.000000	0.690092
2914.000000	0.690587
2915.000000	0.701912
2916.000000	0.708231
2917.000000	0.698820
2918.000000	0.710050
2919.000000	0.772245
2920.000000	0.844461
2921.000000	0.881029
2922.000000	0.888650
2923.000000	0.885670
2924.000000	0.884648
2925.000000	0.892395
2926.000000	0.898520
2927.000000	0.894332
2928.000000	0.895144
2929.000000	0.915245
2930.000000	0.940812
2931.000000	0.955710
2932.000000	0.962670
2933.000000	0.967909
2934.000000	0.972725
2935.000000	0.977579
2936.000000	0.984508
2937.000000	0.994153
2938.000000	1.000000
2939.000000	0.994144
2940.000000	0.970268
2941.000000	0.926380
2942.000000	0.876197
2943.000000	0.835924
2944.000000	0.816011
2945.000000	0.818694
2946.000000	0.819119
2947.000000	0.794477
2948.000000	0.757246
2949.000000	0.726806
2950.000000	0.714865
2951.000000	0.726015
2952.000000	0.744069
2953.000000	0.749691
2954.000000	0.731734
2955.000000	0.687713
2956.000000	0.641590
2957.000000	0.617443
2958.000000	0.613362
2959.000000	0.619525
2960.000000	0.620450
2961.000000	0.605364
2962.000000	0.587984
2963.000000	0.584197
2964.000000	0.594070
2965.000000	0.611430
2966.000000	0.620952
2967.000000	0.609098
2968.000000	0.578625
2969.000000	0.538969
2970.000000	0.509972
2971.000000	0.506123
2972.000000	0.510072
2973.000000	0.502988
2974.000000	0.491937
2975.000000	0.487451
2976.000000	0.488021
2977.000000	0.488842
2978.000000	0.483973
2979.000000	0.469024
2980.000000	0.446944
2981.000000	0.423019
2982.000000	0.404534
2983.000000	0.397110
2984.000000	0.397707
2985.000000	0.399704
2986.000000	0.390806
2987.000000	0.363219
2988.000000	0.332838
2989.000000	0.316764
2990.000000	0.313241
2991.000000	0.315211
2992.000000	0.313272
2993.000000	0.299827
2994.000000	0.276835
2995.000000	0.249105
2996.000000	0.223293
2997.000000	0.204677
2998.000000	0.191176
2999.000000	0.180144
3000.000000	0.174047
3001.000000	0.175067
3002.000000	0.179142
3003.000000	0.180227
3004.000000	0.170600
3005.000000	0.146183
3006.000000	0.119147
3007.000000	0.102768
3008.000000	0.098490
3009.000000	0.103183
3010.000000	0.107235
3011.000000	0.102528
3012.000000	0.093383
3013.000000	0.085818
3014.000000	0.080181
3015.000000	0.075796
3016.000000	0.073555
3017.000000	0.073889
3018.000000	0.073826
3019.000000	0.069366
3020.000000	0.055816
3021.000000	0.032070
3022.000000	0.012071
3023.000000	0.009715
3024.000000	0.023658
3025.000000	0.045728
3026.000000	0.055688
3027.000000	0.038286
3028.000000	0.010294
3029.000000	-0.008156
3030.000000	-0.015499
3031.000000	-0.014898
3032.000000	-0.009864
3033.000000	-0.003455
3034.000000	0.003426
3035.000000	0.009940
3036.000000	0.013340
3037.000000	0.011546
3038.000000	0.007052
3039.000000	0.003555
3040.000000	0.004995
3041.000000	0.013600
3042.000000	0.024507
3043.000000	0.032325
3044.000000	0.036628
3045.000000	0.037595
3046.000000	0.032847
3047.000000	0.021169
3048.000000	0.008568
3049.000000	0.001184
3050.000000	-0.001537
3051.000000	-0.001599
3052.000000	-0.000101
3053.000000	0.002301
3054.000000	0.005824
3055.000000	0.010498
3056.000000	0.014724
3057.000000	0.017041
3058.000000	0.018166
3059.000000	0.020510
3060.000000	0.031081
3061.000000	0.053043
3062.000000	0.069580
3063.000000	0.065784
3064.000000	0.054357
3065.000000	0.050287
3066.000000	0.050110
3067.000000	0.047344
3068.000000	0.041901
3069.000000	0.035939
3070.000000	0.034203
3071.000000	0.039199
3072.000000	0.041877
3073.000000	0.034111
3074.000000	0.023031
3075.000000	0.016820
3076.000000	0.012615
3077.000000	0.006307
3078.000000	-0.000146
3079.000000	-0.004201
3080.000000	-0.007053
3081.000000	-0.009836
3082.000000	-0.009707
3083.000000	-0.004287
3084.000000	0.002969
3085.000000	0.007456
3086.000000	0.005810
3087.000000	-0.002833
3088.000000	-0.010582
3089.000000	-0.010585
3090.000000	-0.008888
3091.000000	-0.011344
3092.000000	-0.010122
3093.000000	0.001281
3094.000000	0.010385
3095.000000	0.004614
3096.000000	-0.010013
3097.000000	-0.023794
3098.000000	-0.030891
3099.000000	-0.028231
3100.000000	-0.019925
3101.000000	-0.011459
3102.000000	-0.006628
3103.000000	-0.007809
3104.000000	-0.013408
3105.000000	-0.020493
3106.000000	-0.024759
3107.000000	-0.022659
3108.000000	-0.015037
3109.000000	-0.004426
3110.000000	0.004286
3111.000000	0.006536
3112.000000	0.001410
3113.000000	-0.009330
3114.000000	-0.016874
3115.000000	-0.013693
3116.000000	-0.004439
3117.000000	0.003568
3118.000000	0.004519
3119.000000	-0.003387
3120.000000	-0.007435
3121.000000	0.002632
3122.000000	0.012729
3123.000000	0.008749
3124.000000	0.000849
3125.000000	0.000635
3126.000000	0.001232
3127.000000	-0.005187
3128.000000	-0.011791
3129.000000	-0.011129
3130.000000	-0.007919
3131.000000	-0.008056
3132.000000	-0.009971
3133.000000	-0.010415
3134.000000	-0.006875
3135.000000	0.000359
3136.000000	0.000535
3137.000000	-0.013946
3138.000000	-0.027615
3139.000000	-0.025079
3140.000000	-0.014310
3141.000000	-0.007219
3142.000000	-0.008101
3143.000000	-0.015988
3144.000000	-0.016469
3145.000000	0.001262
3146.000000	0.020154
3147.000000	0.021887
3148.000000	0.010923
3149.000000	-0.002065
3150.000000	-0.004336
3151.000000	0.011303
3152.000000	0.027784
3153.000000	0.027323
3154.000000	0.013521
3155.000000	-0.004800
3156.000000	-0.019322
3157.000000	-0.023813
3158.000000	-0.019884
3159.000000	-0.011473
3160.000000	-0.003980
3161.000000	-0.001417
3162.000000	-0.000793
3163.000000	0.001334
3164.000000	0.003194
3165.000000	0.002541
3166.000000	0.000416
3167.000000	-0.001339
3168.000000	-0.000986
3169.000000	0.001661
3170.000000	0.000671
3171.000000	-0.007768
3172.000000	-0.012885
3173.000000	-0.005050
3174.000000	0.006213
3175.000000	0.010296
3176.000000	0.011415
3177.000000	0.014713
3178.000000	0.014215
3179.000000	0.004391
3180.000000	-0.007392
3181.000000	-0.012893
3182.000000	-0.013272
3183.000000	-0.011868
3184.000000	-0.011339
3185.000000	-0.012434
3186.000000	-0.008946
3187.000000	0.003713
3188.000000	0.016706
3189.000000	0.020703
3190.000000	0.017833
3191.000000	0.012287
3192.000000	0.005035
3193.000000	-0.003309
3194.000000	-0.010326
3195.000000	-0.013724
3196.000000	-0.013519
3197.000000	-0.010559
3198.000000	-0.006704
3199.000000	-0.003598
3200.000000	-0.001001
3201.000000	0.001715
3202.000000	0.004863
3203.000000	0.008533
3204.000000	0.012250
3205.000000	0.015803
3206.000000	0.020592
3207.000000	0.026819
3208.000000	0.028269
3209.000000	0.019789
3210.000000	0.006874
3211.000000	-0.002758
3212.000000	-0.003160
3213.000000	0.008562
3214.000000	0.024860
3215.000000	0.036454
3216.000000	0.037572
3217.000000	0.026292
3218.000000	0.012577
3219.000000	0.006808
3220.000000	0.009150
3221.000000	0.015504
3222.000000	0.014916
3223.000000	0.000060
3224.000000	-0.015041
3225.000000	-0.015754
3226.000000	-0.006361
3227.000000	0.005282
3228.000000	0.015936
3229.000000	0.022896
3230.000000	0.020986
3231.000000	0.008407
3232.000000	-0.000666
3233.000000	0.006085
3234.000000	0.017561
3235.000000	0.020409
3236.000000	0.015684
3237.000000	0.008669
3238.000000	0.007164
3239.000000	0.015652
3240.000000	0.022816
3241.000000	0.017656
3242.000000	0.006220
3243.000000	-0.002798
3244.000000	-0.007181
3245.000000	-0.006833
3246.000000	-0.003665
3247.000000	0.000165
3248.000000	0.003511
3249.000000	0.006247
3250.000000	0.011325
3251.000000	0.021004
3252.000000	0.031684
3253.000000	0.038668
3254.000000	0.038721
3255.000000	0.030779
3256.000000	0.021010
3257.000000	0.016051
3258.000000	0.017190
3259.000000	0.022945
3260.000000	0.026104
3261.000000	0.021504
3262.000000	0.017899
3263.000000	0.023832
3264.000000	0.033099
3265.000000	0.037806
3266.000000	0.038067
3267.000000	0.036060
3268.000000	0.034227
3269.000000	0.034605
3270.000000	0.037360
3271.000000	0.041149
3272.000000	0.040466
3273.000000	0.031933
3274.000000	0.024848
3275.000000	0.029035
3276.000000	0.043742
3277.000000	0.063657
3278.000000	0.075798
3279.000000	0.070914
3280.000000	0.062355
3281.000000	0.063293
3282.000000	0.063577
3283.000000	0.052831
3284.000000	0.043111
3285.000000	0.046975
3286.000000	0.056575
3287.000000	0.061791
3288.000000	0.063831
3289.000000	0.065395
3290.000000	0.063817
3291.000000	0.057410
3292.000000	0.053762
3293.000000	0.059714
3294.000000	0.069851
3295.000000	0.076575
3296.000000	0.075822
3297.000000	0.067163
3298.000000	0.061168
3299.000000	0.066239
3300.000000	0.071109
3301.000000	0.064846
3302.000000	0.057540
3303.000000	0.060404
3304.000000	0.068129
3305.000000	0.073338
3306.000000	0.076894
3307.000000	0.079975
3308.000000	0.076775
3309.000000	0.063872
3310.000000	0.054362
3311.000000	0.060254
3312.000000	0.072696
3313.000000	0.080014
3314.000000	0.080113
3315.000000	0.074824
3316.000000	0.072093
3317.000000	0.078003
3318.000000	0.085067
3319.000000	0.085194
3320.000000	0.081443
3321.000000	0.078600
3322.000000	0.077223
3323.000000	0.077107
3324.000000	0.079226
3325.000000	0.083646
3326.000000	0.085614
3327.000000	0.081076
3328.000000	0.073592
3329.000000	0.068293
3330.000000	0.068988
3331.000000	0.077340
3332.000000	0.087766
3333.000000	0.094012
3334.000000	0.094405
3335.000000	0.089251
3336.000000	0.082195
3337.000000	0.076960
3338.000000	0.074233
3339.000000	0.073541
3340.000000	0.072803
3341.000000	0.069664
3342.000000	0.062286
3343.000000	0.051517
3344.000000	0.048437
3345.000000	0.060160
3346.000000	0.067696
3347.000000	0.055132
3348.000000	0.044968
3349.000000	0.059132
3350.000000	0.078853
3351.000000	0.082067
3352.000000	0.074231
3353.000000	0.066260
3354.000000	0.063364
3355.000000	0.067140
3356.000000	0.070428
3357.000000	0.066303
3358.000000	0.057530
3359.000000	0.049181
3360.000000	0.045872
3361.000000	0.050379
3362.000000	0.058593
3363.000000	0.065647
3364.000000	0.070537
3365.000000	0.072501
3366.000000	0.067874
3367.000000	0.055354
3368.000000	0.045997
3369.000000	0.049498
3370.000000	0.057764
3371.000000	0.061038
3372.000000	0.060705
3373.000000	0.060444
3374.000000	0.061960
3375.000000	0.065808
3376.000000	0.069925
3377.000000	0.071817
3378.000000	0.069899
3379.000000	0.063598
3380.000000	0.055481
3381.000000	0.048489
3382.000000	0.043936
3383.000000	0.042224
3384.000000	0.041753
3385.000000	0.041453
3386.000000	0.044393
3387.000000	0.051375
3388.000000	0.050009
3389.000000	0.031698
3390.000000	0.016223
3391.000000	0.022727
3392.000000	0.039430
3393.000000	0.050312
3394.000000	0.053310
3395.000000	0.050518
3396.000000	0.046714
3397.000000	0.045571
3398.000000	0.043677
3399.000000	0.037651
3400.000000	0.031336
3401.000000	0.029324
3402.000000	0.031977
3403.000000	0.037688
3404.000000	0.041213
3405.000000	0.038596
3406.000000	0.034669
3407.000000	0.034914
3408.000000	0.038619
3409.000000	0.043443
3410.000000	0.046727
3411.000000	0.046669
3412.000000	0.045223
3413.000000	0.043381
3414.000000	0.034535
3415.000000	0.014778
3416.000000	-0.001386
3417.000000	-0.000475
3418.000000	0.008481
3419.000000	0.014129
3420.000000	0.018321
3421.000000	0.024761
3422.000000	0.031347
3423.000000	0.034732
3424.000000	0.032390
3425.000000	0.023822
3426.000000	0.015831
3427.000000	0.014930
3428.000000	0.019187
3429.000000	0.024456
3430.000000	0.026180
3431.000000	0.022133
3432.000000	0.019820
3433.000000	0.025402
3434.000000	0.029929
3435.000000	0.024993
3436.000000	0.019476
3437.000000	0.022166
3438.000000	0.024182
3439.000000	0.016936
3440.000000	0.010679
3441.000000	0.015714
3442.000000	0.023716
3443.000000	0.025076
3444.000000	0.023674
3445.000000	0.024253
3446.000000	0.021513
3447.000000	0.010695
3448.000000	-0.000765
3449.000000	-0.004298
3450.000000	0.000987
3451.000000	0.012314
3452.000000	0.019921
3453.000000	0.015740
3454.000000	0.005471
3455.000000	-0.003317
3456.000000	-0.009355
3457.000000	-0.012188
3458.000000	-0.008310
3459.000000	0.003519
3460.000000	0.012430
3461.000000	0.009158
3462.000000	0.002957
3463.000000	0.004266
3464.000000	0.009740
3465.000000	0.013491
3466.000000	0.013247
3467.000000	0.008560
3468.000000	0.002652
3469.000000	-0.000679
3470.000000	0.000985
3471.000000	0.007881
3472.000000	0.012893
3473.000000	0.010149
3474.000000	0.006106
3475.000000	0.008364
3476.000000	0.016773
3477.000000	0.027826
3478.000000	0.032328
3479.000000	0.023415
3480.000000	0.009226
3481.000000	-0.000290
3482.000000	-0.002935
3483.000000	0.000609
3484.000000	0.005899
3485.000000	0.008975
3486.000000	0.011567
3487.000000	0.014736
3488.000000	0.011180
3489.000000	-0.003449
3490.000000	-0.013328
3491.000000	-0.004520
3492.000000	0.009176
3493.000000	0.012050
3494.000000	0.008465
3495.000000	0.006249
3496.000000	0.007013
3497.000000	0.010320
3498.000000	0.013753
3499.000000	0.015068
3500.000000	0.014694
3501.000000	0.013338
3502.000000	0.010137
3503.000000	0.004829
3504.000000	0.001117
3505.000000	0.002777
3506.000000	0.009904
3507.000000	0.019901
3508.000000	0.023086
3509.000000	0.011726
3510.000000	-0.007039
3511.000000	-0.022758
3512.000000	-0.026618
3513.000000	-0.015485
3514.000000	-0.007311
3515.000000	-0.016459
3516.000000	-0.021858
3517.000000	-0.003882
3518.000000	0.015883
3519.000000	0.014887
3520.000000	0.007936
3521.000000	0.012637
3522.000000	0.020438
3523.000000	0.019526
3524.000000	0.011193
3525.000000	0.000067
3526.000000	-0.008995
3527.000000	-0.012241
3528.000000	-0.010569
3529.000000	-0.006007
3530.000000	-0.000449
3531.000000	0.004450
3532.000000	0.007869
3533.000000	0.009353
3534.000000	0.009076
3535.000000	0.007464
3536.000000	0.005316
3537.000000	0.003648
3538.000000	0.003957
3539.000000	0.007284
3540.000000	0.012370
3541.000000	0.017151
3542.000000	0.018657
3543.000000	0.014672
3544.000000	0.006917
3545.000000	-0.001566
3546.000000	-0.006381
3547.000000	-0.005019
3548.000000	-0.003867
3549.000000	-0.008298
3550.000000	-0.010741
3551.000000	-0.004136
3552.000000	0.003599
3553.000000	0.004059
3554.000000	0.001890
3555.000000	0.002857
3556.000000	0.004168
3557.000000	0.001906
3558.000000	-0.003783
3559.000000	-0.011166
3560.000000	-0.016214
3561.000000	-0.015892
3562.000000	-0.013447
3563.000000	-0.011949
3564.000000	-0.007482
3565.000000	0.002935
3566.000000	0.011563
3567.000000	0.011132
3568.000000	0.006975
3569.000000	0.005195
3570.000000	0.002387
3571.000000	-0.004711
3572.000000	-0.009279
3573.000000	-0.004527
3574.000000	0.006130
3575.000000	0.015949
3576.000000	0.015064
3577.000000	-0.001443
3578.000000	-0.015583
3579.000000	-0.011211
3580.000000	-0.002466
3581.000000	-0.005380
3582.000000	-0.013271
3583.000000	-0.016148
3584.000000	-0.013484
3585.000000	-0.007468
3586.000000	-0.001682
3587.000000	0.000509
3588.000000	-0.001989
3589.000000	-0.008325
3590.000000	-0.012136
3591.000000	-0.008277
3592.000000	-0.001981
3593.000000	0.000301
3594.000000	-0.002363
3595.000000	-0.008355
3596.000000	-0.011370
3597.000000	-0.006383
3598.000000	0.001812
3599.000000	0.005970
3600.000000	-0.001156
