610	1.9789356666666664
611	1.9492233333333333
612	1.9263813333333335
613	1.9123986666666668
614	1.9068650000000003
615	1.905158
616	1.9014823333333333
617	1.8917956666666664
618	1.875442
619	1.8576423333333334
620	1.844457
621	1.8380490000000003
622	1.8376443333333334
623	1.8400093333333336
624	1.8429343333333335
625	1.8487556666666667
626	1.860976
627	1.8809900000000002
628	1.9077376666666668
629	1.936756
630	1.9625603333333335
631	1.9807716666666666
632	1.9895073333333333
633	1.9915339999999997
634	1.991844
635	1.9958853333333333
636	2.007462666666667
637	2.0262106666666666
638	2.0494733333333333
639	2.0733363333333332
640	2.093436666666667
641	2.105719666666667
642	2.108940666666667
643	2.107965
644	2.1088196666666668
645	2.1139733333333335
646	2.122408333333333
647	2.129033
648	2.128968
649	2.1218533333333336
650	2.1102746666666667
651	2.098908
652	2.0918996666666665
653	2.0901946666666666
654	2.0922643333333335
655	2.094243
656	2.092869
657	2.088728333333333
658	2.0860570000000003
659	2.0934143333333335
660	2.118331333333333
661	2.1613436666666668
662	2.2163953333333333
663	2.2697123333333336
664	2.309424
665	2.3355876666666666
666	2.3542093333333334
667	2.3726130000000003
668	2.3951596666666664
669	2.4187576666666666
670	2.438660666666667
671	2.4536816666666668
672	2.464243666666667
673	2.4706426666666665
674	2.4733826666666663
675	2.4736629999999997
676	2.471978
677	2.4662746666666666
678	2.4522036666666667
679	2.4232696666666667
680	2.377545
681	2.325647
682	2.2814653333333332
683	2.2533036666666666
684	2.241632666666667
685	2.2353573333333334
686	2.2238106666666666
687	2.2085413333333332
688	2.1962453333333336
689	2.192381
690	2.196956
691	2.1997233333333335
692	2.191175
693	2.173751333333333
694	2.1551923333333334
695	2.1429136666666664
696	2.140829
697	2.1460003333333333
698	2.1554433333333334
699	2.172506666666667
700	2.2003166666666667
701	2.234696
702	2.2673723333333333
703	2.2886863333333336
704	2.2931176666666664
705	2.2856273333333332
706	2.273367
707	2.258160333333333
708	2.239342333333333
709	2.216698
710	2.1934766666666667
711	2.179776
712	2.1840776666666666
713	2.2041886666666666
714	2.2328033333333335
715	2.2620763333333334
716	2.287938
717	2.31477
718	2.3472403333333336
719	2.382188666666667
720	2.412371333333333
721	2.4298073333333337
722	2.431054666666667
723	2.4236193333333333
724	2.4188783333333332
725	2.426010333333333
726	2.449719333333334
727	2.487093
728	2.53322
729	2.5859113333333332
730	2.644140666666667
731	2.706539
732	2.771752
733	2.839204333333333
734	2.910305666666667
735	2.9901929999999997
736	3.0842326666666664
737	3.1945520000000003
738	3.321012333333333
739	3.4615813333333336
740	3.6136196666666667
741	3.774646
742	3.9413456666666664
743	4.108007333333333
744	4.266433333333333
745	4.405292666666667
746	4.51449
747	4.5901776666666665
748	4.633559
749	4.651325
750	4.651798666666666
751	4.641624333333333
752	4.623360333333332
753	4.591969333333333
754	4.540019333333333
755	4.462211333333333
756	4.356574999999999
757	4.226415
758	4.076575
759	3.910577
760	3.7323386666666662
761	3.548444333333333
762	3.367444
763	3.1994333333333334
764	3.052267666666667
765	2.9271456666666666
766	2.8225206666666667
767	2.7371743333333334
768	2.670608
769	2.6231583333333335
770	2.5939459999999994
771	2.5786040000000003
772	2.572399
773	2.573369
774	2.5812576666666667
775	2.596768
776	2.619704666666667
777	2.647248666666667
778	2.6773429999999996
779	2.7120290000000002
780	2.7519526666666665
781	2.7904343333333337
782	2.8189453333333336
783	2.832523666666667
784	2.8305396666666667
785	2.818527666666667
786	2.8035250000000005
787	2.7899260000000004
788	2.778725
789	2.766036
790	2.747355
791	2.721476
792	2.6889823333333336
793	2.651083
794	2.608816
795	2.5626403333333334
796	2.5148466666666662
797	2.4721159999999998
798	2.439054666666667
799	2.4112530000000003
800	2.3830340000000003
801	2.3549716666666667
802	2.3306063333333333
803	2.3135276666666664
804	2.305777
805	2.305992666666667
806	2.3110953333333333
807	2.317371
808	2.321573
809	2.322011333333333
810	2.317921
811	2.3092463333333333
812	2.297205
813	2.285209
814	2.276299
815	2.270363666666667
816	2.2652023333333333
817	2.2572043333333336
818	2.2444113333333333
819	2.229953666666667
820	2.2190073333333333
821	2.2161823333333333
822	2.2241473333333337
823	2.241614333333333
824	2.264400666666667
825	2.2855443333333336
826	2.29861
827	2.301018
828	2.292546666666667
829	2.2747293333333336
830	2.251357
831	2.2296283333333333
832	2.215418
833	2.208136
834	2.2046123333333334
835	2.2022926666666667
836	2.1998623333333334
837	2.197924
838	2.197906333333333
839	2.2011583333333338
840	2.2078846666666667
841	2.215521666666667
842	2.218757333333333
843	2.2092203333333336
844	2.182748666666667
845	2.147928
846	2.117941666666667
847	2.103361666666667
848	2.1089073333333337
849	2.1287823333333336
850	2.152919
851	2.1719516666666667
852	2.1806616666666665
853	2.182186666666667
854	2.1817153333333335
855	2.180890333333333
856	2.1788426666666667
857	2.172951333333333
858	2.161399666666667
859	2.1456246666666665
860	2.127096
861	2.104419666666667
862	2.077788
863	2.0540446666666665
864	2.0415506666666667
865	2.0448543333333333
866	2.0621923333333334
867	2.081652
868	2.091584666666667
869	2.0910143333333333
870	2.0845796666666665
871	2.078571666666667
872	2.0764726666666666
873	2.074379
874	2.067443
875	2.0562506666666667
876	2.045504
877	2.043199333333333
878	2.053929333333333
879	2.071556333333333
880	2.08755
881	2.098794333333333
882	2.1061313333333334
883	2.113297
884	2.1216353333333333
885	2.1247786666666664
886	2.1168796666666667
887	2.1012560000000002
888	2.0858726666666665
889	2.079499666666667
890	2.0865383333333334
891	2.101039
892	2.114714666666667
893	2.124366333333333
894	2.1311483333333334
895	2.140315
896	2.1545853333333334
897	2.167321
898	2.171072666666667
899	2.166252
900	2.158306666666667
901	2.1556823333333335
902	2.1636773333333332
903	2.1777966666666666
904	2.190650333333333
905	2.198417
906	2.202560666666667
907	2.2123593333333336
908	2.235753
909	2.2698613333333335
910	2.306388
911	2.3362203333333333
912	2.3557559999999995
913	2.3741309999999998
914	2.401784333333333
915	2.439418
916	2.482439666666667
917	2.52439
918	2.5595903333333334
919	2.585551333333333
920	2.601328666666667
921	2.6067823333333333
922	2.6048966666666664
923	2.605087666666667
924	2.616659666666667
925	2.6417286666666664
926	2.6751110000000002
927	2.7023373333333334
928	2.708607666666667
929	2.688144
930	2.646245
931	2.6040200000000002
932	2.582132666666667
933	2.584259
934	2.601573333333333
935	2.6144996666666667
936	2.6070666666666664
937	2.581661
938	2.549297
939	2.521892666666666
940	2.506638666666667
941	2.4996359999999993
942	2.4920206666666664
943	2.4747803333333334
944	2.4430953333333334
945	2.401734
946	2.3603673333333335
947	2.3303663333333335
948	2.3208466666666663
949	2.333781333333333
950	2.3632573333333333
951	2.392411
952	2.4038506666666666
953	2.3903549999999996
954	2.355821333333333
955	2.3189836666666666
956	2.2989146666666667
957	2.300837
958	2.320422333333333
959	2.346042
960	2.3681733333333335
961	2.3886983333333336
962	2.4136923333333336
963	2.4469223333333336
964	2.487096666666667
965	2.5242126666666667
966	2.546826333333333
967	2.5491846666666667
968	2.5321743333333333
969	2.506137333333333
970	2.4841923333333336
971	2.476560333333334
972	2.4889319999999997
973	2.5195803333333333
974	2.5627656666666665
975	2.6105416666666668
976	2.6545593333333333
977	2.687844666666667
978	2.7079356666666667
979	2.7214720000000003
980	2.7380573333333333
981	2.7646783333333333
982	2.802418666666666
983	2.842175333333333
984	2.8758576666666666
985	2.9078246666666665
986	2.9483883333333334
987	3.007916
988	3.088888
989	3.1764753333333333
990	3.2542056666666666
991	3.318801
992	3.3719999999999994
993	3.413388
994	3.4425956666666666
995	3.462295333333333
996	3.4767449999999998
997	3.490355666666667
998	3.5048723333333336
999	3.5158430000000003
1000	3.517283
1001	3.5060953333333336
1002	3.4833010000000004
1003	3.4561646666666666
1004	3.4327586666666665
1005	3.4164249999999994
1006	3.404250666666667
1007	3.3843886666666663
1008	3.3476736666666667
1009	3.2995463333333332
1010	3.2489113333333335
1011	3.197891333333333
1012	3.1462273333333335
1013	3.0955113333333326
1014	3.047357
1015	3.0011516666666664
1016	2.955405333333333
1017	2.909098
1018	2.8629863333333336
1019	2.821177333333334
1020	2.787326
1021	2.760814
1022	2.7401216666666666
1023	2.725873
1024	2.718326666666667
1025	2.714605333333333
1026	2.711306666666667
1027	2.706967
1028	2.700221
1029	2.688218
1030	2.670366
1031	2.652970333333333
1032	2.644745333333333
1033	2.6525146666666664
1034	2.677464333333333
1035	2.710224333333333
1036	2.740827333333333
1037	2.7683316666666666
1038	2.7958523333333325
1039	2.8262376666666666
1040	2.8598146666666664
1041	2.8919516666666665
1042	2.9173226666666667
1043	2.9339953333333337
1044	2.9424223333333335
1045	2.944993666666667
1046	2.9444680000000005
1047	2.9428726666666667
1048	2.942892666666667
1049	2.9491229999999997
1050	2.963394666666667
1051	2.979281
1052	2.988651666666667
1053	2.988112333333333
1054	2.9794910000000003
1055	2.971238666666667
1056	2.970303666666667
1057	2.9738613333333337
1058	2.975600333333333
1059	2.9713513333333332
1060	2.9600123333333332
1061	2.944915
1062	2.9301346666666666
1063	2.9173023333333328
1064	2.907392
1065	2.9025729999999994
1066	2.9059199999999996
1067	2.9211046666666665
1068	2.950322666666666
1069	2.9915383333333336
1070	3.039123
1071	3.083624
1072	3.117183
1073	3.139486666666666
1074	3.154794666666666
1075	3.1700386666666667
1076	3.189883333333333
1077	3.2117286666666667
1078	3.2324029999999997
1079	3.254652666666667
1080	3.2830206666666664
1081	3.319422333333333
1082	3.360408333333333
1083	3.393366
1084	3.4061429999999997
1085	3.3968993333333333
1086	3.3700789999999996
1087	3.3341713333333334
1088	3.2989376666666663
1089	3.273445333333333
1090	3.2643609999999996
1091	3.273136
1092	3.295829333333333
1093	3.3213163333333338
1094	3.3386766666666667
1095	3.3446173333333333
1096	3.3411273333333336
1097	3.3343476666666665
1098	3.329388
1099	3.32562
1100	3.322933
1101	3.328126333333334
1102	3.3489833333333334
1103	3.387910333333333
1104	3.4412853333333335
1105	3.4974299999999996
1106	3.5446786666666665
1107	3.579155
1108	3.6006563333333332
1109	3.60977
1110	3.6096269999999997
1111	3.6088776666666664
1112	3.6172259999999996
1113	3.641223
1114	3.684839
1115	3.7494196666666664
1116	3.8354109999999997
1117	3.9431486666666666
1118	4.069773333333334
1119	4.204815999999999
1120	4.334436666666666
1121	4.4451393333333336
1122	4.529118
1123	4.591042999999999
1124	4.638972666666667
1125	4.676575000000001
1126	4.7054203333333335
1127	4.727082000000001
1128	4.742296333333333
1129	4.749260999999999
1130	4.742956333333333
1131	4.713959
1132	4.655908
1133	4.573594333333333
1134	4.473744333333333
1135	4.356222666666667
1136	4.217261666666667
1137	4.052676
1138	3.863538333333333
1139	3.6629600000000004
1140	3.466010333333333
1141	3.2802213333333334
1142	3.1086896666666664
1143	2.9524553333333334
1144	2.813788333333334
1145	2.6989309999999995
1146	2.611906666666667
1147	2.5476396666666665
1148	2.4988523333333332
1149	2.462396
1150	2.4372706666666666
1151	2.4227266666666667
1152	2.4166163333333333
1153	2.4138846666666667
1154	2.4112476666666667
1155	2.4124143333333334
1156	2.423232
1157	2.4470609999999997
1158	2.4828883333333334
1159	2.5225116666666665
1160	2.5567106666666666
1161	2.581418
1162	2.598702666666667
1163	2.619049
1164	2.6517926666666667
1165	2.6952420000000004
1166	2.7410793333333334
1167	2.777253333333333
1168	2.7938463333333337
1169	2.7894913333333333
1170	2.769376666666667
1171	2.7450789999999996
1172	2.727418666666667
1173	2.7190706666666666
1174	2.715671
1175	2.7053009999999995
1176	2.677918666666667
1177	2.635057666666667
1178	2.5837806666666667
1179	2.5319423333333333
1180	2.4851586666666665
1181	2.443382333333333
1182	2.402606
1183	2.355531
1184	2.296968
1185	2.229743666666667
1186	2.160633
1187	2.097361666666667
1188	2.0463063333333333
1189	2.0100116666666668
1190	1.9884976666666667
1191	1.9794363333333334
1192	1.9780733333333336
1193	1.9766703333333333
1194	1.9712250000000004
1195	1.9690916666666667
1196	1.9798810000000004
1197	2.0067326666666667
1198	2.047511666666667
1199	2.0951186666666666
1200	2.1436253333333335
1201	2.1942396666666664
1202	2.2497016666666667
1203	2.308872333333333
1204	2.36794
1205	2.421636666666666
1206	2.4686686666666664
1207	2.517912
1208	2.5791036666666667
1209	2.6535790000000006
1210	2.737312
1211	2.8229043333333337
1212	2.9043963333333336
1213	2.9819006666666668
1214	3.0565466666666663
1215	3.1258249999999994
1216	3.1868839999999996
1217	3.240045
1218	3.2869653333333333
1219	3.3290626666666667
1220	3.367413333333334
1221	3.4028456666666664
1222	3.437072
1223	3.4737706666666663
1224	3.514714333333333
1225	3.5553379999999994
1226	3.5893759999999997
1227	3.6133189999999997
1228	3.6273929999999996
1229	3.637122333333333
1230	3.6467519999999998
1231	3.6527173333333334
1232	3.650387666666666
1233	3.6407476666666665
1234	3.6273936666666664
1235	3.613991
1236	3.6034629999999996
1237	3.5972393333333335
1238	3.5959153333333327
1239	3.599472333333334
1240	3.6066629999999997
1241	3.614133333333333
1242	3.619582333333333
1243	3.6251116666666667
1244	3.6332753333333327
1245	3.6429593333333328
1246	3.649519
1247	3.644497666666666
1248	3.6224683333333334
1249	3.5887806666666666
1250	3.553339333333333
1251	3.52543
1252	3.5104153333333334
1253	3.5055633333333334
1254	3.504335666666667
1255	3.4995786666666664
1256	3.486751333333333
1257	3.467614
1258	3.4460086666666667
1259	3.424128
1260	3.401085666666667
1261	3.3710133333333334
1262	3.3280903333333334
1263	3.272075
1264	3.20953
1265	3.1566713333333336
1266	3.1289633333333335
1267	3.1296280000000003
1268	3.147934666666667
1269	3.154517666666667
1270	3.124960333333333
1271	3.064684333333333
1272	2.9937763333333334
1273	2.9351833333333337
1274	2.9047366666666665
1275	2.9001536666666667
1276	2.910781333333334
1277	2.924761
1278	2.93365
1279	2.9374799999999994
1280	2.941406333333333
1281	2.953686666666666
1282	2.979597666666666
1283	3.0148006666666665
1284	3.0514479999999997
1285	3.083358333333333
1286	3.1069620000000002
1287	3.123495
1288	3.142526
1289	3.187362
1290	3.277037
1291	3.4064496666666666
1292	3.5558136666666664
1293	3.697080666666667
1294	3.811558333333334
1295	3.909168
1296	4.008868666666666
1297	4.121683666666666
1298	4.252056666666666
1299	4.398378666666666
1300	4.556607
1301	4.722189666666666
1302	4.888579333333333
1303	5.0449
1304	5.180089333333333
1305	5.287796999999999
1306	5.370310333333333
1307	5.444156333333332
1308	5.522435
1309	5.5964263333333335
1310	5.650110333333333
1311	5.673641000000001
1312	5.667140999999999
1313	5.646053000000001
1314	5.625881333333332
1315	5.607313
1316	5.584193999999999
1317	5.549862
1318	5.498356666666666
1319	5.425717
1320	5.3344336666666665
1321	5.239988666666667
1322	5.16127
1323	5.111594666666666
1324	5.096130333333334
1325	5.107123
1326	5.132348666666667
1327	5.161991666666666
1328	5.190900666666666
1329	5.221634999999999
1330	5.258437999999999
1331	5.301618
1332	5.346985333333333
1333	5.384542333333333
1334	5.405938333333333
1335	5.4123866666666665
1336	5.410367333333333
1337	5.4084086666666655
1338	5.411886
1339	5.416981666666667
1340	5.414474
1341	5.392198333333334
1342	5.341498666666667
1343	5.264777333333334
1344	5.171741666666667
1345	5.077384666666666
1346	4.9925716666666675
1347	4.9140429999999995
1348	4.834877333333333
1349	4.754072333333334
1350	4.67502
1351	4.604583
1352	4.549244666666667
1353	4.511108666666667
1354	4.487321
1355	4.4680230000000005
1356	4.441713333333333
1357	4.400722333333333
1358	4.346218666666666
1359	4.2953
1360	4.265501
1361	4.259417
1362	4.270706000000001
1363	4.287929
1364	4.299611
1365	4.298623
1366	4.281270999999999
1367	4.247556666666666
1368	4.199897
1369	4.142966333333334
1370	4.0819366666666665
1371	4.021031666666667
1372	3.9632596666666666
1373	3.909896
1374	3.8618129999999997
1375	3.8206736666666665
1376	3.7887563333333336
1377	3.7685106666666663
1378	3.7591053333333337
1379	3.752199666666667
1380	3.738779
1381	3.7160486666666666
1382	3.685913666666667
1383	3.6547796666666663
1384	3.6306080000000005
1385	3.6207486666666666
1386	3.630626666666667
1387	3.6617493333333337
1388	3.7121873333333335
1389	3.775358
1390	3.839729
1391	3.887562
1392	3.9067120000000006
1393	3.904038333333333
1394	3.893139666666667
1395	3.883447
1396	3.876367
1397	3.8603889999999996
1398	3.8253146666666664
1399	3.7765443333333337
1400	3.7257163333333327
1401	3.6825330000000003
1402	3.652814666666667
1403	3.6355339999999994
1404	3.6234053333333334
1405	3.6015853333333334
1406	3.556905666666667
1407	3.4877466666666668
1408	3.400843
1409	3.3103336666666667
1410	3.230154333333333
1411	3.1665603333333334
1412	3.1190706666666665
1413	3.0796386666666664
1414	3.0398363333333336
1415	2.9980780000000005
1416	2.960720333333333
1417	2.944423333333334
1418	2.9605493333333333
1419	2.9981870000000006
1420	3.038156
1421	3.0651376666666668
1422	3.07078
1423	3.058304
1424	3.037461666666667
1425	3.021697333333333
1426	3.022170666666667
1427	3.0412920000000003
1428	3.075762666666667
1429	3.117725666666667
1430	3.1580616666666663
1431	3.1894306666666665
1432	3.210901333333333
1433	3.234410333333333
1434	3.2751696666666668
1435	3.3420466666666666
1436	3.430812333333333
1437	3.5148753333333334
1438	3.5705126666666667
1439	3.6026956666666665
1440	3.628601333333333
1441	3.663695666666667
1442	3.7167386666666666
1443	3.784136666666667
1444	3.858171333333334
1445	3.9335183333333337
1446	4.005993
1447	4.071191
1448	4.125504
1449	4.168107
1450	4.203010999999999
1451	4.241923333333334
1452	4.292307
1453	4.344182
1454	4.380851
1455	4.388836333333333
1456	4.36575
1457	4.3303080000000005
1458	4.3025443333333335
1459	4.284668333333333
1460	4.269882666666667
1461	4.2493826666666665
1462	4.216073
1463	4.168320333333333
1464	4.109983333333333
1465	4.051880000000001
1466	4.003298999999999
1467	3.9630146666666666
1468	3.9230956666666668
1469	3.8715273333333333
1470	3.801446
1471	3.7214569999999996
1472	3.6449219999999998
1473	3.580548666666667
1474	3.532591333333333
1475	3.500128333333333
1476	3.478844
1477	3.461321666666667
1478	3.4393416666666665
1479	3.4060563333333334
1480	3.358474666666666
1481	3.3015140000000005
1482	3.2455816666666664
1483	3.2051263333333333
1484	3.187401
1485	3.1795656666666665
1486	3.1642506666666668
1487	3.1340639999999995
1488	3.0892503333333337
1489	3.036538666666667
1490	2.981204
1491	2.9194926666666663
1492	2.845613666666666
1493	2.758531666666666
1494	2.6609613333333333
1495	2.559341
1496	2.4623133333333334
1497	2.3798846666666664
1498	2.3191793333333335
1499	2.2791206666666666
1500	2.2535346666666665
1501	2.232472333333333
1502	2.2047963333333334
1503	2.160685
1504	2.097144
1505	2.025516
1506	1.9607843333333332
1507	1.9119396666666666
1508	1.8825503333333335
1509	1.8701233333333336
1510	1.869969
1511	1.8777956666666666
1512	1.8892566666666666
1513	1.8993073333333335
1514	1.9038620000000002
1515	1.9020296666666667
1516	1.8958516666666667
1517	1.8907423333333333
1518	1.8911583333333335
1519	1.8963093333333334
1520	1.9049456666666669
1521	1.920083
1522	1.9463473333333337
1523	1.9869566666666667
1524	2.039628
1525	2.091375
1526	2.1297810000000004
1527	2.1545246666666666
1528	2.1717076666666664
1529	2.189645
1530	2.2150090000000002
1531	2.249092333333333
1532	2.2911653333333333
1533	2.340945333333333
1534	2.3969500000000004
1535	2.454026
1536	2.504933333333333
1537	2.542198
1538	2.565874
1539	2.592703333333333
1540	2.6376806666666672
1541	2.6948443333333336
1542	2.747985
1543	2.7801416666666667
1544	2.7868180000000002
1545	2.791200666666666
1546	2.8178030000000005
1547	2.8666219999999996
1548	2.9266976666666666
1549	2.987794
1550	3.045266333333333
1551	3.104857
1552	3.171478
1553	3.2383363333333337
1554	3.2974546666666664
1555	3.3504356666666664
1556	3.404165
1557	3.4668020000000004
1558	3.539648333333333
1559	3.6082183333333333
1560	3.660346666666667
1561	3.705084666666667
1562	3.7603599999999995
1563	3.8417733333333333
1564	3.9543516666666667
1565	4.082489
1566	4.2087026666666665
1567	4.3312523333333335
1568	4.453964333333333
1569	4.5767050000000005
1570	4.695677
1571	4.804189333333333
1572	4.901555
1573	5.002808333333334
1574	5.121564
1575	5.252045333333332
1576	5.378961
1577	5.485660333333334
1578	5.562463
1579	5.615965
1580	5.656374
1581	5.685998333333334
1582	5.702359333333332
1583	5.7005799999999995
1584	5.676122
1585	5.627225666666666
1586	5.553997
1587	5.458485666666666
1588	5.346646
1589	5.231557333333333
1590	5.126622333333333
1591	5.037995333333334
1592	4.960972333333334
1593	4.8744016666666665
1594	4.762625333333333
1595	4.638550333333333
1596	4.523961666666667
1597	4.4314496666666665
1598	4.363228
1599	4.308372333333333
1600	4.255179
1601	4.2025456666666665
1602	4.153419333333334
1603	4.109108666666667
1604	4.070498666666667
1605	4.039726
1606	4.019470666666667
1607	4.011770666666667
1608	4.014320333333333
1609	4.0156616666666665
1610	4.00385
1611	3.975547
1612	3.936398
1613	3.9030080000000003
1614	3.887455
1615	3.881053
1616	3.869265
1617	3.8455093333333332
1618	3.810609
1619	3.7733093333333336
1620	3.742013
1621	3.716877666666667
1622	3.6943989999999998
1623	3.671196666666667
1624	3.6452506666666666
1625	3.617077666666667
1626	3.587680666666667
1627	3.5567786666666668
1628	3.5240240000000003
1629	3.4904046666666666
1630	3.4579633333333333
1631	3.429735333333333
1632	3.4084173333333334
1633	3.395005666666666
1634	3.389840333333333
1635	3.3933629999999995
1636	3.40542
1637	3.4242719999999998
1638	3.4477226666666665
1639	3.474064
1640	3.5016383333333336
1641	3.5285269999999995
1642	3.554211
1643	3.5816359999999996
1644	3.6142656666666664
1645	3.653239666666667
1646	3.6983226666666664
1647	3.7487576666666667
1648	3.8054663333333334
1649	3.8730013333333333
1650	3.952158
1651	4.031787333333334
1652	4.100377333333333
1653	4.157812
1654	4.210074333333333
1655	4.264422
1656	4.320278666666667
1657	4.359549666666667
1658	4.369357
1659	4.365992
1660	4.373103666666666
1661	4.400524666666667
1662	4.443446333333333
1663	4.479505
1664	4.491696333333333
1665	4.491571333333333
1666	4.496955333333333
1667	4.510707
1668	4.526222333333333
1669	4.532089333333333
1670	4.523002
1671	4.510833333333333
1672	4.506214
1673	4.499711
1674	4.475261999999999
1675	4.423628
1676	4.350308333333333
1677	4.285466
1678	4.25257
1679	4.235734333333333
1680	4.207305
1681	4.153652666666666
1682	4.076950999999999
1683	3.998841
1684	3.9361816666666662
1685	3.8769246666666666
1686	3.8037253333333334
1687	3.7166556666666666
1688	3.6238213333333333
1689	3.5328843333333335
1690	3.4477336666666667
1691	3.3653506666666666
1692	3.2834823333333336
1693	3.2082189999999997
1694	3.146936333333333
1695	3.101036666666667
1696	3.0668293333333336
1697	3.035553333333333
1698	3.000251
1699	2.962811333333333
1700	2.9277670000000002
1701	2.8970649999999996
1702	2.8731860000000005
1703	2.8618769999999993
1704	2.861844333333333
1705	2.853223666666666
1706	2.8197323333333335
1707	2.771507333333333
1708	2.723883333333333
1709	2.6772316666666662
1710	2.6262999999999996
1711	2.5692536666666665
1712	2.5078609999999997
1713	2.447973
1714	2.396104666666667
1715	2.356008
1716	2.3264026666666666
1717	2.2973619999999997
1718	2.2576786666666666
1719	2.202384
1720	2.135402666666667
1721	2.073596
1722	2.0285189999999997
1723	1.9881830000000003
1724	1.9425606666666666
1725	1.9089816666666666
1726	1.9054536666666668
1727	1.9233669999999998
1728	1.946122666666667
1729	1.966554
1730	1.9833333333333334
1731	1.997732
1732	2.010328
1733	2.0180736666666665
1734	2.0165443333333335
1735	2.0023633333333333
1736	1.977187
1737	1.9529206666666667
1738	1.9427373333333335
1739	1.951799
1740	1.9754716666666667
1741	1.9955420000000001
1742	1.9962836666666666
1743	1.980735
1744	1.958521
1745	1.9351566666666666
1746	1.9123830000000002
1747	1.8886873333333334
1748	1.8649259999999999
1749	1.8498413333333334
1750	1.8503536666666667
1751	1.8611486666666666
1752	1.8725956666666665
1753	1.8778223333333335
1754	1.8736796666666669
1755	1.8623583333333333
1756	1.8481473333333331
1757	1.834904333333333
1758	1.8243676666666664
1759	1.8141703333333332
1760	1.801793
1761	1.78849
1762	1.777752
1763	1.7740166666666668
1764	1.7794626666666666
1765	1.7904516666666663
1766	1.8029119999999998
1767	1.8173033333333333
1768	1.8339756666666664
1769	1.8483176666666667
1770	1.8547499999999997
1771	1.8510083333333334
1772	1.8392533333333334
1773	1.8281423333333333
1774	1.8262363333333336
1775	1.8353813333333333
1776	1.8529893333333334
1777	1.8732863333333334
1778	1.8911163333333334
1779	1.9054496666666667
1780	1.9160683333333333
1781	1.9205740000000002
1782	1.9169019999999999
1783	1.9063683333333332
1784	1.8930046666666667
1785	1.8834143333333335
1786	1.8824896666666668
1787	1.8886123333333336
1788	1.8966620000000003
1789	1.9004076666666667
1790	1.897312
