610	1.7051443333333332
611	1.7037753333333336
612	1.7017976666666665
613	1.7017253333333333
614	1.7040380000000002
615	1.7050756666666667
616	1.7011336666666668
617	1.6926603333333332
618	1.6833083333333332
619	1.6795513333333334
620	1.6862286666666666
621	1.7018036666666665
622	1.722629
623	1.7465293333333332
624	1.7718716666666667
625	1.7965236666666664
626	1.8185976666666668
627	1.8375520000000003
628	1.8547823333333333
629	1.8746466666666666
630	1.900857
631	1.9326596666666667
632	1.9670376666666667
633	2.0003743333333333
634	2.0300393333333333
635	2.0559336666666668
636	2.0780553333333334
637	2.094154666666667
638	2.101629
639	2.0997093333333336
640	2.090740333333333
641	2.082035666666667
642	2.0799103333333333
643	2.0833523333333335
644	2.087651
645	2.0871370000000002
646	2.077783
647	2.059947
648	2.0359306666666663
649	2.0081433333333334
650	1.9788036666666666
651	1.9497553333333335
652	1.922657
653	1.8990470000000002
654	1.8804443333333334
655	1.868394
656	1.8646746666666667
657	1.871261
658	1.8882126666666665
659	1.9110233333333333
660	1.9349516666666666
661	1.9589483333333333
662	1.9815369999999999
663	1.9968049999999997
664	2.001161
665	2.0008043333333334
666	2.0037143333333334
667	2.0118053333333332
668	2.022708
669	2.0307826666666666
670	2.031269
671	2.0243986666666665
672	2.0128273333333335
673	1.999604666666667
674	1.9865833333333334
675	1.972632
676	1.9552423333333333
677	1.9318266666666666
678	1.9014756666666668
679	1.8669563333333334
680	1.8311856666666666
681	1.7941409999999998
682	1.7575996666666667
683	1.7300196666666665
684	1.717531333333333
685	1.714302
686	1.7125560000000002
687	1.7123266666666668
688	1.7178936666666667
689	1.7346409999999997
690	1.7649453333333331
691	1.8034316666666665
692	1.841652333333333
693	1.8719583333333332
694	1.889592
695	1.8955849999999999
696	1.8948916666666666
697	1.8956396666666666
698	1.9042576666666666
699	1.9201973333333335
700	1.9391113333333334
701	1.9552003333333332
702	1.9651683333333332
703	1.972509
704	1.981966
705	1.994102
706	2.0051926666666664
707	2.0065963333333334
708	1.9926966666666668
709	1.9695996666666666
710	1.9475746666666667
711	1.9344136666666667
712	1.9337286666666669
713	1.942645
714	1.9575073333333335
715	1.9788653333333333
716	2.0071416666666666
717	2.0380846666666668
718	2.066708
719	2.091264666666667
720	2.111929
721	2.129691333333333
722	2.1442506666666667
723	2.1520789999999996
724	2.151822
725	2.1503496666666666
726	2.1568039999999997
727	2.176695666666667
728	2.2092703333333334
729	2.2436483333333337
730	2.269429666666667
731	2.2874300000000005
732	2.3049606666666667
733	2.332352
734	2.376510333333333
735	2.434153333333333
736	2.4998346666666666
737	2.5730653333333335
738	2.6539956666666664
739	2.7391286666666668
740	2.826245666666666
741	2.9195406666666672
742	3.0217599999999996
743	3.125817333333334
744	3.2221406666666663
745	3.3053723333333336
746	3.3714693333333337
747	3.415236666666667
748	3.4347966666666663
749	3.437244333333333
750	3.4311863333333332
751	3.419580333333333
752	3.401314333333333
753	3.3721006666666664
754	3.328679
755	3.272869333333333
756	3.207107333333333
757	3.1303383333333334
758	3.0418279999999998
759	2.9451673333333335
760	2.8439533333333333
761	2.7378643333333335
762	2.6291116666666667
763	2.5293436666666667
764	2.448399
765	2.382649333333333
766	2.3259613333333333
767	2.2800923333333336
768	2.2489136666666667
769	2.2324176666666666
770	2.2270216666666665
771	2.2254119999999995
772	2.2215896666666666
773	2.216198
774	2.213076
775	2.2164886666666668
776	2.2285323333333333
777	2.246199333333333
778	2.26507
779	2.2825096666666664
780	2.297094
781	2.308107
782	2.3145686666666667
783	2.3145576666666665
784	2.3079883333333338
785	2.2998496666666663
786	2.2956006666666666
787	2.296450666666667
788	2.300103
789	2.3007570000000004
790	2.293334333333333
791	2.277736
792	2.256299
793	2.2317546666666663
794	2.205432666666667
795	2.175385
796	2.1395763333333333
797	2.0991893333333334
798	2.0580236666666667
799	2.0224456666666666
800	1.9981196666666667
801	1.9864916666666665
802	1.9859463333333331
803	1.9919946666666668
804	1.9994826666666667
805	2.0044546666666667
806	2.004854
807	2.0018316666666665
808	1.9985116666666667
809	1.9993023333333333
810	2.007498
811	2.0225233333333335
812	2.0415763333333334
813	2.0606703333333334
814	2.076962
815	2.0913126666666666
816	2.1067763333333334
817	2.127593333333333
818	2.1569936666666667
819	2.1944700000000004
820	2.235643
821	2.271008
822	2.2914473333333336
823	2.293828
824	2.2793393333333336
825	2.2532116666666666
826	2.2231753333333333
827	2.1987259999999997
828	2.1869183333333333
829	2.1871910000000003
830	2.1940073333333334
831	2.1982223333333333
832	2.193307
833	2.1819313333333334
834	2.169729333333333
835	2.159729666666667
836	2.152050666666667
837	2.143129
838	2.1287313333333335
839	2.106895
840	2.079442
841	2.054512
842	2.0415129999999997
843	2.0462710000000004
844	2.069924666666667
845	2.1062896666666666
846	2.145138333333333
847	2.1744003333333337
848	2.186216666666667
849	2.184309333333333
850	2.1786393333333334
851	2.181618
852	2.201440333333333
853	2.2344323333333334
854	2.271198
855	2.301235333333333
856	2.3173470000000003
857	2.3207513333333334
858	2.317241
859	2.314624333333333
860	2.318407666666667
861	2.3271246666666667
862	2.3364713333333333
863	2.342738
864	2.344412
865	2.34408
866	2.3449063333333333
867	2.347176666666667
868	2.3481363333333336
869	2.3413296666666668
870	2.3216223333333335
871	2.290564333333333
872	2.2526866666666665
873	2.212793
874	2.176238666666667
875	2.149649666666667
876	2.138997
877	2.1467866666666664
878	2.1691383333333336
879	2.1911403333333332
880	2.1973906666666667
881	2.182828333333333
882	2.151845
883	2.1196493333333333
884	2.100839
885	2.098265
886	2.1086983333333333
887	2.1268773333333333
888	2.147202666666667
889	2.1647616666666667
890	2.1758336666666667
891	2.179028
892	2.1756416666666665
893	2.17076
894	2.168494
895	2.1670293333333333
896	2.161966
897	2.1494596666666665
898	2.129886
899	2.112241
900	2.105318
901	2.108605
902	2.115343333333333
903	2.1145856666666667
904	2.0999653333333335
905	2.0792943333333334
906	2.064049
907	2.059928
908	2.0692316666666666
909	2.092676
910	2.1294923333333333
911	2.1764066666666664
912	2.2275793333333334
913	2.274007
914	2.3090770000000003
915	2.334925666666667
916	2.3579173333333334
917	2.384979
918	2.4190506666666667
919	2.454034666666667
920	2.4836116666666666
921	2.509927333333333
922	2.5385339999999994
923	2.573655333333333
924	2.615394666666667
925	2.656341
926	2.688877666666667
927	2.7121716666666664
928	2.727041333333333
929	2.731296
930	2.723129
931	2.705271333333333
932	2.683826
933	2.6678126666666673
934	2.6646
935	2.6745720000000004
936	2.691765666666667
937	2.7029663333333334
938	2.6967816666666664
939	2.6734193333333334
940	2.6411376666666673
941	2.614485
942	2.6042043333333336
943	2.606425666666666
944	2.6110149999999996
945	2.6082203333333336
946	2.590907
947	2.557523333333333
948	2.513284333333333
949	2.4735066666666663
950	2.4543543333333333
951	2.4632
952	2.495633333333333
953	2.5297203333333336
954	2.5439493333333334
955	2.535429333333333
956	2.5139199999999997
957	2.498499666666667
958	2.5034056666666666
959	2.5233503333333336
960	2.5457129999999997
961	2.561287666666667
962	2.568554
963	2.578781666666667
964	2.6016056666666665
965	2.6307476666666667
966	2.6564496666666666
967	2.677355666666667
968	2.6961883333333327
969	2.7154846666666668
970	2.7336009999999997
971	2.7408123333333334
972	2.7324559999999996
973	2.723200666666667
974	2.730790333333333
975	2.759881
976	2.8047196666666663
977	2.850079
978	2.8845256666666668
979	2.9136999999999995
980	2.946190333333333
981	2.9798063333333333
982	3.005979333333333
983	3.0139243333333328
984	3.0008516666666667
985	2.983845666666666
986	2.983773333333333
987	3.0097886666666662
988	3.0602286666666667
989	3.1212923333333333
990	3.1792730000000002
991	3.232212333333333
992	3.2841426666666664
993	3.340325
994	3.401894333333333
995	3.460361
996	3.508319333333333
997	3.5499693333333333
998	3.589959666666666
999	3.6223906666666665
1000	3.640624666666666
1001	3.6473526666666665
1002	3.648228333333333
1003	3.6457986666666664
1004	3.639762
1005	3.6267806666666664
1006	3.6027620000000002
1007	3.5648996666666664
1008	3.5130003333333333
1009	3.451530333333333
1010	3.3864153333333338
1011	3.32196
1012	3.2579836666666666
1013	3.1861516666666665
1014	3.099239
1015	3.000604
1016	2.897508333333333
1017	2.7955873333333336
1018	2.700739
1019	2.6212210000000002
1020	2.562512
1021	2.521456333333333
1022	2.494435333333333
1023	2.4849820000000005
1024	2.495801
1025	2.520026
1026	2.5467346666666666
1027	2.565847666666667
1028	2.5712033333333335
1029	2.564541333333334
1030	2.5509553333333335
1031	2.53573
1032	2.524512333333333
1033	2.5235776666666667
1034	2.535821
1035	2.555586666666667
1036	2.5742833333333333
1037	2.585475666666667
1038	2.5877306666666664
1039	2.588581
1040	2.5972639999999996
1041	2.617714666666667
1042	2.6473196666666663
1043	2.674465666666667
1044	2.689114333333333
1045	2.6937819999999997
1046	2.697440333333333
1047	2.7107550000000002
1048	2.740422666666666
1049	2.782796333333333
1050	2.8298766666666664
1051	2.8741
1052	2.9107583333333333
1053	2.9410513333333332
1054	2.969683666666667
1055	3.003419
1056	3.046665
1057	3.096629
1058	3.148244
1059	3.198183666666667
1060	3.2427716666666666
1061	3.2756669999999994
1062	3.2917490000000003
1063	3.292003333333333
1064	3.2834199999999996
1065	3.280183333333333
1066	3.2935669999999995
1067	3.3212303333333333
1068	3.3557156666666668
1069	3.391864333333333
1070	3.428739666666667
1071	3.4715749999999996
1072	3.5222473333333335
1073	3.5691189999999997
1074	3.5977553333333336
1075	3.6017453333333336
1076	3.584160666666667
1077	3.5609873333333337
1078	3.547467
1079	3.5448676666666668
1080	3.549549
1081	3.5609713333333333
1082	3.5803746666666667
1083	3.6085996666666666
1084	3.6406326666666664
1085	3.6591006666666663
1086	3.6479153333333327
1087	3.606951666666667
1088	3.5474959999999998
1089	3.4901783333333336
1090	3.451332
1091	3.4291110000000002
1092	3.416824333333333
1093	3.4147556666666667
1094	3.4249526666666665
1095	3.4454013333333333
1096	3.4704379999999997
1097	3.4908336666666666
1098	3.500269666666667
1099	3.5024266666666666
1100	3.5036436666666666
1101	3.506116
1102	3.508000666666667
1103	3.503148
1104	3.4876513333333334
1105	3.4671079999999996
1106	3.4521973333333333
1107	3.4548696666666667
1108	3.4793736666666666
1109	3.5115746666666663
1110	3.5337683333333336
1111	3.5386406666666668
1112	3.5266183333333334
1113	3.505127
1114	3.484664
1115	3.4762046666666664
1116	3.4872316666666667
1117	3.516939333333333
1118	3.561466666666666
1119	3.6176919999999995
1120	3.6802566666666667
1121	3.7377629999999997
1122	3.779518333333333
1123	3.8029873333333333
1124	3.8118983333333336
1125	3.8156059999999994
1126	3.819957
1127	3.817824333333333
1128	3.7999096666666667
1129	3.765157
1130	3.7170296666666665
1131	3.6604526666666666
1132	3.5987236666666664
1133	3.530493666666666
1134	3.453692333333333
1135	3.3693343333333328
1136	3.2804636666666664
1137	3.1910149999999997
1138	3.1008889999999996
1139	3.0006013333333335
1140	2.8833216666666663
1141	2.757839333333333
1142	2.6391383333333334
1143	2.540071666666667
1144	2.4673366666666667
1145	2.4163436666666667
1146	2.379942333333333
1147	2.3559543333333335
1148	2.3441303333333336
1149	2.3429473333333335
1150	2.3485213333333332
1151	2.3533896666666663
1152	2.352039333333334
1153	2.347007333333333
1154	2.3441180000000004
1155	2.348151
1156	2.3591426666666666
1157	2.3679556666666666
1158	2.3661166666666666
1159	2.3557360000000003
1160	2.3432180000000002
1161	2.333923333333334
1162	2.331727666666667
1163	2.338437666666667
1164	2.3534916666666668
1165	2.3726506666666665
1166	2.3897913333333336
1167	2.3981503333333336
1168	2.3925643333333335
1169	2.3724410000000002
1170	2.341556666666667
1171	2.309134
1172	2.2841643333333335
1173	2.2695406666666664
1174	2.2626046666666664
1175	2.2544726666666666
1176	2.2376203333333335
1177	2.213591
1178	2.187565
1179	2.1637340000000003
1180	2.1439443333333332
1181	2.125893
1182	2.1045730000000002
1183	2.0730303333333335
1184	2.026394333333333
1185	1.9667940000000002
1186	1.9018763333333333
1187	1.8448356666666668
1188	1.8078333333333334
1189	1.795147
1190	1.8054583333333336
1191	1.832333
1192	1.867047333333333
1193	1.9006509999999999
1194	1.9282036666666666
1195	1.9540590000000002
1196	1.98523
1197	2.025524
1198	2.0755986666666666
1199	2.1324180000000004
1200	2.191852
1201	2.25083
1202	2.3081829999999997
1203	2.3660373333333338
1204	2.428440666666667
1205	2.5001263333333332
1206	2.581503333333333
1207	2.662640333333334
1208	2.7325666666666666
1209	2.788527666666667
1210	2.833981
1211	2.878084
1212	2.930749
1213	2.997883
1214	3.0792686666666667
1215	3.1645346666666665
1216	3.239565333333333
1217	3.292252666666667
1218	3.3188756666666666
1219	3.332673
1220	3.3514299999999997
1221	3.386337
1222	3.441274
1223	3.5101363333333335
1224	3.5812006666666663
1225	3.6398530000000004
1226	3.6768883333333333
1227	3.6981806666666666
1228	3.715349333333333
1229	3.737667666666667
1230	3.7675399999999994
1231	3.794755666666667
1232	3.807338
1233	3.801902666666667
1234	3.7815446666666666
1235	3.755372333333333
1236	3.7345183333333334
1237	3.7285359999999996
1238	3.7395976666666666
1239	3.7547289999999998
1240	3.758008
1241	3.7420586666666664
1242	3.7071449999999997
1243	3.662043
1244	3.617489
1245	3.5805133333333337
1246	3.5537306666666666
1247	3.533561666666667
1248	3.514775
1249	3.4944376666666668
1250	3.472614333333333
1251	3.4535316666666667
1252	3.440857
1253	3.4328603333333336
1254	3.4250529999999997
1255	3.4124456666666667
1256	3.3931656666666665
1257	3.3726403333333335
1258	3.357386
1259	3.348912
1260	3.3444086666666664
1261	3.336783666666667
1262	3.3213090000000003
1263	3.3027496666666663
1264	3.2891969999999997
1265	3.2865849999999996
1266	3.2970526666666666
1267	3.316351
1268	3.336567333333333
1269	3.347859666666667
1270	3.3432649999999997
1271	3.324389333333333
1272	3.2974240000000004
1273	3.2706506666666666
1274	3.2518126666666665
1275	3.245379333333333
1276	3.2509930000000002
1277	3.2607013333333335
1278	3.2666470000000003
1279	3.269004666666666
1280	3.274259666666667
1281	3.2943519999999995
1282	3.3351553333333332
1283	3.3837516666666665
1284	3.4231826666666665
1285	3.4466946666666667
1286	3.4574376666666664
1287	3.4701443333333333
1288	3.4995323333333332
1289	3.549225
1290	3.6170726666666666
1291	3.699056333333333
1292	3.7914073333333334
1293	3.8919826666666664
1294	3.998027333333333
1295	4.103946666666666
1296	4.205281333333334
1297	4.303260999999999
1298	4.402155666666667
1299	4.507028666666667
1300	4.619026666666667
1301	4.730003
1302	4.831459000000001
1303	4.9232906666666665
1304	5.0086846666666665
1305	5.089566666666666
1306	5.1662843333333335
1307	5.237168
1308	5.299548333333333
1309	5.350273333333334
1310	5.385859333333332
1311	5.402844333333333
1312	5.401049333333333
1313	5.387751333333334
1314	5.371350333333333
1315	5.355179999999999
1316	5.338258
1317	5.314997
1318	5.2790219999999985
1319	5.226957666666666
1320	5.161030999999999
1321	5.093231333333334
1322	5.037426666666666
1323	5.001956
1324	4.9894289999999994
1325	4.994890666666667
1326	5.009708333333332
1327	5.024335333333334
1328	5.033168333333332
1329	5.040341666666667
1330	5.053118666666665
1331	5.075621333333332
1332	5.104409333333333
1333	5.122847333333333
1334	5.116502333333333
1335	5.089284666666666
1336	5.054091999999999
1337	5.025456999999999
1338	5.013564999999999
1339	5.017449999999999
1340	5.028997666666666
1341	5.03479
1342	5.022453
1343	4.987428333333333
1344	4.933240333333333
1345	4.873741999999999
1346	4.821024666666666
1347	4.773330666666666
1348	4.723966333333333
1349	4.669346999999999
1350	4.610227
1351	4.553547333333333
1352	4.507124
1353	4.474647
1354	4.455903666666667
1355	4.445961666666666
1356	4.438317333333334
1357	4.427321666666667
1358	4.408568333333333
1359	4.379693333333333
1360	4.340842333333334
1361	4.296011333333333
1362	4.250183666666667
1363	4.2066903333333325
1364	4.166410333333333
1365	4.126423
1366	4.0836060000000005
1367	4.0380123333333335
1368	3.991168333333334
1369	3.9448376666666665
1370	3.902074
1371	3.868584333333333
1372	3.8486979999999997
1373	3.8407089999999995
1374	3.8395826666666673
1375	3.838773333333333
1376	3.832799666666667
1377	3.8199926666666664
1378	3.8012576666666673
1379	3.779742666666667
1380	3.759521
1381	3.74477
1382	3.739046666666667
1383	3.744255666666667
1384	3.759985
1385	3.7821183333333335
1386	3.805813
1387	3.8281236666666665
1388	3.8467269999999996
1389	3.858813333333334
1390	3.8620293333333335
1391	3.8558239999999997
1392	3.8409543333333334
1393	3.819474333333333
1394	3.793762666666667
1395	3.765960666666667
1396	3.739056666666667
1397	3.717922
1398	3.7046229999999998
1399	3.692984666666667
1400	3.6752193333333336
1401	3.648413333333334
1402	3.614186
1403	3.5789186666666666
1404	3.5457826666666667
1405	3.5065423333333334
1406	3.452781
1407	3.387479
1408	3.3198453333333338
1409	3.260994666666667
1410	3.2164116666666667
1411	3.177663333333333
1412	3.135209333333333
1413	3.0908230000000003
1414	3.0509163333333333
1415	3.0203670000000002
1416	2.9998886666666666
1417	2.983335
1418	2.9677013333333333
1419	2.963537666666667
1420	2.9825619999999997
1421	3.0246790000000003
1422	3.079559666666667
1423	3.1265503333333338
1424	3.150917333333333
1425	3.161282
1426	3.1741893333333335
1427	3.2006630000000005
1428	3.245764666666667
1429	3.3070036666666667
1430	3.376654
1431	3.4424883333333334
1432	3.4960289999999996
1433	3.5418320000000003
1434	3.59039
1435	3.652311
1436	3.732612
1437	3.823940666666667
1438	3.915402333333333
1439	4.000271
1440	4.075421333333333
1441	4.141516333333334
1442	4.201501
1443	4.260173666666667
1444	4.322732666666667
1445	4.393330666666667
1446	4.473098333333334
1447	4.557040333333334
1448	4.636860666666666
1449	4.703105666666667
1450	4.7505690000000005
1451	4.784572666666667
1452	4.812418666666667
1453	4.835351333333334
1454	4.850772666666667
1455	4.853707666666667
1456	4.8391720000000005
1457	4.804376
1458	4.7493593333333335
1459	4.678586666666667
1460	4.598757999999999
1461	4.517450333333334
1462	4.441642
1463	4.3757686666666675
1464	4.319461333333333
1465	4.263794666666667
1466	4.198095
1467	4.1163050000000005
1468	4.017050333333334
1469	3.9051526666666665
1470	3.789219333333333
1471	3.6804590000000004
1472	3.5874243333333333
1473	3.510012
1474	3.4434039999999997
1475	3.3807483333333335
1476	3.316968
1477	3.2525223333333337
1478	3.1885110000000005
1479	3.122054
1480	3.0492843333333335
1481	2.9685139999999994
1482	2.8807503333333337
1483	2.790744333333333
1484	2.703151333333333
1485	2.618978
1486	2.538974666666667
1487	2.4670626666666666
1488	2.408016
1489	2.364569666666667
1490	2.333499
1491	2.3003786666666666
1492	2.251411666666667
1493	2.18559
1494	2.109436
1495	2.0337266666666665
1496	1.9696093333333333
1497	1.9249203333333331
1498	1.9010770000000001
1499	1.8880833333333333
1500	1.8735860000000002
1501	1.8512643333333334
1502	1.8208233333333332
1503	1.7891389999999998
1504	1.7628473333333334
1505	1.7412906666666665
1506	1.7213866666666666
1507	1.70202
1508	1.6835450000000003
1509	1.6675406666666668
1510	1.657245
1511	1.658285666666667
1512	1.6739976666666667
1513	1.6999260000000003
1514	1.728114333333333
1515	1.750564
1516	1.7619346666666666
1517	1.763213
1518	1.7612126666666668
1519	1.769579
1520	1.7996163333333333
1521	1.8501956666666666
1522	1.911619
1523	1.9676810000000002
1524	2.0071443333333336
1525	2.0359296666666666
1526	2.064276
1527	2.0949790000000004
1528	2.125879
1529	2.1517220000000004
1530	2.167837
1531	2.1737793333333335
1532	2.172634666666667
1533	2.1713103333333335
1534	2.1769663333333336
1535	2.193581
1536	2.2222463333333335
1537	2.2604366666666666
1538	2.303086
1539	2.3429456666666666
1540	2.3750283333333333
1541	2.4018576666666664
1542	2.4303886666666665
1543	2.4699946666666666
1544	2.5273346666666665
1545	2.6005896666666666
1546	2.68372
1547	2.769417333333333
1548	2.850949
1549	2.923954666666667
1550	2.986676666666667
1551	3.0410293333333334
1552	3.0897213333333333
1553	3.1338220000000003
1554	3.173708333333333
1555	3.21003
1556	3.244092666666667
1557	3.278287333333333
1558	3.314687666666667
1559	3.3535649999999997
1560	3.3944779999999994
1561	3.4370566666666664
1562	3.480237333333333
1563	3.521091
1564	3.555571666666667
1565	3.579289333333333
1566	3.591048333333333
1567	3.5974586666666664
1568	3.6084159999999996
1569	3.6335533333333334
1570	3.680374666666667
1571	3.751566333333333
1572	3.8440339999999997
1573	3.9461823333333332
1574	4.045743000000001
1575	4.137169666666667
1576	4.218271666666666
1577	4.287495666666667
1578	4.342095
1579	4.376833666666667
1580	4.3895116666666665
1581	4.387437666666667
1582	4.3804110000000005
1583	4.374295
1584	4.371547333333333
1585	4.370879333333333
1586	4.3681909999999995
1587	4.356581333333334
1588	4.330690333333333
1589	4.291485333333333
1590	4.243218
1591	4.191341666666666
1592	4.141021
1593	4.095561666666667
1594	4.055223999999999
1595	4.015249666666667
1596	3.9713526666666668
1597	3.925545333333334
1598	3.885041
1599	3.8617266666666668
1600	3.8615136666666663
1601	3.872205333333333
1602	3.876776333333334
1603	3.8655726666666665
1604	3.8361530000000004
1605	3.794831666666667
1606	3.752108333333333
1607	3.7195313333333333
1608	3.704647333333333
1609	3.704823666666667
1610	3.712276666666667
1611	3.7175046666666667
1612	3.712571333333333
1613	3.6945903333333336
1614	3.664239333333333
1615	3.6254356666666667
1616	3.582583
1617	3.5381853333333333
1618	3.4930060000000003
1619	3.4460273333333333
1620	3.3974900000000003
1621	3.352083
1622	3.314865
1623	3.2872386666666666
1624	3.269045
1625	3.2602170000000004
1626	3.2600013333333338
1627	3.265483
1628	3.271242666666667
1629	3.268642
1630	3.251994333333333
1631	3.225711
1632	3.1988663333333336
1633	3.1808820000000004
1634	3.178193333333334
1635	3.1904823333333336
1636	3.2156190000000002
1637	3.253631333333333
1638	3.3037859999999997
1639	3.360989
1640	3.418514666666667
1641	3.4707253333333337
1642	3.516346333333334
1643	3.5626223333333336
1644	3.6171023333333334
1645	3.679571
1646	3.7462936666666664
1647	3.813939
1648	3.883583
1649	3.964687666666667
1650	4.061381
1651	4.157693666666667
1652	4.235709666666666
1653	4.293922666666667
1654	4.341763
1655	4.395531666666666
1656	4.462855333333334
1657	4.526355666666666
1658	4.568643333333333
1659	4.597354666666666
1660	4.628967333333334
1661	4.673375
1662	4.728728666666667
1663	4.774682333333333
1664	4.792656333333333
1665	4.7861123333333335
1666	4.766740666666666
1667	4.742345666666667
1668	4.716037666666666
1669	4.685639
1670	4.651787333333333
1671	4.625664
1672	4.614456666666666
1673	4.605384000000001
1674	4.579287666666667
1675	4.5240100000000005
1676	4.442407666666666
1677	4.362669666666667
1678	4.3077613333333336
1679	4.264206333333334
1680	4.208597666666667
1681	4.132737333333334
1682	4.042405333333333
1683	3.9580870000000004
1684	3.897824999999999
1685	3.8598220000000003
1686	3.831099666666666
1687	3.7936330000000003
1688	3.733871333333333
1689	3.6527979999999998
1690	3.557785666666667
1691	3.456727
1692	3.358240666666667
1693	3.2725120000000003
1694	3.206664
1695	3.158688
1696	3.1201066666666675
1697	3.0773196666666665
1698	3.021858
1699	2.9615909999999994
1700	2.907922333333333
1701	2.8640453333333333
1702	2.8291286666666666
1703	2.8014186666666667
1704	2.7746950000000004
1705	2.7341543333333336
1706	2.673087333333334
1707	2.6110379999999997
1708	2.567419
1709	2.5352473333333334
1710	2.500488333333333
1711	2.4606496666666664
1712	2.421352666666667
1713	2.3933033333333333
1714	2.3812426666666666
1715	2.3720606666666666
1716	2.3499033333333337
1717	2.310738666666667
1718	2.257823333333333
1719	2.1987273333333333
1720	2.1418009999999996
1721	2.093202666666667
1722	2.0549013333333335
1723	2.0220333333333333
1724	1.992323
1725	1.9752773333333333
1726	1.9777843333333334
1727	1.989155
1728	1.9970963333333331
1729	2.0033106666666667
1730	2.0125466666666667
1731	2.0216023333333335
1732	2.0226183333333334
1733	2.006501666666667
1734	1.9716446666666667
1735	1.9340996666666666
1736	1.91141
1737	1.9067726666666667
1738	1.9157233333333332
1739	1.9310530000000001
1740	1.9454376666666664
1741	1.9532573333333336
1742	1.9504319999999997
1743	1.9349976666666666
1744	1.9079863333333331
1745	1.8753413333333333
1746	1.8438013333333332
1747	1.8171416666666667
1748	1.797502
1749	1.7862666666666667
1750	1.7837926666666668
1751	1.788518
1752	1.7976866666666669
1753	1.807682
1754	1.8152333333333335
1755	1.8188456666666668
1756	1.8192496666666667
1757	1.8202756666666668
1758	1.8242260000000001
1759	1.8270250000000001
1760	1.8235523333333334
1761	1.8130286666666666
1762	1.7986366666666667
1763	1.7878673333333333
1764	1.7871156666666668
1765	1.7960996666666666
1766	1.8113273333333333
1767	1.8285740000000001
1768	1.8431060000000001
1769	1.8495056666666667
1770	1.8432606666666667
1771	1.823223
1772	1.7937606666666666
1773	1.7682896666666665
1774	1.7591163333333333
1775	1.7669213333333333
1776	1.786035
1777	1.8082213333333335
1778	1.8269453333333332
1779	1.8414733333333333
1780	1.8524866666666664
1781	1.8583233333333335
1782	1.8577366666666668
1783	1.8530556666666667
1784	1.8475206666666668
1785	1.842657
1786	1.8380286666666668
1787	1.8308566666666666
1788	1.8203470000000002
1789	1.812449666666667
1790	1.814576
