610	1.926861666666667
611	1.917976
612	1.905364
613	1.8941063333333334
614	1.888219
615	1.8873473333333333
616	1.8889766666666667
617	1.8900143333333332
618	1.887691
619	1.8804986666666668
620	1.8687316666666667
621	1.8555586666666666
622	1.8444306666666668
623	1.8366069999999999
624	1.8319916666666667
625	1.8296926666666666
626	1.8292
627	1.831573
628	1.8387893333333332
629	1.8531826666666666
630	1.8758556666666666
631	1.9046523333333334
632	1.9357166666666668
633	1.964613
634	1.9882373333333334
635	2.0071440000000003
636	2.0243896666666665
637	2.045062333333333
638	2.073541333333333
639	2.1104363333333334
640	2.1528549999999997
641	2.1938196666666667
642	2.2274366666666667
643	2.2541723333333334
644	2.2767256666666666
645	2.2962846666666668
646	2.3115086666666667
647	2.3172740000000003
648	2.3093646666666667
649	2.2893836666666667
650	2.261407333333333
651	2.229290333333333
652	2.1961513333333333
653	2.1639696666666666
654	2.134549333333333
655	2.110251
656	2.0925986666666665
657	2.0805303333333334
658	2.0718443333333334
659	2.0644156666666666
660	2.057248
661	2.0516406666666667
662	2.0485223333333336
663	2.045806
664	2.0410589999999997
665	2.0343663333333333
666	2.028354
667	2.028651
668	2.0395336666666664
669	2.0591353333333333
670	2.082117333333333
671	2.1014566666666665
672	2.1112706666666665
673	2.109852666666667
674	2.0982526666666668
675	2.079663666666667
676	2.0570120000000003
677	2.030769666666667
678	2.0009996666666665
679	1.9693640000000001
680	1.938353
681	1.9105736666666666
682	1.8879303333333333
683	1.8706390000000002
684	1.8583150000000002
685	1.8507546666666668
686	1.8473096666666668
687	1.8460040000000002
688	1.8444063333333334
689	1.840472
690	1.83349
691	1.8253970000000002
692	1.8191030000000001
693	1.8169776666666668
694	1.8197219999999998
695	1.8248620000000002
696	1.8295753333333336
697	1.8333656666666667
698	1.8371893333333336
699	1.8427933333333333
700	1.8513913333333336
701	1.8622976666666666
702	1.874394
703	1.8873746666666669
704	1.900786
705	1.9129053333333332
706	1.9217283333333335
707	1.9260173333333332
708	1.9260486666666667
709	1.9247676666666667
710	1.9259049999999998
711	1.9323253333333335
712	1.9458063333333333
713	1.9665633333333332
714	1.994251
715	2.0286483333333334
716	2.0692156666666666
717	2.114319
718	2.160815
719	2.203259666666667
720	2.2364013333333332
721	2.2577863333333332
722	2.266855333333334
723	2.2648523333333332
724	2.2554029999999994
725	2.2459373333333335
726	2.243813666666667
727	2.252257666666667
728	2.270645666666667
729	2.2938316666666667
730	2.3166773333333337
731	2.3383350000000003
732	2.359723666666667
733	2.38133
734	2.4026233333333336
735	2.421676333333333
736	2.4383643333333334
737	2.4578543333333336
738	2.4848733333333333
739	2.5179823333333333
740	2.5547690000000003
741	2.5967713333333333
742	2.6457336666666667
743	2.6994933333333333
744	2.7534846666666666
745	2.801816333333333
746	2.8397623333333337
747	2.8666183333333333
748	2.8845406666666666
749	2.898041
750	2.909829666666667
751	2.916352333333333
752	2.9122689999999998
753	2.8946213333333333
754	2.863243333333333
755	2.8216439999999996
756	2.7733676666666662
757	2.7187236666666665
758	2.6583373333333338
759	2.596661666666667
760	2.5374466666666664
761	2.4789383333333337
762	2.418550333333333
763	2.3574536666666663
764	2.298792
765	2.2462199999999997
766	2.2031263333333335
767	2.171761
768	2.1524550000000002
769	2.14227
770	2.138027333333333
771	2.1391713333333335
772	2.1463153333333334
773	2.160012666666667
774	2.1805723333333336
775	2.207733333333333
776	2.2394149999999997
777	2.270045333333333
778	2.294445333333333
779	2.3120103333333333
780	2.3253010000000005
781	2.3393599999999997
782	2.358052
783	2.3801456666666665
784	2.401303333333333
785	2.415420666666667
786	2.4183926666666666
787	2.412299
788	2.4014596666666668
789	2.3890636666666665
790	2.3762373333333335
791	2.3608793333333336
792	2.340824
793	2.3168106666666666
794	2.290258
795	2.2612430000000003
796	2.2302903333333335
797	2.2003033333333333
798	2.1739106666666665
799	2.1505046666666665
800	2.1273093333333333
801	2.100223
802	2.068119333333333
803	2.0377336666666666
804	2.0168023333333336
805	2.007203333333333
806	2.005923666666667
807	2.0051093333333334
808	1.9985193333333333
809	1.9881486666666666
810	1.9791773333333333
811	1.9755506666666665
812	1.9784046666666668
813	1.9841313333333332
814	1.9886590000000002
815	1.9915066666666665
816	1.993981666666667
817	1.9979066666666667
818	2.006076666666667
819	2.023000666666667
820	2.051579
821	2.0890313333333332
822	2.128742
823	2.1612913333333332
824	2.1799793333333333
825	2.1870583333333333
826	2.1887236666666667
827	2.191103666666667
828	2.197526
829	2.2054143333333336
830	2.2107723333333333
831	2.212353666666667
832	2.2119873333333335
833	2.2153353333333334
834	2.2268799999999995
835	2.2443386666666667
836	2.2603146666666665
837	2.263007333333334
838	2.2446053333333333
839	2.2108883333333336
840	2.1746343333333336
841	2.150618666666667
842	2.1485753333333335
843	2.1650823333333338
844	2.1914306666666667
845	2.219733666666667
846	2.243959333333333
847	2.2610373333333333
848	2.270351
849	2.2742090000000004
850	2.2761416666666667
851	2.279529
852	2.285672
853	2.291288
854	2.2914713333333334
855	2.282617666666667
856	2.2661343333333335
857	2.253182666666667
858	2.254843666666667
859	2.271838666666667
860	2.296441666666667
861	2.312602666666667
862	2.3069290000000002
863	2.2801253333333333
864	2.2396833333333332
865	2.1944690000000002
866	2.152251666666667
867	2.1174566666666665
868	2.091779333333333
869	2.073783
870	2.0606193333333334
871	2.0491610000000002
872	2.0372703333333337
873	2.025379666666667
874	2.0160066666666667
875	2.0137593333333332
876	2.022131
877	2.0397613333333333
878	2.0612493333333335
879	2.077116
880	2.080454
881	2.074201
882	2.0653016666666666
883	2.0599836666666667
884	2.0628063333333335
885	2.075574
886	2.0983276666666666
887	2.1292403333333336
888	2.162851666666667
889	2.1875120000000003
890	2.194197
891	2.1863010000000003
892	2.173312
893	2.1656986666666667
894	2.168741333333333
895	2.1755016666666664
896	2.176457666666667
897	2.1685116666666664
898	2.1539753333333334
899	2.140452333333333
900	2.1344716666666668
901	2.1351993333333334
902	2.1391346666666666
903	2.1441476666666666
904	2.1492126666666667
905	2.1539943333333333
906	2.157396
907	2.156446
908	2.151278
909	2.150769
910	2.1636290000000002
911	2.18898
912	2.2190723333333335
913	2.2408316666666668
914	2.245741
915	2.240712333333333
916	2.2382676666666668
917	2.247801
918	2.2714516666666666
919	2.298728333333333
920	2.3179333333333334
921	2.3271053333333334
922	2.329975
923	2.3329773333333335
924	2.3407796666666667
925	2.3518553333333334
926	2.362855
927	2.3722486666666667
928	2.3780053333333333
929	2.375118
930	2.360023
931	2.335836333333334
932	2.3097923333333337
933	2.2914600000000003
934	2.2869026666666668
935	2.2919609999999997
936	2.2983403333333334
937	2.298809666666667
938	2.2908666666666666
939	2.2811593333333335
940	2.277159333333333
941	2.2791056666666667
942	2.283096
943	2.2834543333333333
944	2.2761716666666665
945	2.2625953333333335
946	2.2468293333333333
947	2.2340783333333336
948	2.229893
949	2.239391
950	2.264025666666667
951	2.2973139999999996
952	2.3313726666666668
953	2.3629663333333335
954	2.391297
955	2.4159780000000004
956	2.4344659999999996
957	2.439686
958	2.4277819999999997
959	2.4068906666666665
960	2.3888176666666667
961	2.38132
962	2.386254333333333
963	2.3966700000000003
964	2.4051996666666664
965	2.4118606666666667
966	2.4186396666666665
967	2.4242863333333338
968	2.425616
969	2.4189136666666666
970	2.4031213333333334
971	2.383545666666667
972	2.366261666666667
973	2.3529923333333334
974	2.3451370000000002
975	2.3477913333333333
976	2.3659776666666668
977	2.4000543333333333
978	2.4443523333333337
979	2.48447
980	2.5075659999999997
981	2.5134156666666665
982	2.511064333333333
983	2.5174936666666667
984	2.545974666666666
985	2.593648
986	2.6498579999999996
987	2.702854666666667
988	2.7474139999999996
989	2.7933516666666662
990	2.8526566666666664
991	2.9270346666666662
992	3.0108553333333328
993	3.0926150000000003
994	3.1616239999999998
995	3.214612666666667
996	3.2534840000000003
997	3.2844393333333337
998	3.3136093333333334
999	3.3430653333333336
1000	3.3729730000000004
1001	3.4029943333333335
1002	3.4306753333333333
1003	3.449074
1004	3.451323
1005	3.4354690000000003
1006	3.4037753333333334
1007	3.362838
1008	3.317238666666667
1009	3.2632366666666663
1010	3.1972283333333333
1011	3.1242590000000003
1012	3.0515543333333333
1013	2.982192
1014	2.915918333333334
1015	2.849667333333333
1016	2.7825430000000004
1017	2.721099333333333
1018	2.6734116666666665
1019	2.643254
1020	2.6300806666666667
1021	2.627877
1022	2.6286966666666665
1023	2.625615333333333
1024	2.615133666666667
1025	2.600571
1026	2.5881410000000002
1027	2.5836623333333333
1028	2.588749
1029	2.596126
1030	2.5969326666666666
1031	2.58788
1032	2.571746
1033	2.5589710000000006
1034	2.5580803333333333
1035	2.565872333333334
1036	2.5748756666666663
1037	2.5799356666666666
1038	2.579223333333333
1039	2.575517333333333
1040	2.5713066666666666
1041	2.5644153333333333
1042	2.553957333333333
1043	2.5467086666666665
1044	2.550301333333333
1045	2.566169333333333
1046	2.590599333333333
1047	2.6150423333333332
1048	2.6343576666666664
1049	2.655399666666667
1050	2.6859979999999997
1051	2.7239796666666667
1052	2.7620169999999997
1053	2.7919063333333334
1054	2.810192
1055	2.824445666666666
1056	2.8431980000000006
1057	2.8662463333333332
1058	2.8897346666666666
1059	2.9107279999999998
1060	2.9286523333333334
1061	2.9466746666666666
1062	2.9665980000000003
1063	2.983587333333333
1064	2.992069666666667
1065	2.9918306666666665
1066	2.987283333333333
1067	2.987598
1068	3.000531333333334
1069	3.026
1070	3.0603350000000002
1071	3.099468666666667
1072	3.139725666666667
1073	3.1782506666666666
1074	3.2124343333333334
1075	3.239594
1076	3.2585139999999995
1077	3.271332666666666
1078	3.2800356666666666
1079	3.283030666666667
1080	3.2783766666666665
1081	3.267142333333333
1082	3.2524226666666665
1083	3.2385016666666666
1084	3.2273566666666667
1085	3.214638
1086	3.1946863333333324
1087	3.165322666666667
1088	3.127668
1089	3.0866433333333334
1090	3.0474683333333332
1091	3.012466
1092	2.982577666666667
1093	2.958346333333333
1094	2.938456333333333
1095	2.917702333333333
1096	2.891341333333333
1097	2.8597833333333336
1098	2.827110666666666
1099	2.8004166666666666
1100	2.7855406666666664
1101	2.782560666666666
1102	2.788391
1103	2.79855
1104	2.8094436666666662
1105	2.82062
1106	2.8327496666666665
1107	2.8459009999999996
1108	2.8594016666666664
1109	2.871686333333333
1110	2.8814593333333334
1111	2.8889436666666666
1112	2.8952776666666664
1113	2.902284
1114	2.9127606666666663
1115	2.9309426666666663
1116	2.9596046666666664
1117	2.996938333333333
1118	3.0412559999999997
1119	3.0953439999999994
1120	3.160460333333333
1121	3.2294910000000003
1122	3.291673
1123	3.336577
1124	3.3567203333333335
1125	3.3511119999999996
1126	3.323932333333333
1127	3.2848269999999995
1128	3.243057333333333
1129	3.2015940000000005
1130	3.158594333333333
1131	3.1078813333333337
1132	3.045303333333333
1133	2.9753629999999998
1134	2.9054243333333334
1135	2.840311666666666
1136	2.780237333333333
1137	2.7175996666666666
1138	2.6421746666666666
1139	2.545939333333333
1140	2.4278276666666665
1141	2.3004873333333333
1142	2.1812723333333333
1143	2.0846546666666668
1144	2.020189333333333
1145	1.989071
1146	1.9865513333333333
1147	2.002168333333333
1148	2.0249403333333333
1149	2.048028
1150	2.0674663333333334
1151	2.0816
1152	2.089405666666667
1153	2.0895949999999996
1154	2.0832110000000004
1155	2.076791333333333
1156	2.0763296666666666
1157	2.0810453333333334
1158	2.087606666666667
1159	2.093925333333333
1160	2.1003426666666667
1161	2.1110356666666665
1162	2.1297916666666667
1163	2.1556783333333334
1164	2.185302666666667
1165	2.21436
1166	2.238202333333333
1167	2.2522603333333335
1168	2.253936
1169	2.245230333333333
1170	2.2303556666666666
1171	2.2139246666666668
1172	2.198595
1173	2.1825496666666666
1174	2.1641733333333333
1175	2.1468166666666666
1176	2.135811
1177	2.135518333333333
1178	2.1460393333333334
1179	2.158964
1180	2.164343
1181	2.1572163333333334
1182	2.1360406666666667
1183	2.102045
1184	2.0583363333333335
1185	2.0101226666666663
1186	1.9641143333333337
1187	1.9283356666666667
1188	1.908937
1189	1.9064433333333333
1190	1.9189120000000002
1191	1.943989
1192	1.9772666666666667
1193	2.009774333333333
1194	2.0322826666666667
1195	2.0400383333333334
1196	2.0345313333333332
1197	2.027005
1198	2.0306973333333334
1199	2.053542
1200	2.097241
1201	2.154803
1202	2.217753666666667
1203	2.282557
1204	2.348786
1205	2.417765333333333
1206	2.490051333333333
1207	2.5628603333333335
1208	2.631653
1209	2.691288666666667
1210	2.737710666666666
1211	2.7704293333333334
1212	2.7950709999999996
1213	2.82722
1214	2.8794966666666664
1215	2.9476096666666662
1216	3.018851666666667
1217	3.078937333333333
1218	3.120148333333333
1219	3.150509666666667
1220	3.1816549999999992
1221	3.217709
1222	3.2572726666666667
1223	3.294644
1224	3.3255540000000003
1225	3.3527553333333335
1226	3.3805323333333335
1227	3.409548333333333
1228	3.4386533333333333
1229	3.4666353333333335
1230	3.4938936666666667
1231	3.524064666666667
1232	3.5589553333333335
1233	3.5930826666666666
1234	3.619794333333333
1235	3.6372926666666667
1236	3.647059333333333
1237	3.6527756666666673
1238	3.656583
1239	3.6553833333333334
1240	3.646020666666667
1241	3.630431
1242	3.6117836666666667
1243	3.5906489999999995
1244	3.5652876666666664
1245	3.531699
1246	3.487280333333333
1247	3.4348319999999997
1248	3.3794296666666668
1249	3.325917333333333
1250	3.2781423333333337
1251	3.238039333333333
1252	3.206104666666667
1253	3.181223333333333
1254	3.161153
1255	3.142812
1256	3.1254666666666666
1257	3.114228666666666
1258	3.1132950000000004
1259	3.1187579999999997
1260	3.122910666666667
1261	3.1181219999999996
1262	3.1019856666666668
1263	3.083512333333333
1264	3.0735599999999996
1265	3.0758169999999994
1266	3.089676
1267	3.1120789999999996
1268	3.1387033333333334
1269	3.164279666666667
1270	3.1836189999999998
1271	3.1927703333333333
1272	3.1901219999999997
1273	3.1784830000000004
1274	3.163888333333333
1275	3.1549593333333337
1276	3.156162666666667
1277	3.1600953333333335
1278	3.1569353333333336
1279	3.143723333333333
1280	3.1255016666666666
1281	3.117746
1282	3.133052333333333
1283	3.167149333333333
1284	3.208509666666667
1285	3.246163
1286	3.272498
1287	3.2867469999999996
1288	3.2944363333333335
1289	3.3087576666666663
1290	3.3426376666666666
1291	3.4005949999999996
1292	3.479978333333334
1293	3.5700806666666667
1294	3.6581596666666663
1295	3.7348206666666663
1296	3.7971389999999996
1297	3.853605
1298	3.9167023333333333
1299	3.995999
1300	4.0909493333333335
1301	4.18178
1302	4.249769
1303	4.297849
1304	4.339646333333333
1305	4.390354333333333
1306	4.457425
1307	4.53015
1308	4.593759333333334
1309	4.642271333333333
1310	4.675587
1311	4.697283666666666
1312	4.70877
1313	4.704088666666666
1314	4.680734
1315	4.651426666666667
1316	4.631506
1317	4.626080666666667
1318	4.6292409999999995
1319	4.621914333333334
1320	4.593271
1321	4.563418333333334
1322	4.556974333333333
1323	4.576863666666667
1324	4.610215999999999
1325	4.632149666666667
1326	4.627731666666666
1327	4.615104666666666
1328	4.6174246666666665
1329	4.635797
1330	4.659176666666666
1331	4.672938
1332	4.6710123333333335
1333	4.668637666666667
1334	4.680993
1335	4.701909333333334
1336	4.7174320000000005
1337	4.7186069999999996
1338	4.705920666666667
1339	4.694450333333333
1340	4.693889666666666
1341	4.687696666666667
1342	4.653730666666666
1343	4.584782333333334
1344	4.489515
1345	4.396023666666666
1346	4.327350666666667
1347	4.276401666666667
1348	4.225671333333334
1349	4.164632999999999
1350	4.090080333333334
1351	4.007399666666666
1352	3.925289333333333
1353	3.8519136666666665
1354	3.792961666666667
1355	3.7489933333333334
1356	3.7165116666666664
1357	3.6878496666666662
1358	3.656535
1359	3.622808333333333
1360	3.589837
1361	3.5605743333333333
1362	3.536111333333333
1363	3.513781333333333
1364	3.4896889999999994
1365	3.460945333333333
1366	3.4264820000000005
1367	3.388352
1368	3.3500003333333335
1369	3.3151563333333334
1370	3.287854333333333
1371	3.2721413333333333
1372	3.267511666666666
1373	3.2631693333333334
1374	3.247747333333333
1375	3.219221
1376	3.1828863333333333
1377	3.1503166666666664
1378	3.126897666666667
1379	3.098622333333333
1380	3.0506610000000003
1381	2.9863479999999996
1382	2.9202326666666663
1383	2.872766333333333
1384	2.855922666666667
1385	2.8574599999999997
1386	2.860090333333333
1387	2.8592213333333336
1388	2.8573943333333336
1389	2.859559
1390	2.868033666666667
1391	2.877619333333333
1392	2.882332
1393	2.8818259999999998
1394	2.877409333333333
1395	2.8680763333333332
1396	2.8503043333333333
1397	2.818363333333333
1398	2.7738406666666666
1399	2.7367256666666666
1400	2.727208666666667
1401	2.7466939999999997
1402	2.782436333333334
1403	2.809499333333333
1404	2.809537666666667
1405	2.7903196666666665
1406	2.7663866666666665
1407	2.741419666666667
1408	2.7125236666666668
1409	2.6743786666666667
1410	2.626978
1411	2.583797666666667
1412	2.557799
1413	2.5471353333333333
1414	2.543374333333333
1415	2.5386880000000005
1416	2.530695
1417	2.527727666666667
1418	2.5371840000000003
1419	2.553891666666667
1420	2.569244
1421	2.5800189999999996
1422	2.588321
1423	2.602154
1424	2.6274443333333335
1425	2.659992
1426	2.6939216666666668
1427	2.72991
1428	2.7723533333333337
1429	2.8266449999999996
1430	2.8932603333333335
1431	2.961283
1432	3.0213476666666663
1433	3.0791103333333334
1434	3.1462046666666668
1435	3.231835
1436	3.336875333333333
1437	3.4466783333333333
1438	3.547092
1439	3.640322333333333
1440	3.7347493333333333
1441	3.8356663333333336
1442	3.9430009999999998
1443	4.0484176666666665
1444	4.143253333333333
1445	4.226178333333333
1446	4.299770666666666
1447	4.367987
1448	4.434552666666667
1449	4.5013413333333325
1450	4.566784
1451	4.623292333333333
1452	4.662638333333334
1453	4.681174
1454	4.678851666666667
1455	4.6592926666666665
1456	4.628100666666667
1457	4.591798
1458	4.554473333333333
1459	4.513761333333333
1460	4.464987666666667
1461	4.404720333333333
1462	4.3319486666666664
1463	4.249803333333333
1464	4.163365666666667
1465	4.077952333333333
1466	3.9966063333333337
1467	3.9169033333333334
1468	3.8337856666666665
1469	3.7421613333333332
1470	3.6428103333333333
1471	3.5493916666666667
1472	3.475384
1473	3.4207943333333333
1474	3.3783473333333336
1475	3.338206
1476	3.2935536666666665
1477	3.246214
1478	3.1995703333333334
1479	3.1520736666666664
1480	3.100717
1481	3.044676
1482	2.985746
1483	2.9292126666666665
1484	2.8798730000000003
1485	2.8379876666666664
1486	2.8013996666666667
1487	2.7670059999999994
1488	2.7317076666666664
1489	2.6931146666666663
1490	2.649274
1491	2.5985826666666667
1492	2.540122
1493	2.474364
1494	2.402930666666667
1495	2.3287919999999995
1496	2.2553313333333334
1497	2.185538333333333
1498	2.1213483333333336
1499	2.062714333333333
1500	2.0090956666666666
1501	1.9607883333333334
1502	1.9188343333333335
1503	1.8848423333333335
1504	1.8587250000000002
1505	1.8360560000000001
1506	1.8120163333333332
1507	1.7853836666666667
1508	1.7577013333333336
1509	1.733131
1510	1.716092666666667
1511	1.7089333333333334
1512	1.7109126666666667
1513	1.7164413333333335
1514	1.7199563333333332
1515	1.720947666666667
1516	1.7233539999999998
1517	1.7355586666666665
1518	1.7620429999999998
1519	1.7942846666666667
1520	1.821275
1521	1.8396046666666668
1522	1.8514896666666667
1523	1.8636723333333336
1524	1.8813343333333334
1525	1.9021696666666668
1526	1.9229100000000001
1527	1.9456040000000003
1528	1.9741703333333334
1529	2.0107566666666665
1530	2.0535623333333333
1531	2.094222333333333
1532	2.127231666666667
1533	2.1598306666666662
1534	2.2014436666666666
1535	2.2529593333333335
1536	2.307021
1537	2.347354
1538	2.3646096666666665
1539	2.373342666666667
1540	2.3919166666666665
1541	2.4230236666666665
1542	2.460026666666667
1543	2.492153
1544	2.514591666666667
1545	2.539015
1546	2.5780993333333337
1547	2.6301813333333333
1548	2.686824666666667
1549	2.7391896666666664
1550	2.7814283333333334
1551	2.8142883333333337
1552	2.8409416666666667
1553	2.863818
1554	2.8855760000000004
1555	2.910498
1556	2.943417333333333
1557	2.9882310000000003
1558	3.0440979999999995
1559	3.1006796666666667
1560	3.148757666666667
1561	3.1912376666666664
1562	3.236477333333333
1563	3.2924516666666666
1564	3.3616593333333333
1565	3.4352060000000004
1566	3.5030433333333333
1567	3.5636696666666667
1568	3.6189863333333334
1569	3.669737
1570	3.715638
1571	3.7559863333333334
1572	3.792599666666667
1573	3.8330523333333333
1574	3.883294666666667
1575	3.939726333333333
1576	3.995139666666667
1577	4.0440499999999995
1578	4.084934333333333
1579	4.122821666666667
1580	4.161218666666667
1581	4.193889666666667
1582	4.212444333333333
1583	4.213746333333333
1584	4.198997
1585	4.173441666666666
1586	4.140698666666666
1587	4.09739
1588	4.041408666666666
1589	3.9807639999999997
1590	3.927123
1591	3.8894783333333334
1592	3.8691989999999996
1593	3.853793666666667
1594	3.8319929999999998
1595	3.808687
1596	3.7927049999999998
1597	3.784821333333333
1598	3.778537666666667
1599	3.7604586666666666
1600	3.7246843333333333
1601	3.688246
1602	3.668981666666667
1603	3.663329666666667
1604	3.6580796666666666
1605	3.6411313333333335
1606	3.6109750000000003
1607	3.587353333333333
1608	3.587902666666667
1609	3.604460666666667
1610	3.619815333333333
1611	3.6229403333333337
1612	3.610892333333333
1613	3.591503
1614	3.5718389999999998
1615	3.547213666666667
1616	3.5108283333333334
1617	3.463484
1618	3.4116009999999997
1619	3.3658439999999996
1620	3.3326446666666665
1621	3.305380333333333
1622	3.277627666666666
1623	3.256299666666666
1624	3.251412
1625	3.2654006666666664
1626	3.290983333333333
1627	3.3077343333333333
1628	3.3015800000000004
1629	3.285330666666667
1630	3.2773300000000005
1631	3.281159333333333
1632	3.2915426666666665
1633	3.299228333333333
1634	3.299079
1635	3.298414
1636	3.3072033333333333
1637	3.328962666666667
1638	3.363293666666667
1639	3.4076313333333332
1640	3.4581746666666664
1641	3.5103823333333333
1642	3.56254
1643	3.6197393333333334
1644	3.685849
1645	3.7553886666666667
1646	3.8215729999999994
1647	3.884464333333333
1648	3.948742
1649	4.021870000000001
1650	4.106559333333333
1651	4.192568666666666
1652	4.269297333333333
1653	4.338316666666667
1654	4.406261333333333
1655	4.4784733333333335
1656	4.556720333333334
1657	4.636367666666667
1658	4.710711333333333
1659	4.774545
1660	4.824339666666666
1661	4.858633333333334
1662	4.876386333333333
1663	4.876047
1664	4.859246000000001
1665	4.835496666666667
1666	4.8155660000000005
1667	4.804613333333334
1668	4.800144666666666
1669	4.788849333333333
1670	4.762398333333333
1671	4.733726666666667
1672	4.717209
1673	4.7086749999999995
1674	4.694557
1675	4.659818666666666
1676	4.596667999999999
1677	4.514657333333333
1678	4.428962
1679	4.350428333333333
1680	4.285292666666667
1681	4.233916
1682	4.192187666666667
1683	4.151306333333333
1684	4.102838333333334
1685	4.043865333333333
1686	3.9758316666666667
1687	3.904405
1688	3.834235333333334
1689	3.763779
1690	3.6897056666666668
1691	3.6110933333333337
1692	3.5299793333333334
1693	3.452460333333333
1694	3.3849920000000004
1695	3.330710333333333
1696	3.2894606666666673
1697	3.2569453333333334
1698	3.228234333333334
1699	3.2008463333333332
1700	3.173542
1701	3.145550333333333
1702	3.1178776666666663
1703	3.0948823333333335
1704	3.0784979999999997
1705	3.0619243333333332
1706	3.037401333333333
1707	3.003834
1708	2.963535666666666
1709	2.919611666666667
1710	2.874588
1711	2.8290226666666674
1712	2.781148
1713	2.7261113333333338
1714	2.6611826666666665
1715	2.591305333333333
1716	2.522302
1717	2.454267333333333
1718	2.3850510000000003
1719	2.313651666666667
1720	2.242097666666667
1721	2.1775676666666666
1722	2.1253743333333333
1723	2.081923666666667
1724	2.0440476666666667
1725	2.018134
1726	2.0099036666666668
1727	2.013646666666667
1728	2.02019
1729	2.024379
1730	2.0247763333333335
1731	2.024065
1732	2.02669
1733	2.036772666666667
1734	2.053475
1735	2.0657553333333336
1736	2.066017
1737	2.0644
1738	2.074387333333333
1739	2.098584333333333
1740	2.1309836666666664
1741	2.157627666666667
1742	2.165836
1743	2.1534530000000003
1744	2.1248316666666667
1745	2.0884906666666665
1746	2.0523350000000002
1747	2.019169
1748	1.989145333333333
1749	1.961505
1750	1.9360356666666667
1751	1.9142893333333335
1752	1.8977363333333332
1753	1.885996
1754	1.879232
1755	1.880264
1756	1.8888873333333334
1757	1.8954936666666669
1758	1.8905723333333335
1759	1.8744580000000002
1760	1.8525663333333333
1761	1.8317643333333335
1762	1.8179160000000003
1763	1.8134563333333333
1764	1.818067666666667
1765	1.8284216666666668
1766	1.8402950000000002
1767	1.850405
1768	1.857824
1769	1.8658083333333333
1770	1.8771413333333333
1771	1.8894749999999998
1772	1.8990886666666666
1773	1.9045633333333334
1774	1.9070423333333335
1775	1.9108513333333332
1776	1.9195073333333332
1777	1.9314413333333333
1778	1.9419600000000001
1779	1.9446873333333334
1780	1.9361920000000001
1781	1.9211513333333334
1782	1.905821666666667
1783	1.8919566666666667
1784	1.8789183333333335
1785	1.865695
1786	1.853897
1787	1.8508600000000002
1788	1.8620443333333334
1789	1.8827643333333337
1790	1.9042470000000002
