610	1.7714956666666666
611	1.7720106666666666
612	1.773356
613	1.7764986666666667
614	1.7824856666666666
615	1.7912443333333332
616	1.802624
617	1.8173013333333334
618	1.8348839999999997
619	1.8517273333333333
620	1.8640293333333333
621	1.8710020000000003
622	1.8738830000000002
623	1.8753760000000002
624	1.8778643333333336
625	1.8816776666666668
626	1.886392
627	1.8919233333333334
628	1.8984836666666665
629	1.9064646666666667
630	1.9158323333333331
631	1.9254323333333332
632	1.9339343333333332
633	1.9408363333333334
634	1.946932
635	1.9549936666666665
636	1.967116
637	1.9818373333333335
638	1.995848
639	2.0052563333333335
640	2.006812
641	1.9995363333333334
642	1.9860293333333332
643	1.9747503333333334
644	1.9738946666666666
645	1.9849486666666667
646	2.003479
647	2.0187453333333334
648	2.0224713333333333
649	2.018045666666667
650	2.013095
651	2.0128863333333333
652	2.0182453333333337
653	2.022764
654	2.0189166666666667
655	2.0038396666666665
656	1.9785956666666669
657	1.948693
658	1.9228953333333334
659	1.912937
660	1.927404
661	1.9641336666666667
662	2.0122383333333334
663	2.052150333333333
664	2.069195
665	2.068421
666	2.0640413333333334
667	2.0706993333333337
668	2.094584333333333
669	2.1230873333333338
670	2.139905
671	2.1391766666666667
672	2.1233243333333336
673	2.102460666666667
674	2.086426666666667
675	2.077303666666667
676	2.07328
677	2.0712876666666666
678	2.0666433333333334
679	2.052126
680	2.0232483333333335
681	1.9845826666666666
682	1.9454123333333335
683	1.9161736666666669
684	1.901577
685	1.892774666666667
686	1.8801703333333335
687	1.8658023333333336
688	1.8557186666666665
689	1.8529446666666667
690	1.8580803333333336
691	1.8695353333333333
692	1.8837316666666668
693	1.894868
694	1.9002163333333333
695	1.9060113333333333
696	1.9192520000000002
697	1.9395950000000002
698	1.9629329999999998
699	1.9841496666666667
700	1.9983876666666667
701	2.0023863333333334
702	1.9967203333333332
703	1.9891243333333335
704	1.9880236666666666
705	1.9958756666666666
706	2.0081796666666665
707	2.011368666666667
708	1.9957946666666668
709	1.9694153333333333
710	1.944648666666667
711	1.9264266666666667
712	1.916163
713	1.9153149999999999
714	1.9243193333333335
715	1.9408676666666667
716	1.9626660000000002
717	1.9900069999999999
718	2.022508
719	2.0556753333333333
720	2.084880666666667
721	2.109267
722	2.1282753333333337
723	2.138363
724	2.1370293333333334
725	2.1276713333333337
726	2.1180493333333335
727	2.1196256666666664
728	2.141309
729	2.182196333333333
730	2.2342510000000004
731	2.283106
732	2.316381
733	2.332381666666667
734	2.33583
735	2.3352296666666668
736	2.3375003333333333
737	2.342912
738	2.3510193333333333
739	2.3663703333333332
740	2.3947576666666666
741	2.439241
742	2.499277
743	2.5688833333333334
744	2.6403523333333334
745	2.7072426666666667
746	2.7643896666666663
747	2.8080859999999994
748	2.835130333333333
749	2.842631333333333
750	2.8314616666666668
751	2.8109346666666664
752	2.792123
753	2.7812523333333337
754	2.7779456666666666
755	2.771946333333333
756	2.7523073333333334
757	2.716287
758	2.6667316666666667
759	2.610703
760	2.554754
761	2.500556
762	2.448042
763	2.3981316666666666
764	2.3524086666666664
765	2.3126616666666666
766	2.2800653333333334
767	2.2543503333333335
768	2.235799666666667
769	2.2272363333333334
770	2.2309533333333333
771	2.245222
772	2.2654083333333332
773	2.284729333333333
774	2.2997423333333336
775	2.3163436666666666
776	2.3406426666666666
777	2.3699843333333335
778	2.3991170000000004
779	2.425668
780	2.4466323333333335
781	2.454693
782	2.444995
783	2.4229659999999997
784	2.3979739999999996
785	2.377783
786	2.3660503333333334
787	2.358967333333333
788	2.3499816666666664
789	2.333741666666666
790	2.3081256666666663
791	2.2769886666666665
792	2.2462076666666664
793	2.220166666666666
794	2.199519
795	2.1784203333333334
796	2.1522613333333336
797	2.1253503333333335
798	2.1029193333333334
799	2.083537
800	2.065999666666667
801	2.0564340000000003
802	2.061294
803	2.0797523333333334
804	2.1053343333333334
805	2.1263673333333335
806	2.132692666666667
807	2.122951666666667
808	2.1029706666666668
809	2.085945666666667
810	2.083544333333333
811	2.0967796666666665
812	2.120613666666667
813	2.146984
814	2.168749
815	2.183535
816	2.192330666666667
817	2.199148
818	2.2087493333333335
819	2.2246273333333333
820	2.247427666666667
821	2.272524333333333
822	2.2935166666666666
823	2.305469
824	2.3077953333333334
825	2.308304
826	2.3171893333333333
827	2.341298666666667
828	2.3805663333333333
829	2.4226633333333334
830	2.452441
831	2.46071
832	2.4454990000000003
833	2.4151356666666666
834	2.380818666666667
835	2.350355
836	2.327792
837	2.3122196666666666
838	2.300683333333333
839	2.2903749999999996
840	2.280397
841	2.273879
842	2.274728
843	2.284509
844	2.302063333333333
845	2.322466666666667
846	2.3398406666666665
847	2.350087666666667
848	2.3527646666666664
849	2.3540473333333334
850	2.362106
851	2.382888
852	2.417591333333333
853	2.459064333333333
854	2.4987833333333334
855	2.533244333333333
856	2.5614813333333326
857	2.582992
858	2.596516
859	2.5991659999999994
860	2.589506666666667
861	2.571099333333333
862	2.5487436666666667
863	2.525045
864	2.5010179999999997
865	2.4766223333333333
866	2.453013
867	2.4347296666666667
868	2.424827
869	2.41943
870	2.4116093333333333
871	2.394881333333333
872	2.3671086666666667
873	2.335323333333333
874	2.3080506666666665
875	2.288181
876	2.2753276666666666
877	2.267623
878	2.263439
879	2.262718333333333
880	2.264768333333333
881	2.266135333333333
882	2.2647283333333332
883	2.2643263333333334
884	2.2693676666666667
885	2.279597
886	2.2906043333333335
887	2.2938013333333336
888	2.2834960000000004
889	2.264753333333333
890	2.247063666666667
891	2.238907333333333
892	2.2439473333333333
893	2.2562813333333334
894	2.2674416666666666
895	2.272617
896	2.270592666666667
897	2.2644556666666666
898	2.2587203333333337
899	2.256898
900	2.259692
901	2.2624560000000002
902	2.2590429999999997
903	2.2455926666666666
904	2.2237093333333333
905	2.204816666666667
906	2.200473
907	2.2125516666666667
908	2.236281
909	2.261820666666667
910	2.281064
911	2.2945210000000005
912	2.3068823333333333
913	2.3235633333333334
914	2.348021666666667
915	2.3787300000000005
916	2.41136
917	2.4401653333333337
918	2.460757666666667
919	2.4732956666666666
920	2.4814746666666667
921	2.4923493333333333
922	2.511359666666667
923	2.536916
924	2.56374
925	2.5854093333333332
926	2.598225333333333
927	2.6052836666666668
928	2.6096376666666665
929	2.6077916666666665
930	2.596210666666667
931	2.578180333333333
932	2.5597926666666666
933	2.546093
934	2.537840333333333
935	2.527693333333333
936	2.5094643333333337
937	2.487594
938	2.4702156666666664
939	2.4627963333333334
940	2.466785333333333
941	2.4775666666666663
942	2.489213333333333
943	2.4985393333333334
944	2.503407666666667
945	2.5012763333333337
946	2.490739666666667
947	2.4738876666666667
948	2.456050666666667
949	2.4460536666666663
950	2.4493389999999997
951	2.4600066666666667
952	2.4673013333333333
953	2.4612640000000003
954	2.4386566666666667
955	2.410205666666667
956	2.388977
957	2.3791703333333336
958	2.3773046666666664
959	2.3720460000000005
960	2.3546136666666664
961	2.329594666666667
962	2.3077846666666666
963	2.3000230000000004
964	2.3104313333333337
965	2.328404666666667
966	2.3409763333333333
967	2.344615
968	2.3431003333333336
969	2.3465026666666664
970	2.361766333333333
971	2.383134333333333
972	2.4026840000000003
973	2.4204689999999998
974	2.4409476666666667
975	2.469733333333333
976	2.5084456666666664
977	2.5490893333333333
978	2.5834919999999997
979	2.612515333333333
980	2.6394946666666668
981	2.664073333333333
982	2.684225666666667
983	2.6986773333333334
984	2.710201
985	2.729362666666667
986	2.763853333333333
987	2.807028
988	2.8475429999999995
989	2.8785853333333336
990	2.9022803333333327
991	2.9353773333333333
992	2.9916783333333328
993	3.0639503333333336
994	3.1378306666666664
995	3.2043200000000005
996	3.2603453333333334
997	3.3101000000000003
998	3.3592853333333332
999	3.4102033333333335
1000	3.4631033333333336
1001	3.516856333333333
1002	3.5676750000000004
1003	3.606961666666667
1004	3.626634
1005	3.6249526666666667
1006	3.6059783333333333
1007	3.5803543333333336
1008	3.557331666666667
1009	3.536487
1010	3.5121599999999997
1011	3.4768766666666666
1012	3.4271736666666666
1013	3.369809333333333
1014	3.312070666666666
1015	3.2525196666666667
1016	3.1884063333333335
1017	3.123021333333333
1018	3.061624333333333
1019	3.007415666666666
1020	2.961730666666666
1021	2.9241289999999998
1022	2.8954236666666664
1023	2.8806533333333335
1024	2.8840106666666667
1025	2.903253
1026	2.9327039999999998
1027	2.9654266666666667
1028	2.995784333333333
1029	3.022182
1030	3.045401333333333
1031	3.0678323333333335
1032	3.0930709999999997
1033	3.1257926666666664
1034	3.168181333333333
1035	3.215732
1036	3.262746666666666
1037	3.3075563333333338
1038	3.3510899999999992
1039	3.395568
1040	3.440025666666666
1041	3.475486666666667
1042	3.4937906666666665
1043	3.4969829999999997
1044	3.493099666666666
1045	3.4929813333333333
1046	3.502857333333333
1047	3.516271
1048	3.524675333333333
1049	3.5273263333333333
1050	3.526556333333333
1051	3.523136
1052	3.514301333333333
1053	3.491919
1054	3.4527069999999993
1055	3.4095676666666668
1056	3.3779293333333333
1057	3.3621590000000006
1058	3.357189333333333
1059	3.3486803333333333
1060	3.326844
1061	3.3006266666666666
1062	3.2821373333333335
1063	3.2714953333333328
1064	3.261268333333333
1065	3.2402713333333333
1066	3.204069333333333
1067	3.166565
1068	3.1444203333333327
1069	3.1421226666666664
1070	3.157114
1071	3.1836596666666663
1072	3.2174309999999995
1073	3.2592803333333333
1074	3.3080876666666668
1075	3.353105333333333
1076	3.382355333333333
1077	3.3915496666666662
1078	3.385222666666667
1079	3.379749666666666
1080	3.3903323333333337
1081	3.417689666666666
1082	3.453774666666667
1083	3.4856516666666666
1084	3.504417333333333
1085	3.514464
1086	3.5236163333333335
1087	3.534171333333333
1088	3.544746
1089	3.551568333333334
1090	3.5504059999999997
1091	3.538204
1092	3.514299333333333
1093	3.482481
1094	3.449103666666666
1095	3.4219953333333333
1096	3.407967333333333
1097	3.409854
1098	3.426394333333333
1099	3.4503909999999998
1100	3.4703189999999995
1101	3.471255333333333
1102	3.4459166666666667
1103	3.4077096666666664
1104	3.3755116666666667
1105	3.3596179999999998
1106	3.361453666666667
1107	3.371561333333333
1108	3.3792613333333335
1109	3.381400333333333
1110	3.3791193333333336
1111	3.3754063333333337
1112	3.372376
1113	3.3687916666666666
1114	3.362913333333333
1115	3.355145333333333
1116	3.3462560000000003
1117	3.3356476666666666
1118	3.322973666666667
1119	3.310308333333334
1120	3.3034456666666667
1121	3.31347
1122	3.346114666666667
1123	3.3893183333333337
1124	3.423764666666667
1125	3.4320373333333336
1126	3.4056796666666664
1127	3.3541646666666667
1128	3.291816666666667
1129	3.226497333333333
1130	3.161741
1131	3.0985156666666667
1132	3.0387399999999998
1133	2.9882319999999996
1134	2.9509049999999997
1135	2.9220013333333337
1136	2.892096
1137	2.8501453333333338
1138	2.7887739999999996
1139	2.710370666666667
1140	2.6211313333333335
1141	2.5264136666666666
1142	2.430791666666667
1143	2.3387100000000003
1144	2.257135333333333
1145	2.1984223333333333
1146	2.1722916666666663
1147	2.1766816666666666
1148	2.2031583333333336
1149	2.2403383333333333
1150	2.2762436666666668
1151	2.3001476666666667
1152	2.3047896666666667
1153	2.2901783333333334
1154	2.262636
1155	2.235743
1156	2.2221303333333333
1157	2.2250833333333335
1158	2.241961
1159	2.2660553333333335
1160	2.2910273333333335
1161	2.3149903333333333
1162	2.338475
1163	2.3627823333333335
1164	2.387195
1165	2.405871666666667
1166	2.41215
1167	2.402736333333334
1168	2.3771546666666667
1169	2.3383000000000003
1170	2.293066666666667
1171	2.2541930000000003
1172	2.2332380000000005
1173	2.232828666666667
1174	2.248025666666667
1175	2.2657246666666664
1176	2.273371666666667
1177	2.267346
1178	2.247757333333333
1179	2.214447
1180	2.168789
1181	2.1165006666666666
1182	2.0644566666666666
1183	2.0177393333333336
1184	1.979375
1185	1.9494130000000003
1186	1.9255686666666667
1187	1.9034980000000001
1188	1.8826416666666668
1189	1.8728373333333332
1190	1.884884
1191	1.9206123333333334
1192	1.9723746666666666
1193	2.020744
1194	2.050203666666667
1195	2.0657276666666666
1196	2.081281333333333
1197	2.1103189999999996
1198	2.160618
1199	2.2282426666666666
1200	2.304812
1201	2.3832196666666667
1202	2.4586716666666666
1203	2.529977333333333
1204	2.597919
1205	2.664610333333333
1206	2.7339173333333338
1207	2.812044
1208	2.9010883333333335
1209	2.9913230000000004
1210	3.069376666666667
1211	3.126037333333333
1212	3.160448666666667
1213	3.185966666666667
1214	3.216015666666667
1215	3.250414
1216	3.284064
1217	3.314764333333333
1218	3.342846
1219	3.370839333333334
1220	3.4011676666666664
1221	3.4341486666666663
1222	3.4699633333333333
1223	3.5104313333333335
1224	3.5557893333333332
1225	3.600960333333333
1226	3.639634
1227	3.6682563333333333
1228	3.686132666666666
1229	3.6963719999999998
1230	3.7038629999999997
1231	3.7140423333333334
1232	3.7319359999999997
1233	3.7610213333333333
1234	3.8021639999999994
1235	3.8513436666666663
1236	3.900303666666667
1237	3.936504
1238	3.952778666666667
1239	3.9583626666666665
1240	3.966796
1241	3.9846616666666668
1242	4.01115
1243	4.036347
1244	4.050654
1245	4.053878
1246	4.050074
1247	4.043473
1248	4.0383743333333335
1249	4.039231
1250	4.047898
1251	4.059867333333333
1252	4.0678513333333335
1253	4.064627
1254	4.045388
1255	4.011085333333333
1256	3.9686790000000003
1257	3.932868
1258	3.915859666666667
1259	3.9163829999999997
1260	3.9261713333333335
1261	3.9348513333333335
1262	3.935798666666667
1263	3.932474666666667
1264	3.931588
1265	3.9371966666666665
1266	3.950512333333333
1267	3.9689983333333334
1268	3.986831
1269	3.994702333333333
1270	3.987378333333334
1271	3.972448
1272	3.962113333333334
1273	3.965702333333333
1274	3.9849283333333334
1275	4.0078
1276	4.0221013333333335
1277	4.028661333333333
1278	4.034658
1279	4.047758333333333
1280	4.069946666666667
1281	4.090746
1282	4.100036333333334
1283	4.100871333333333
1284	4.101494333333333
1285	4.108116666666667
1286	4.122504
1287	4.139367666666667
1288	4.155661333333334
1289	4.180012666666666
1290	4.222088
1291	4.281716666666667
1292	4.352462
1293	4.424285
1294	4.491441333333333
1295	4.560624000000001
1296	4.638246666666666
1297	4.717680666666667
1298	4.788315666666667
1299	4.844635
1300	4.889581333333334
1301	4.939149333333333
1302	5.0062966666666675
1303	5.084179000000001
1304	5.158280666666666
1305	5.217257666666667
1306	5.258031333333333
1307	5.2919323333333335
1308	5.330037999999999
1309	5.368746999999999
1310	5.398897
1311	5.414009
1312	5.41223
1313	5.3989590000000005
1314	5.381531333333333
1315	5.364687
1316	5.351124666666667
1317	5.341650333333333
1318	5.336216666666667
1319	5.334398999999999
1320	5.335269
1321	5.337023333333332
1322	5.338044666666666
1323	5.337967
1324	5.336887
1325	5.334916333333333
1326	5.334091666666666
1327	5.340690333333334
1328	5.360186333333333
1329	5.391580666666667
1330	5.428712999999999
1331	5.460291999999999
1332	5.476042
1333	5.473103666666667
1334	5.453951666666667
1335	5.425884333333334
1336	5.397176333333334
1337	5.373554
1338	5.356095
1339	5.337805666666666
1340	5.309512666666666
1341	5.265109999999999
1342	5.202346666666666
1343	5.124873
1344	5.040924333333334
1345	4.962852666666666
1346	4.896822
1347	4.831289666666667
1348	4.752834666666667
1349	4.662076999999999
1350	4.5704183333333335
1351	4.498445
1352	4.460517333333334
1353	4.448034333333332
1354	4.443617
1355	4.4329616666666665
1356	4.4070936666666665
1357	4.365486333333333
1358	4.312842
1359	4.257778333333333
1360	4.208459666666666
1361	4.168317666666667
1362	4.137311666666666
1363	4.112267
1364	4.090102333333333
1365	4.07069
1366	4.0542093333333336
1367	4.038379666666666
1368	4.019254666666667
1369	3.991873
1370	3.953066333333333
1371	3.905034
1372	3.854109333333333
1373	3.8105826666666665
1374	3.783099
1375	3.7725066666666667
1376	3.7743946666666663
1377	3.780156
1378	3.7814263333333336
1379	3.7744139999999997
1380	3.7591396666666665
1381	3.7398496666666663
1382	3.722193
1383	3.7108536666666665
1384	3.7074419999999995
1385	3.7077959999999996
1386	3.707741
1387	3.7086803333333336
1388	3.713685666666667
1389	3.7236263333333333
1390	3.7363413333333333
1391	3.7453319999999994
1392	3.744679
1393	3.7340566666666666
1394	3.715719333333333
1395	3.6921953333333333
1396	3.665747666666666
1397	3.6379713333333332
1398	3.6093596666666663
1399	3.578653
1400	3.545231
1401	3.511768
1402	3.4827790000000003
1403	3.463131
1404	3.4529856666666663
1405	3.441774666666667
1406	3.4186836666666665
1407	3.383307666666666
1408	3.341726333333333
1409	3.303942333333333
1410	3.2779853333333326
1411	3.2638626666666664
1412	3.2576089999999995
1413	3.254211333333333
1414	3.2494789999999996
1415	3.242109333333333
1416	3.2346239999999997
1417	3.235236
1418	3.2510019999999997
1419	3.280649
1420	3.3185796666666665
1421	3.357798
1422	3.3922413333333337
1423	3.419323666666666
1424	3.4403173333333332
1425	3.461899333333333
1426	3.491087666666666
1427	3.5303259999999996
1428	3.578483666666667
1429	3.6306933333333333
1430	3.6794873333333333
1431	3.715576333333333
1432	3.7354933333333333
1433	3.751072666666667
1434	3.779707333333333
1435	3.8355159999999997
1436	3.922905
1437	4.028021
1438	4.134011666666666
1439	4.235074333333333
1440	4.331408
1441	4.425305666666667
1442	4.5191566666666665
1443	4.613968999999999
1444	4.70871
1445	4.7991806666666665
1446	4.881485
1447	4.955633333333333
1448	5.024122333333333
1449	5.090841666666666
1450	5.156944333333334
1451	5.216142
1452	5.260381333333334
1453	5.285068666666667
1454	5.288027666666667
1455	5.268876
1456	5.227309
1457	5.162197999999999
1458	5.076129
1459	4.981035666666666
1460	4.889868666666667
1461	4.808008333333333
1462	4.732894666666667
1463	4.652248999999999
1464	4.557325333333334
1465	4.456487333333333
1466	4.3614196666666665
1467	4.273777666666667
1468	4.188410333333333
1469	4.096209666666666
1470	3.9952176666666666
1471	3.9025683333333334
1472	3.8344813333333327
1473	3.7856693333333333
1474	3.740736666666666
1475	3.6841006666666667
1476	3.609339666666666
1477	3.5296416666666666
1478	3.4587426666666667
1479	3.3924376666666665
1480	3.3209066666666667
1481	3.2406686666666666
1482	3.1559350000000004
1483	3.0806299999999998
1484	3.024187
1485	2.976607333333333
1486	2.9232986666666663
1487	2.8590459999999998
1488	2.7853273333333335
1489	2.7082209999999995
1490	2.6296886666666666
1491	2.5390463333333333
1492	2.4285483333333335
1493	2.3101489999999996
1494	2.2033306666666665
1495	2.123880333333333
1496	2.077158
1497	2.0493196666666664
1498	2.023424
1499	1.9941799999999998
1500	1.9619646666666668
1501	1.9277793333333335
1502	1.8918166666666667
1503	1.8528046666666667
1504	1.8115520000000003
1505	1.7748963333333334
1506	1.7494026666666669
1507	1.7347586666666668
1508	1.7266096666666668
1509	1.7187683333333335
1510	1.708297666666667
1511	1.7009823333333332
1512	1.7031990000000001
1513	1.7139073333333332
1514	1.728543666666667
1515	1.7424683333333333
1516	1.7537373333333335
1517	1.7662796666666667
1518	1.7851423333333334
1519	1.8120023333333333
1520	1.8455026666666667
1521	1.8808093333333333
1522	1.9116796666666667
1523	1.9322183333333331
1524	1.9397253333333335
1525	1.9384203333333334
1526	1.9344536666666667
1527	1.9316360000000004
1528	1.9323353333333333
1529	1.9382583333333336
1530	1.951080333333333
1531	1.9726230000000002
1532	2.002552666666667
1533	2.0353463333333335
1534	2.0639703333333332
1535	2.0832883333333334
1536	2.091260666666667
1537	2.091091
1538	2.088978
1539	2.0927553333333333
1540	2.108235666666667
1541	2.135073333333333
1542	2.170009
1543	2.2093063333333336
1544	2.2505776666666666
1545	2.294769
1546	2.344225
1547	2.4010586666666667
1548	2.465592333333333
1549	2.5341413333333334
1550	2.5998989999999997
1551	2.6534050000000002
1552	2.689862333333333
1553	2.7175736666666666
1554	2.747536
1555	2.783676
1556	2.8249166666666667
1557	2.866237
1558	2.9017836666666663
1559	2.9276353333333334
1560	2.943740333333333
1561	2.956943
1562	2.975823333333333
1563	3.0057183333333333
1564	3.045944
1565	3.0859253333333334
1566	3.116592333333333
1567	3.1418673333333333
1568	3.169375
1569	3.2019189999999997
1570	3.2394486666666666
1571	3.280878999999999
1572	3.325872333333333
1573	3.376336333333333
1574	3.4331993333333326
1575	3.4929230000000002
1576	3.550985666666666
1577	3.6051173333333333
1578	3.6539736666666665
1579	3.6958049999999996
1580	3.727883
1581	3.7460436666666665
1582	3.748018333333333
1583	3.737576333333333
1584	3.722146
1585	3.7106640000000004
1586	3.7046743333333336
1587	3.6882616666666665
1588	3.647359
1589	3.5898916666666665
1590	3.534165666666667
1591	3.498694333333333
1592	3.4908609999999993
1593	3.493801
1594	3.4882793333333333
1595	3.473623666666666
1596	3.457443
1597	3.4467016666666668
1598	3.4448973333333326
1599	3.4494903333333333
1600	3.4584706666666665
1601	3.4763779999999995
1602	3.505701
1603	3.537377
1604	3.558664333333333
1605	3.561134
1606	3.546614
1607	3.534989333333333
1608	3.543978
1609	3.568470333333333
1610	3.5937613333333327
1611	3.6069293333333334
1612	3.6014963333333334
1613	3.5828253333333335
1614	3.558842333333333
1615	3.5318796666666663
1616	3.501635333333333
1617	3.467945666666666
1618	3.431818
1619	3.396398666666667
1620	3.3646420000000004
1621	3.3369393333333335
1622	3.3126160000000002
1623	3.291335
1624	3.274262666666667
1625	3.2653206666666663
1626	3.2670183333333336
1627	3.2759606666666663
1628	3.2873696666666667
1629	3.299247333333333
1630	3.310878333333333
1631	3.3215310000000002
1632	3.3307139999999995
1633	3.3388706666666663
1634	3.3479406666666662
1635	3.362332666666666
1636	3.3863796666666666
1637	3.4217806666666664
1638	3.4687336666666666
1639	3.526496
1640	3.5927843333333334
1641	3.662743666666666
1642	3.7326436666666667
1643	3.8038716666666668
1644	3.879514666666667
1645	3.9611629999999995
1646	4.047817666666667
1647	4.134377333333333
1648	4.215954333333333
1649	4.292268666666667
1650	4.365843333333332
1651	4.440811666666667
1652	4.520474666666666
1653	4.604614
1654	4.690089666666667
1655	4.770742333333333
1656	4.841677666666667
1657	4.903606999999999
1658	4.958167333333334
1659	5.003453333333333
1660	5.036163999999999
1661	5.053849333333333
1662	5.056738000000001
1663	5.050123
1664	5.039786666666667
1665	5.027695333333334
1666	5.0142256666666665
1667	5.000136000000001
1668	4.986805999999999
1669	4.9761940000000005
1670	4.968383666666667
1671	4.958620333333333
1672	4.941231
1673	4.913394666666667
1674	4.874784666666668
1675	4.8278289999999995
1676	4.77575
1677	4.721001
1678	4.665031666666667
1679	4.607742
1680	4.547705666666666
1681	4.482030666666666
1682	4.408522666666667
1683	4.328364333333333
1684	4.246808333333333
1685	4.174314666666666
1686	4.116152666666666
1687	4.060794333333334
1688	3.993466333333333
1689	3.9092189999999993
1690	3.811055
1691	3.7096349999999996
1692	3.615635333333333
1693	3.5326146666666665
1694	3.4602136666666667
1695	3.396236666666667
1696	3.3374393333333336
1697	3.2797713333333327
1698	3.2209483333333337
1699	3.1636083333333334
1700	3.1126370000000003
1701	3.073176
1702	3.049567333333333
1703	3.043194333333333
1704	3.046
1705	3.032405
1706	2.9836833333333335
1707	2.9138629999999996
1708	2.844776
1709	2.7829479999999998
1710	2.7269443333333334
1711	2.673889333333333
1712	2.622221333333333
1713	2.5737896666666664
1714	2.530367333333333
1715	2.4901443333333333
1716	2.449782
1717	2.4062010000000003
1718	2.357174333333333
1719	2.3022126666666667
1720	2.2428796666666666
1721	2.183526333333333
1722	2.126747
1723	2.069113
1724	2.010605
1725	1.9645630000000003
1726	1.9431333333333334
1727	1.942105
1728	1.95109
1729	1.9624276666666667
1730	1.9715573333333334
1731	1.9775303333333334
1732	1.9802170000000001
1733	1.9780163333333334
1734	1.9683169999999999
1735	1.9484276666666667
1736	1.9203236666666665
1737	1.8962783333333335
1738	1.8869956666666667
1739	1.8891676666666666
1740	1.8930513333333334
1741	1.8891513333333332
1742	1.8749726666666664
1743	1.8625396666666667
1744	1.862184
1745	1.8662346666666663
1746	1.8623560000000001
1747	1.8465136666666666
1748	1.8224693333333333
1749	1.8021476666666665
1750	1.7933126666666666
1751	1.7869753333333334
1752	1.772403
1753	1.7519736666666668
1754	1.7344436666666665
1755	1.728722
1756	1.7367276666666667
1757	1.7453400000000001
1758	1.7417913333333332
1759	1.7290980000000002
1760	1.7169153333333333
1761	1.7132733333333334
1762	1.7197593333333334
1763	1.726047
1764	1.7230206666666665
1765	1.715878
1766	1.7138829999999998
1767	1.720600666666667
1768	1.7344333333333333
1769	1.7485713333333335
1770	1.7581676666666666
1771	1.767294666666667
1772	1.7799083333333334
1773	1.7909556666666668
1774	1.7950966666666666
1775	1.7957139999999998
1776	1.7995300000000003
1777	1.811370666666667
1778	1.8311233333333334
1779	1.8499166666666669
1780	1.8593856666666668
1781	1.8608163333333334
1782	1.858585666666667
1783	1.854306
1784	1.848664
1785	1.8434070000000002
1786	1.8402956666666668
1787	1.8397123333333334
1788	1.840117
1789	1.837216
1790	1.8280743333333334
