400.000000	-0.000443
402.000000	0.005340
404.000000	0.001330
406.000000	-0.005217
408.000000	-0.003010
410.000000	0.003136
412.000000	0.008118
414.000000	0.009386
416.000000	0.004679
418.000000	-0.003156
420.000000	-0.002542
422.000000	0.004192
424.000000	0.006707
426.000000	0.005455
428.000000	0.000402
430.000000	-0.010973
432.000000	-0.015401
434.000000	-0.003665
436.000000	0.002635
438.000000	-0.001452
440.000000	-0.002727
442.000000	-0.001828
444.000000	-0.000939
446.000000	0.003169
448.000000	0.006636
450.000000	0.003008
452.000000	-0.005644
454.000000	-0.011814
456.000000	-0.006532
458.000000	-0.000748
460.000000	-0.004373
462.000000	-0.005958
464.000000	-0.003008
466.000000	-0.002119
468.000000	-0.007347
470.000000	-0.015029
472.000000	-0.013226
474.000000	-0.006634
476.000000	-0.004565
478.000000	-0.003934
480.000000	-0.005616
482.000000	-0.013076
484.000000	-0.012579
486.000000	-0.000989
488.000000	-0.000438
490.000000	-0.000154
492.000000	0.015983
494.000000	0.012285
496.000000	-0.009001
498.000000	-0.002596
500.000000	0.014664
502.000000	0.016648
504.000000	0.007729
506.000000	-0.001146
508.000000	-0.002357
510.000000	-0.007282
512.000000	-0.012372
514.000000	0.003125
516.000000	0.019895
518.000000	0.019800
520.000000	0.022195
522.000000	0.024884
524.000000	0.012939
526.000000	-0.002397
528.000000	-0.007640
530.000000	0.003050
532.000000	0.018580
534.000000	0.024713
536.000000	0.017257
538.000000	0.007088
540.000000	0.007963
542.000000	0.004170
544.000000	-0.006815
546.000000	-0.004536
548.000000	0.007305
550.000000	0.016647
552.000000	0.018308
554.000000	0.010175
556.000000	-0.004734
558.000000	-0.010257
560.000000	-0.001855
562.000000	0.007235
564.000000	0.008421
566.000000	0.001157
568.000000	-0.003825
570.000000	0.000171
572.000000	0.011613
574.000000	0.013934
576.000000	0.004361
578.000000	-0.002601
580.000000	-0.009722
582.000000	-0.018442
584.000000	-0.015787
586.000000	-0.008694
588.000000	-0.009878
590.000000	-0.005869
592.000000	0.004713
594.000000	0.007025
596.000000	-0.002483
598.000000	-0.014973
600.000000	-0.010749
602.000000	0.002222
604.000000	0.006577
606.000000	0.004471
608.000000	-0.000761
610.000000	-0.007075
612.000000	-0.009300
614.000000	-0.006464
616.000000	-0.004728
618.000000	-0.009033
620.000000	-0.016572
622.000000	-0.010592
624.000000	0.003512
626.000000	0.006321
628.000000	-0.005384
630.000000	-0.020194
632.000000	-0.018844
634.000000	-0.009761
636.000000	-0.004062
638.000000	0.001417
640.000000	0.009713
642.000000	0.020094
644.000000	0.024448
646.000000	0.024386
648.000000	0.027482
650.000000	0.022773
652.000000	0.010914
654.000000	0.011264
656.000000	0.007398
658.000000	-0.013123
660.000000	-0.020927
662.000000	-0.012846
664.000000	-0.002798
666.000000	0.009848
668.000000	0.019729
670.000000	0.016093
672.000000	0.008481
674.000000	0.005331
676.000000	0.003540
678.000000	0.002806
680.000000	0.001415
682.000000	-0.008632
684.000000	-0.018490
686.000000	-0.014562
688.000000	-0.011350
690.000000	-0.013712
692.000000	-0.011434
694.000000	-0.004572
696.000000	0.001563
698.000000	0.000313
700.000000	-0.006585
702.000000	-0.013149
704.000000	-0.014000
706.000000	-0.010380
708.000000	-0.006934
710.000000	-0.003754
712.000000	0.001124
714.000000	0.008542
716.000000	0.008236
718.000000	-0.000935
720.000000	-0.003204
722.000000	0.004014
724.000000	0.017083
726.000000	0.032827
728.000000	0.038525
730.000000	0.023734
732.000000	0.004298
734.000000	-0.002297
736.000000	0.011171
738.000000	0.020878
740.000000	0.018946
742.000000	0.025495
744.000000	0.037565
746.000000	0.049860
748.000000	0.069119
750.000000	0.062695
752.000000	0.056271
754.000000	0.049847
756.000000	0.043424
758.000000	0.035820
760.000000	0.029011
762.000000	0.014912
764.000000	0.000351
766.000000	-0.001529
768.000000	0.007213
770.000000	0.004381
772.000000	-0.004900
774.000000	-0.006381
776.000000	0.005935
778.000000	0.021699
780.000000	0.027401
782.000000	0.025258
784.000000	0.024344
786.000000	0.030678
788.000000	0.027993
790.000000	0.017172
792.000000	0.016018
794.000000	0.012259
796.000000	0.003699
798.000000	0.009684
800.000000	0.013785
802.000000	0.002954
804.000000	-0.003410
806.000000	-0.000363
808.000000	0.003407
810.000000	-0.007350
812.000000	-0.016698
814.000000	-0.002892
816.000000	0.004078
818.000000	0.000420
820.000000	0.006999
822.000000	0.008046
824.000000	0.000141
826.000000	0.002486
828.000000	0.015195
830.000000	0.026497
832.000000	0.021000
834.000000	0.009114
836.000000	0.005205
838.000000	0.008288
840.000000	0.010442
842.000000	0.008492
844.000000	0.015485
846.000000	0.013798
848.000000	-0.012629
850.000000	-0.005964
852.000000	0.029516
854.000000	0.037624
856.000000	0.026165
858.000000	0.014335
860.000000	0.012627
862.000000	0.015158
864.000000	0.011505
866.000000	-0.003157
868.000000	-0.002682
870.000000	0.017299
872.000000	0.012339
874.000000	-0.006664
876.000000	-0.012846
878.000000	-0.007095
880.000000	0.000805
882.000000	0.003017
884.000000	0.004891
886.000000	0.010414
888.000000	0.017630
890.000000	0.014809
892.000000	0.004304
894.000000	0.001001
896.000000	0.014493
898.000000	0.024126
900.000000	-0.001092
902.000000	-0.008849
904.000000	0.011525
906.000000	0.006957
908.000000	0.002180
910.000000	0.012720
912.000000	0.009022
914.000000	0.005985
916.000000	0.016175
918.000000	0.019466
920.000000	0.018809
922.000000	0.019276
924.000000	0.009490
926.000000	0.009360
928.000000	0.029925
930.000000	0.026616
932.000000	0.010867
934.000000	0.015994
936.000000	0.026560
938.000000	0.021804
940.000000	-0.001772
942.000000	-0.004455
944.000000	0.010992
946.000000	0.013751
948.000000	0.019605
950.000000	0.026006
952.000000	0.013979
954.000000	0.005025
956.000000	0.011390
958.000000	0.023761
960.000000	0.028633
962.000000	0.028621
964.000000	0.037637
966.000000	0.026845
968.000000	0.001235
970.000000	0.012331
972.000000	0.023164
974.000000	0.012236
976.000000	0.018027
978.000000	0.021609
980.000000	0.009785
982.000000	0.013254
984.000000	0.034034
986.000000	0.053330
988.000000	0.046118
990.000000	0.025985
992.000000	0.022225
994.000000	0.051726
996.000000	0.074355
998.000000	0.064549
1000.000000	0.077049
1002.000000	0.098138
1004.000000	0.095084
1006.000000	0.087060
1008.000000	0.075324
1010.000000	0.056094
1012.000000	0.046595
1014.000000	0.044891
1016.000000	0.036855
1018.000000	0.015703
1020.000000	0.006280
1022.000000	0.026897
1024.000000	0.029353
1026.000000	0.021329
1028.000000	0.036117
1030.000000	0.049684
1032.000000	0.046441
1034.000000	0.031444
1036.000000	0.027616
1038.000000	0.023554
1040.000000	0.002244
1042.000000	0.010485
1044.000000	0.033972
1046.000000	0.028980
1048.000000	0.033281
1050.000000	0.044642
1052.000000	0.036115
1054.000000	0.041386
1056.000000	0.053528
1058.000000	0.042073
1060.000000	0.037506
1062.000000	0.045652
1064.000000	0.048510
1066.000000	0.050416
1068.000000	0.055867
1070.000000	0.061993
1072.000000	0.055673
1074.000000	0.045147
1076.000000	0.049760
1078.000000	0.061737
1080.000000	0.074901
1082.000000	0.085477
1084.000000	0.079579
1086.000000	0.065802
1088.000000	0.062142
1090.000000	0.053669
1092.000000	0.040683
1094.000000	0.034239
1096.000000	0.025193
1098.000000	0.021425
1100.000000	0.037598
1102.000000	0.058404
1104.000000	0.060260
1106.000000	0.036428
1108.000000	0.031216
1110.000000	0.045077
1112.000000	0.049434
1114.000000	0.045182
1116.000000	0.037880
1118.000000	0.034602
1120.000000	0.046094
1122.000000	0.064711
1124.000000	0.073882
1126.000000	0.069906
1128.000000	0.079824
1130.000000	0.113810
1132.000000	0.104575
1134.000000	0.052171
1136.000000	0.002943
1138.000000	-0.007074
1140.000000	0.000349
1142.000000	-0.002753
1144.000000	0.005841
1146.000000	0.010214
1148.000000	-0.005028
1150.000000	-0.011731
1152.000000	-0.005430
1154.000000	0.004719
1156.000000	0.011461
1158.000000	0.016715
1160.000000	0.017306
1162.000000	0.001388
1164.000000	-0.001848
1166.000000	0.012843
1168.000000	0.001606
1170.000000	-0.004005
1172.000000	0.017331
1174.000000	0.034815
1176.000000	0.031096
1178.000000	0.012605
1180.000000	0.000951
1182.000000	-0.013827
1184.000000	-0.020550
1186.000000	0.006674
1188.000000	0.015120
1190.000000	-0.004392
1192.000000	-0.010625
1194.000000	-0.012146
1196.000000	-0.011113
1198.000000	0.001886
1200.000000	0.020195
1202.000000	0.020749
1204.000000	-0.005042
1206.000000	-0.002164
1208.000000	0.027524
1210.000000	0.047787
1212.000000	0.053514
1214.000000	0.055208
1216.000000	0.062097
1218.000000	0.066933
1220.000000	0.059481
1222.000000	0.046272
1224.000000	0.056864
1226.000000	0.065663
1228.000000	0.061219
1230.000000	0.081232
1232.000000	0.093030
1234.000000	0.083464
1236.000000	0.090608
1238.000000	0.095613
1240.000000	0.087530
1242.000000	0.082032
1244.000000	0.078941
1246.000000	0.072773
1248.000000	0.063252
1250.000000	0.068176
1252.000000	0.073243
1254.000000	0.054687
1256.000000	0.041407
1258.000000	0.040406
1260.000000	0.043395
1262.000000	0.053910
1264.000000	0.060192
1266.000000	0.057431
1268.000000	0.066639
1270.000000	0.068916
1272.000000	0.053920
1274.000000	0.050689
1276.000000	0.060173
1278.000000	0.067414
1280.000000	0.058162
1282.000000	0.046008
1284.000000	0.047053
1286.000000	0.061793
1288.000000	0.058355
1290.000000	0.053059
1292.000000	0.080285
1294.000000	0.091840
1296.000000	0.080095
1298.000000	0.075943
1300.000000	0.103937
1302.000000	0.132907
1304.000000	0.130602
1306.000000	0.119182
1308.000000	0.128468
1310.000000	0.149955
1312.000000	0.136544
1314.000000	0.135833
1316.000000	0.152642
1318.000000	0.132399
1320.000000	0.130804
1322.000000	0.137473
1324.000000	0.101440
1326.000000	0.106500
1328.000000	0.129755
1330.000000	0.115946
1332.000000	0.144283
1334.000000	0.167679
1336.000000	0.139587
1338.000000	0.143949
1340.000000	0.151586
1342.000000	0.131942
1344.000000	0.120277
1346.000000	0.115748
1348.000000	0.114801
1350.000000	0.116595
1352.000000	0.092797
1354.000000	0.068074
1356.000000	0.082567
1358.000000	0.089207
1360.000000	0.071631
1362.000000	0.052968
1364.000000	0.069072
1366.000000	0.086563
1368.000000	0.081860
1370.000000	0.085078
1372.000000	0.070037
1374.000000	0.042023
1376.000000	0.045757
1378.000000	0.051972
1380.000000	0.049616
1382.000000	0.050707
1384.000000	0.046776
1386.000000	0.050184
1388.000000	0.059153
1390.000000	0.027215
1392.000000	0.009959
1394.000000	0.037559
1396.000000	0.046588
1398.000000	0.051349
1400.000000	0.059841
1402.000000	0.052569
1404.000000	0.040266
1406.000000	0.026095
1408.000000	0.014267
1410.000000	0.033265
1412.000000	0.045712
1414.000000	0.025374
1416.000000	0.022252
1418.000000	0.018588
1420.000000	0.011789
1422.000000	0.035400
1424.000000	0.037089
1426.000000	0.018842
1428.000000	0.028855
1430.000000	0.046429
1432.000000	0.055303
1434.000000	0.055465
1436.000000	0.056681
1438.000000	0.066214
1440.000000	0.081320
1442.000000	0.092535
1444.000000	0.112353
1446.000000	0.129290
1448.000000	0.124405
1450.000000	0.143575
1452.000000	0.163396
1454.000000	0.144117
1456.000000	0.126897
1458.000000	0.132780
1460.000000	0.143816
1462.000000	0.121758
1464.000000	0.100602
1466.000000	0.094516
1468.000000	0.086121
1470.000000	0.089474
1472.000000	0.085184
1474.000000	0.057388
1476.000000	0.047088
1478.000000	0.046031
1480.000000	0.044655
1482.000000	0.058284
1484.000000	0.060906
1486.000000	0.047815
1488.000000	0.039576
1490.000000	0.035719
1492.000000	0.026458
1494.000000	0.012007
1496.000000	0.012141
1498.000000	0.009438
1500.000000	-0.002381
1502.000000	-0.004000
1504.000000	-0.012440
1506.000000	-0.024253
1508.000000	-0.021733
1510.000000	-0.015358
1512.000000	-0.011741
1514.000000	-0.011462
1516.000000	-0.013244
1518.000000	-0.017486
1520.000000	-0.014671
1522.000000	0.000870
1524.000000	-0.010475
1526.000000	-0.018365
1528.000000	0.009662
1530.000000	0.007335
1532.000000	-0.000934
1534.000000	0.008509
1536.000000	0.007836
1538.000000	0.014959
1540.000000	0.028604
1542.000000	0.031871
1544.000000	0.036608
1546.000000	0.031620
1548.000000	0.019131
1550.000000	0.032739
1552.000000	0.035332
1554.000000	0.029302
1556.000000	0.054546
1558.000000	0.070809
1560.000000	0.065681
1562.000000	0.056266
1564.000000	0.059148
1566.000000	0.070052
1568.000000	0.077409
1570.000000	0.076836
1572.000000	0.084854
1574.000000	0.102650
1576.000000	0.118542
1578.000000	0.123822
1580.000000	0.108843
1582.000000	0.093369
1584.000000	0.113606
1586.000000	0.122893
1588.000000	0.115760
1590.000000	0.113886
1592.000000	0.094917
1594.000000	0.081537
1596.000000	0.081316
1598.000000	0.063626
1600.000000	0.062110
1602.000000	0.078102
1604.000000	0.089427
1606.000000	0.111452
1608.000000	0.105787
1610.000000	0.073995
1612.000000	0.084300
1614.000000	0.071972
1616.000000	0.050383
1618.000000	0.074934
1620.000000	0.072588
1622.000000	0.060699
1624.000000	0.068626
1626.000000	0.068921
1628.000000	0.055196
1630.000000	0.045381
1632.000000	0.057939
1634.000000	0.076802
1636.000000	0.075219
1638.000000	0.060308
1640.000000	0.070872
1642.000000	0.071245
1644.000000	0.066405
1646.000000	0.084035
1648.000000	0.095073
1650.000000	0.097435
1652.000000	0.111545
1654.000000	0.145971
1656.000000	0.139286
1658.000000	0.127848
1660.000000	0.158456
1662.000000	0.143163
1664.000000	0.135803
1666.000000	0.164078
1668.000000	0.164895
1670.000000	0.139630
1672.000000	0.120418
1674.000000	0.123753
1676.000000	0.123504
1678.000000	0.122414
1680.000000	0.127827
1682.000000	0.132456
1684.000000	0.113630
1686.000000	0.089016
1688.000000	0.081351
1690.000000	0.081698
1692.000000	0.080739
1694.000000	0.070132
1696.000000	0.052713
1698.000000	0.052676
1700.000000	0.051420
1702.000000	0.051956
1704.000000	0.052492
1706.000000	0.053028
1708.000000	0.053564
1710.000000	0.054100
1712.000000	0.054636
1714.000000	0.055172
1716.000000	0.023443
1718.000000	0.010053
1720.000000	0.006196
1722.000000	0.001348
1724.000000	-0.016076
1726.000000	-0.015182
1728.000000	-0.016747
1730.000000	-0.015269
1732.000000	0.007759
1734.000000	0.021841
1736.000000	0.022750
1738.000000	0.015957
1740.000000	0.005375
1742.000000	0.007218
1744.000000	0.000529
1746.000000	-0.018393
1748.000000	0.000695
1750.000000	0.016818
1752.000000	0.005361
1754.000000	-0.012178
1756.000000	-0.012073
1758.000000	-0.012745
1760.000000	-0.018560
1762.000000	-0.006809
1764.000000	-0.002805
1766.000000	-0.008805
1768.000000	-0.010474
1770.000000	-0.005671
1772.000000	-0.003961
1774.000000	-0.003997
1776.000000	-0.000664
1778.000000	-0.005731
1780.000000	-0.006074
1782.000000	0.000775
1784.000000	-0.000472
1786.000000	0.002073
1788.000000	-0.002842
1790.000000	-0.018599
1792.000000	-0.018568
1794.000000	-0.017052
1796.000000	-0.009461
1798.000000	0.011564
1800.000000	0.013051
1802.000000	-0.000908
1804.000000	-0.014057
1806.000000	-0.016019
1808.000000	-0.003287
1810.000000	0.000674
1812.000000	-0.007726
1814.000000	-0.002215
1816.000000	-0.005770
1818.000000	-0.007286
1820.000000	0.004032
1822.000000	-0.002344
1824.000000	-0.004397
1826.000000	-0.001688
1828.000000	-0.009196
1830.000000	-0.007636
1832.000000	0.000265
1834.000000	0.006017
1836.000000	0.005238
1838.000000	-0.006563
1840.000000	-0.011008
1842.000000	-0.004227
1844.000000	-0.006651
1846.000000	-0.007057
1848.000000	-0.001381
1850.000000	0.002363
1852.000000	-0.002169
1854.000000	0.004108
1856.000000	0.014216
1858.000000	0.008196
1860.000000	-0.007253
1862.000000	-0.009055
1864.000000	0.005587
1866.000000	0.015058
1868.000000	0.002442
1870.000000	0.006877
1872.000000	0.020899
1874.000000	-0.000136
1876.000000	-0.002528
1878.000000	0.005084
1880.000000	0.005606
1882.000000	0.013906
1884.000000	0.017795
1886.000000	0.013655
1888.000000	0.004731
1890.000000	-0.005952
1892.000000	-0.007183
1894.000000	-0.009868
1896.000000	-0.018077
1898.000000	-0.005813
1900.000000	0.011812
1902.000000	0.014703
1904.000000	0.000597
1906.000000	-0.011227
1908.000000	-0.004877
1910.000000	0.001125
1912.000000	-0.012612
1914.000000	-0.012305
1916.000000	-0.000091
1918.000000	0.012693
1920.000000	0.017451
1922.000000	0.001573
1924.000000	-0.002382
1926.000000	0.016845
1928.000000	0.028055
1930.000000	0.010407
1932.000000	-0.004610
1934.000000	-0.001603
1936.000000	-0.001319
1938.000000	0.002939
1940.000000	0.001178
1942.000000	-0.001591
1944.000000	0.014375
1946.000000	0.014676
1948.000000	-0.001650
1950.000000	-0.009047
1952.000000	0.002373
1954.000000	-0.010534
1956.000000	-0.010049
1958.000000	0.023120
1960.000000	0.027319
1962.000000	0.013868
1964.000000	0.001777
1966.000000	0.000000
1968.000000	0.009448
1970.000000	0.019366
1972.000000	0.013501
1974.000000	-0.001870
1976.000000	0.002353
1978.000000	0.004196
1980.000000	-0.000924
1982.000000	-0.003450
1984.000000	-0.003459
1986.000000	-0.004117
1988.000000	-0.005742
1990.000000	-0.001206
1992.000000	0.015497
1994.000000	0.017694
1996.000000	0.017028
1998.000000	0.009425
2000.000000	0.001823
2002.000000	-0.013526
2004.000000	-0.007966
2006.000000	0.002094
2008.000000	-0.006477
2010.000000	0.000231
2012.000000	0.002222
2014.000000	-0.014191
2016.000000	-0.007056
2018.000000	0.001179
2020.000000	0.002028
2022.000000	0.003907
2024.000000	0.007416
2026.000000	-0.001074
2028.000000	-0.001241
2030.000000	0.011704
2032.000000	0.006696
2034.000000	0.000848
2036.000000	-0.006112
2038.000000	-0.008723
2040.000000	0.008274
2042.000000	0.009012
2044.000000	-0.001034
2046.000000	-0.001780
2048.000000	0.006314
2050.000000	0.009607
2052.000000	0.017441
2054.000000	0.022085
2056.000000	0.005893
2058.000000	0.003894
2060.000000	0.007553
2062.000000	0.008753
2064.000000	0.012501
2066.000000	0.003200
2068.000000	-0.005118
2070.000000	0.001967
2072.000000	0.015268
2074.000000	0.007507
2076.000000	-0.008981
2078.000000	-0.015474
2080.000000	-0.008260
2082.000000	0.001062
2084.000000	0.000946
2086.000000	0.003392
2088.000000	0.009866
2090.000000	-0.003536
2092.000000	0.011332
2094.000000	0.027045
2096.000000	0.015261
2098.000000	0.013479
2100.000000	-0.003590
2102.000000	-0.004920
2104.000000	0.018955
2106.000000	0.020501
2108.000000	0.007966
2110.000000	0.004927
2112.000000	0.013638
2114.000000	0.015516
2116.000000	0.005913
2118.000000	0.006738
2120.000000	0.002775
2122.000000	-0.015880
2124.000000	0.010234
2126.000000	0.020231
2128.000000	0.010607
2130.000000	0.017371
2132.000000	0.021891
2134.000000	0.019778
2136.000000	0.008818
2138.000000	-0.004814
2140.000000	-0.005650
2142.000000	0.004493
2144.000000	0.003817
2146.000000	-0.003851
2148.000000	0.003774
2150.000000	0.006196
2152.000000	0.016743
2154.000000	0.022105
2156.000000	0.003250
2158.000000	-0.001795
2160.000000	0.001062
2162.000000	-0.006170
2164.000000	-0.018635
2166.000000	-0.009117
2168.000000	0.014703
2170.000000	0.021961
2172.000000	0.008873
2174.000000	0.005504
2176.000000	0.013311
2178.000000	0.019365
2180.000000	0.014939
2182.000000	0.007198
2184.000000	0.012051
2186.000000	0.005622
2188.000000	-0.006715
2190.000000	0.002799
2192.000000	0.029532
2194.000000	0.017637
2196.000000	0.016593
2198.000000	0.031020
2200.000000	-0.004672
2202.000000	0.000994
2204.000000	0.011704
2206.000000	0.005763
2208.000000	0.012018
2210.000000	0.012906
2212.000000	-0.003943
2214.000000	-0.007738
2216.000000	0.003435
2218.000000	-0.015006
2220.000000	-0.002782
2222.000000	0.013973
2224.000000	0.010336
2226.000000	0.009646
2228.000000	0.007862
2230.000000	0.005493
2232.000000	0.005792
2234.000000	0.010490
2236.000000	0.018327
2238.000000	0.023616
2240.000000	0.016154
2242.000000	0.002040
2244.000000	-0.002678
2246.000000	-0.007205
2248.000000	0.003081
2250.000000	0.019645
2252.000000	0.021206
2254.000000	0.014760
2256.000000	0.008634
2258.000000	0.007030
2260.000000	0.017157
2262.000000	0.033347
2264.000000	0.013381
2266.000000	0.000492
2268.000000	0.003063
2270.000000	0.000745
2272.000000	0.014879
2274.000000	0.009460
2276.000000	0.003271
2278.000000	0.009525
2280.000000	0.005082
2282.000000	0.011873
2284.000000	0.008208
2286.000000	0.001106
2288.000000	0.007025
2290.000000	0.006177
2292.000000	0.026547
2294.000000	0.016793
2296.000000	-0.006998
2298.000000	0.026727
2300.000000	0.028769
2302.000000	0.018860
2304.000000	0.024832
2306.000000	0.031219
2308.000000	0.019107
2310.000000	0.023379
2312.000000	0.034174
2314.000000	0.022857
2316.000000	0.000212
2318.000000	0.016379
2320.000000	0.020267
2322.000000	0.020838
2324.000000	0.031681
2326.000000	0.024765
2328.000000	0.035418
2330.000000	0.020201
2332.000000	0.003871
2334.000000	0.024429
2336.000000	0.019891
2338.000000	0.006427
2340.000000	0.002783
2342.000000	0.008066
2344.000000	0.012510
2346.000000	0.010088
2348.000000	-0.003047
2350.000000	-0.004740
2352.000000	0.006670
2354.000000	0.001753
2356.000000	-0.002970
2358.000000	0.008868
2360.000000	0.026359
2362.000000	0.021005
2364.000000	-0.008280
2366.000000	0.007047
2368.000000	0.030409
2370.000000	0.015196
2372.000000	-0.012401
2374.000000	0.001754
2376.000000	0.016764
2378.000000	0.008855
2380.000000	0.001155
2382.000000	0.015596
2384.000000	0.021401
2386.000000	0.018499
2388.000000	0.014226
2390.000000	0.005403
2392.000000	-0.009646
2394.000000	-0.010364
2396.000000	-0.012510
2398.000000	0.006439
2400.000000	0.034029
2402.000000	0.001823
2404.000000	0.006849
2406.000000	0.008164
2408.000000	-0.002695
2410.000000	0.007207
2412.000000	0.000243
2414.000000	0.005975
2416.000000	0.013998
2418.000000	0.011451
2420.000000	0.001777
2422.000000	-0.016589
2424.000000	-0.007120
2426.000000	0.009117
2428.000000	0.013327
2430.000000	0.016056
2432.000000	0.006492
2434.000000	-0.010753
2436.000000	-0.003170
2438.000000	0.018849
2440.000000	0.013602
2442.000000	0.004567
2444.000000	-0.001840
2446.000000	0.006283
2448.000000	0.015819
2450.000000	0.004334
2452.000000	0.009705
2454.000000	0.027720
2456.000000	0.021511
2458.000000	0.006343
2460.000000	0.023073
2462.000000	0.013532
2464.000000	0.012013
2466.000000	0.006031
2468.000000	-0.004126
2470.000000	0.014166
2472.000000	0.002330
2474.000000	0.018985
2476.000000	0.026781
2478.000000	0.000478
2480.000000	-0.000122
2482.000000	-0.003026
2484.000000	0.002690
2486.000000	0.009075
2488.000000	0.005955
2490.000000	0.000192
2492.000000	-0.013009
2494.000000	-0.009813
2496.000000	0.005480
2498.000000	0.006453
2500.000000	-0.002415
2502.000000	0.020331
2504.000000	0.005714
2506.000000	-0.004014
2508.000000	0.012007
2510.000000	0.003281
2512.000000	0.002909
2514.000000	0.010949
2516.000000	0.031324
2518.000000	0.031226
2520.000000	-0.001706
2522.000000	0.010110
2524.000000	0.015877
2526.000000	0.000554
2528.000000	-0.008678
2530.000000	0.005155
2532.000000	0.025254
2534.000000	0.025028
2536.000000	0.021706
2538.000000	0.022701
2540.000000	0.009635
2542.000000	-0.011277
2544.000000	0.018466
2546.000000	0.026207
2548.000000	0.015076
2550.000000	0.022443
2552.000000	0.018519
2554.000000	0.009092
2556.000000	-0.009994
2558.000000	-0.010552
2560.000000	0.015647
2562.000000	0.025101
2564.000000	-0.004580
2566.000000	-0.007801
2568.000000	0.002067
2570.000000	0.005401
2572.000000	0.005417
2574.000000	-0.010468
2576.000000	0.022392
2578.000000	0.020572
2580.000000	-0.003330
2582.000000	-0.001588
2584.000000	-0.020604
2586.000000	0.019951
2588.000000	0.022071
2590.000000	0.020424
2592.000000	0.030676
2594.000000	-0.011596
2596.000000	0.013286
2598.000000	0.014805
2600.000000	0.006547
2602.000000	0.010230
2604.000000	0.005005
2606.000000	0.015681
2608.000000	0.009407
2610.000000	0.007756
2612.000000	0.015494
2614.000000	0.020656
2616.000000	0.028326
2618.000000	0.025723
2620.000000	0.002749
2622.000000	0.001733
2624.000000	0.007395
2626.000000	-0.014192
2628.000000	0.004473
2630.000000	0.018657
2632.000000	0.002298
2634.000000	0.000483
2636.000000	0.015571
2638.000000	-0.006907
2640.000000	0.001982
2642.000000	0.006212
2644.000000	-0.007656
2646.000000	-0.012638
2648.000000	-0.002893
2650.000000	-0.001679
2652.000000	0.010712
2654.000000	0.011812
2656.000000	0.006353
2658.000000	0.016062
2660.000000	0.027004
2662.000000	0.016458
2664.000000	0.007695
2666.000000	0.017327
2668.000000	0.037346
2670.000000	0.036427
2672.000000	0.005870
2674.000000	0.022775
2676.000000	-0.006399
2678.000000	-0.020384
2680.000000	0.009305
2682.000000	-0.005972
2684.000000	0.004218
2686.000000	0.017327
2688.000000	0.013064
2690.000000	-0.002839
2692.000000	-0.009352
2694.000000	0.000402
2696.000000	-0.001740
2698.000000	0.018157
2700.000000	0.003235
2702.000000	-0.011579
2704.000000	0.020021
2706.000000	0.009305
2708.000000	0.022846
2710.000000	0.010424
2712.000000	-0.003949
2714.000000	0.007918
2716.000000	0.018261
2718.000000	0.024827
2720.000000	0.009327
2722.000000	0.004117
2724.000000	-0.003876
2726.000000	-0.008661
2728.000000	0.021352
2730.000000	0.034924
2732.000000	0.019551
2734.000000	0.005125
2736.000000	0.025294
2738.000000	0.046132
2740.000000	0.023684
2742.000000	0.021944
2744.000000	0.018641
2746.000000	0.028179
2748.000000	0.006486
2750.000000	-0.027578
2752.000000	0.010733
2754.000000	0.018657
2756.000000	-0.001984
2758.000000	0.015220
2760.000000	0.033004
2762.000000	0.014572
2764.000000	0.007628
2766.000000	-0.002117
2768.000000	0.021004
2770.000000	0.010908
2772.000000	-0.010492
2774.000000	0.008509
2776.000000	0.016838
2778.000000	-0.009498
2780.000000	-0.019508
2782.000000	-0.022773
2784.000000	-0.017293
2786.000000	0.005641
2788.000000	0.016480
2790.000000	-0.003438
2792.000000	-0.021358
2794.000000	-0.024049
2796.000000	-0.020148
2798.000000	-0.008556
2800.000000	0.001548
2802.000000	-0.020335
2804.000000	-0.007212
2806.000000	0.004084
2808.000000	-0.009517
2810.000000	-0.015884
2812.000000	-0.008136
2814.000000	-0.018812
2816.000000	-0.008565
2818.000000	-0.004745
2820.000000	-0.011140
2822.000000	-0.014383
2824.000000	-0.018233
2826.000000	-0.026075
2828.000000	-0.021807
2830.000000	0.020118
2832.000000	0.020617
2834.000000	0.005837
2836.000000	0.015248
2838.000000	-0.002158
2840.000000	0.030744
2842.000000	0.041166
2844.000000	0.035198
2846.000000	0.059666
2848.000000	0.096610
2850.000000	0.113232
2852.000000	0.136457
2854.000000	0.134277
2856.000000	0.176848
2858.000000	0.252732
2860.000000	0.258473
2862.000000	0.225209
2864.000000	0.282816
2866.000000	0.292017
2868.000000	0.332350
2870.000000	0.390834
2872.000000	0.440106
2874.000000	0.475926
2876.000000	0.492328
2878.000000	0.514515
2880.000000	0.489815
2882.000000	0.479325
2884.000000	0.487041
2886.000000	0.487043
2888.000000	0.495405
2890.000000	0.517082
2892.000000	0.517803
2894.000000	0.542099
2896.000000	0.562358
2898.000000	0.571132
2900.000000	0.592099
2902.000000	0.627685
2904.000000	0.660990
2906.000000	0.656731
2908.000000	0.665090
2910.000000	0.727694
2912.000000	0.758701
2914.000000	0.738643
2916.000000	0.768851
2918.000000	0.808564
2920.000000	0.889992
2922.000000	0.904981
2924.000000	0.943590
2926.000000	0.993181
2928.000000	0.974138
2930.000000	0.989486
2932.000000	0.986944
2934.000000	0.987509
2936.000000	0.996942
2938.000000	1.000000
2940.000000	0.970991
2942.000000	0.924774
2944.000000	0.912405
2946.000000	0.885659
2948.000000	0.805973
2950.000000	0.767093
2952.000000	0.744965
2954.000000	0.704498
2956.000000	0.681488
2958.000000	0.659843
2960.000000	0.658962
2962.000000	0.643210
2964.000000	0.645609
2966.000000	0.650963
2968.000000	0.598773
2970.000000	0.532645
2972.000000	0.540269
2974.000000	0.514789
2976.000000	0.521372
2978.000000	0.462080
2980.000000	0.397389
2982.000000	0.411749
2984.000000	0.424769
2986.000000	0.388819
2988.000000	0.353789
2990.000000	0.320647
2992.000000	0.302488
2994.000000	0.270998
2996.000000	0.221217
2998.000000	0.186394
3000.000000	0.169322
3002.000000	0.160232
3004.000000	0.144157
3006.000000	0.117864
3008.000000	0.088012
3010.000000	0.076162
3012.000000	0.068430
3014.000000	0.047515
3016.000000	0.063473
3018.000000	0.053105
3020.000000	0.042881
3022.000000	0.013923
3024.000000	-0.001397
3026.000000	0.018299
3028.000000	0.010451
3030.000000	-0.026711
3032.000000	-0.011749
3034.000000	-0.000772
3036.000000	-0.011222
3038.000000	0.006093
3040.000000	0.022160
3042.000000	0.006425
3044.000000	0.013974
3046.000000	0.016928
3048.000000	0.020886
3050.000000	0.022206
3052.000000	0.002488
3054.000000	0.001170
3056.000000	0.029406
3058.000000	0.045247
3060.000000	0.063115
3062.000000	0.083326
3064.000000	0.050917
3066.000000	0.050048
3068.000000	0.047325
3070.000000	0.052597
3072.000000	0.061832
3074.000000	0.014689
3076.000000	0.015551
3078.000000	-0.011083
3080.000000	-0.003487
3082.000000	0.001082
3084.000000	0.000092
3086.000000	-0.007533
3088.000000	-0.019372
3090.000000	-0.005978
3092.000000	-0.019745
3094.000000	-0.005502
3096.000000	-0.032432
3098.000000	-0.032573
3100.000000	0.000448
3102.000000	-0.011225
3104.000000	-0.039518
3106.000000	-0.012631
3108.000000	0.000230
3110.000000	-0.001219
3112.000000	-0.008035
3114.000000	0.016754
3116.000000	0.008098
3118.000000	-0.017338
3120.000000	0.008356
3122.000000	0.012420
3124.000000	-0.013136
3126.000000	0.022103
3128.000000	0.016590
3130.000000	-0.007022
3132.000000	-0.004702
3134.000000	0.007112
3136.000000	0.001267
3138.000000	-0.017601
3140.000000	-0.018591
3142.000000	-0.015766
3144.000000	-0.016419
3146.000000	-0.001038
3148.000000	0.022929
3150.000000	0.026980
3152.000000	0.012352
3154.000000	-0.000846
3156.000000	-0.009933
3158.000000	-0.005343
3160.000000	-0.007944
3162.000000	0.005015
3164.000000	0.013197
3166.000000	-0.012400
3168.000000	-0.022080
3170.000000	0.003741
3172.000000	0.010705
3174.000000	0.022542
3176.000000	0.004087
3178.000000	0.006468
3180.000000	-0.003217
3182.000000	-0.002630
3184.000000	-0.005321
3186.000000	-0.016385
3188.000000	0.007520
3190.000000	0.031035
3192.000000	0.027815
3194.000000	0.000875
3196.000000	-0.020990
3198.000000	0.022014
3200.000000	0.025893
3202.000000	-0.005910
3204.000000	0.007014
3206.000000	0.007911
3208.000000	0.002285
3210.000000	0.018974
3212.000000	0.035664
3214.000000	-0.001320
3216.000000	-0.008773
3218.000000	0.018111
3220.000000	0.027072
3222.000000	0.000706
3224.000000	-0.004596
3226.000000	0.003572
3228.000000	-0.003063
3230.000000	0.013615
3232.000000	0.015546
3234.000000	0.015880
3236.000000	0.004370
3238.000000	-0.014341
3240.000000	0.003903
3242.000000	0.018786
3244.000000	-0.015647
3246.000000	0.017036
3248.000000	0.013179
3250.000000	0.013265
3252.000000	0.027188
3254.000000	0.012300
3256.000000	0.018985
3258.000000	0.032359
3260.000000	0.018742
3262.000000	0.038470
3264.000000	0.038898
3266.000000	0.051849
3268.000000	0.032052
3270.000000	0.026879
3272.000000	0.030048
3274.000000	0.038509
3276.000000	0.063606
3278.000000	0.071376
3280.000000	0.057830
3282.000000	0.068164
3284.000000	0.063697
3286.000000	0.062494
3288.000000	0.068019
3290.000000	0.041814
3292.000000	0.058663
3294.000000	0.079445
3296.000000	0.070968
3298.000000	0.075323
3300.000000	0.064797
3302.000000	0.042333
3304.000000	0.075447
3306.000000	0.078212
3308.000000	0.060449
3310.000000	0.053326
3312.000000	0.061822
3314.000000	0.065190
3316.000000	0.071875
3318.000000	0.086430
3320.000000	0.070495
3322.000000	0.057441
3324.000000	0.056120
3326.000000	0.054799
3328.000000	0.070178
3330.000000	0.065245
3332.000000	0.083904
3334.000000	0.084506
3336.000000	0.075210
3338.000000	0.079741
3340.000000	0.060922
3342.000000	0.063795
3344.000000	0.082227
3346.000000	0.075066
3348.000000	0.068928
3350.000000	0.054753
3352.000000	0.055623
3354.000000	0.048347
3356.000000	0.031672
3358.000000	0.046820
3360.000000	0.068016
3362.000000	0.066840
3364.000000	0.062706
3366.000000	0.025858
3368.000000	0.045880
3370.000000	0.051834
3372.000000	0.066186
3374.000000	0.049337
3376.000000	0.076585
3378.000000	0.069910
3380.000000	0.042323
3382.000000	0.053771
3384.000000	0.052293
3386.000000	0.061474
3388.000000	0.057317
3390.000000	0.054907
3392.000000	0.024066
3394.000000	0.052843
3396.000000	0.034554
3398.000000	0.044237
3400.000000	0.038015
3402.000000	0.033607
3404.000000	0.035879
3406.000000	0.017265
3408.000000	0.032966
3410.000000	0.016860
3412.000000	0.014088
3414.000000	0.022750
3416.000000	0.025243
3418.000000	0.006482
3420.000000	0.017523
3422.000000	0.019014
3424.000000	-0.005454
3426.000000	-0.000352
3428.000000	0.024252
3430.000000	0.015478
3432.000000	0.012006
3434.000000	0.038933
3436.000000	0.029073
3438.000000	0.041397
3440.000000	-0.009792
3442.000000	0.004438
3444.000000	0.038044
3446.000000	0.027410
3448.000000	0.010673
3450.000000	0.001099
3452.000000	0.016921
3454.000000	0.040067
3456.000000	0.008878
3458.000000	-0.011118
3460.000000	0.024029
3462.000000	0.019867
3464.000000	0.029342
3466.000000	0.000235
3468.000000	0.013353
3470.000000	0.006853
3472.000000	-0.001668
3474.000000	0.016701
3476.000000	0.001829
3478.000000	-0.016168
3480.000000	-0.000610
3482.000000	0.000720
3484.000000	0.014016
3486.000000	0.020910
3488.000000	-0.011338
3490.000000	0.018933
3492.000000	0.023393
3494.000000	0.007413
3496.000000	0.013921
3498.000000	0.019073
3500.000000	0.009954
3502.000000	0.003365
3504.000000	-0.014464
3506.000000	0.000712
3508.000000	0.029874
3510.000000	-0.004758
3512.000000	-0.006515
3514.000000	0.007450
3516.000000	0.024809
3518.000000	0.015372
3520.000000	0.022517
3522.000000	0.013875
3524.000000	0.012801
3526.000000	-0.010297
3528.000000	-0.003931
3530.000000	-0.005029
3532.000000	-0.018313
3534.000000	-0.011017
3536.000000	-0.011766
3538.000000	-0.013307
3540.000000	0.008717
3542.000000	0.009855
3544.000000	0.010992
3546.000000	-0.013336
3548.000000	0.002046
3550.000000	0.008690
3552.000000	0.003720
3554.000000	-0.000565
3556.000000	0.011425
3558.000000	0.006782
3560.000000	-0.002586
3562.000000	0.008109
3564.000000	0.015238
3566.000000	0.012136
3568.000000	0.010438
3570.000000	-0.005211
3572.000000	-0.009908
3574.000000	0.014811
3576.000000	-0.024055
3578.000000	0.002683
3580.000000	-0.003799
3582.000000	-0.001344
3584.000000	-0.001849
3586.000000	0.007438
3588.000000	0.013006
3590.000000	-0.009623
3592.000000	-0.000007
3594.000000	0.002532
3596.000000	-0.008910
3598.000000	0.000565
3600.000000	0.003392
