610	2.0601306666666668
611	2.0626976666666668
612	2.0487853333333335
613	2.0203680000000004
614	1.9846453333333332
615	1.9517273333333334
616	1.930852
617	1.9263010000000003
618	1.9366186666666667
619	1.9519900000000003
620	1.9603546666666667
621	1.9529180000000002
622	1.9265173333333334
623	1.8876330000000003
624	1.8471466666666665
625	1.8165650000000002
626	1.8048886666666668
627	1.8147386666666665
628	1.8435963333333332
629	1.8832046666666666
630	1.9234526666666665
631	1.9557433333333334
632	1.9762356666666665
633	1.990318
634	2.005589666666667
635	2.025288
636	2.0469976666666665
637	2.0603013333333333
638	2.0553256666666666
639	2.0316573333333334
640	1.996417
641	1.964242
642	1.9493883333333333
643	1.9577483333333334
644	1.987668
645	2.0283943333333334
646	2.06559
647	2.085643
648	2.079886
649	2.050506
650	2.0068406666666667
651	1.9638423333333335
652	1.9344733333333335
653	1.9216503333333332
654	1.921481
655	1.9248243333333332
656	1.9248463333333334
657	1.9248996666666667
658	1.933354
659	1.9592926666666668
660	2.006596666666667
661	2.0665570000000004
662	2.1243279999999998
663	2.1640040000000003
664	2.1764733333333335
665	2.1690686666666665
666	2.156398
667	2.153129
668	2.168654666666667
669	2.200527666666667
670	2.240205
671	2.276606666666667
672	2.2991413333333335
673	2.300862333333334
674	2.281490333333333
675	2.252298
676	2.2261
677	2.2074146666666667
678	2.19286
679	2.1700856666666666
680	2.1296903333333335
681	2.077774333333333
682	2.027877
683	1.9943423333333332
684	1.9854483333333335
685	1.995302
686	2.0131110000000003
687	2.0308693333333334
688	2.0439426666666667
689	2.0520996666666664
690	2.057017666666667
691	2.0606003333333334
692	2.064161
693	2.0674306666666666
694	2.0680533333333333
695	2.0609203333333332
696	2.0443823333333335
697	2.027324
698	2.020681666666667
699	2.029075333333333
700	2.0505959999999996
701	2.0752293333333336
702	2.093268666666667
703	2.103342
704	2.1071150000000003
705	2.1045716666666667
706	2.094157666666667
707	2.073228
708	2.0418016666666667
709	2.0070093333333334
710	1.9778533333333335
711	1.9602829999999998
712	1.956562666666667
713	1.9639376666666666
714	1.979761
715	2.0060936666666667
716	2.0444423333333335
717	2.0899893333333335
718	2.134917
719	2.1714296666666666
720	2.195796
721	2.2132603333333334
722	2.230791
723	2.250455666666667
724	2.2716763333333336
725	2.293298
726	2.316114333333333
727	2.3455186666666665
728	2.386601
729	2.4391113333333334
730	2.500389
731	2.5678110000000003
732	2.639961
733	2.7175513333333337
734	2.7992673333333333
735	2.8776243333333333
736	2.9480570000000004
737	3.0191540000000003
738	3.1048623333333336
739	3.2171763333333327
740	3.3583903333333334
741	3.5111193333333333
742	3.6541793333333334
743	3.77733
744	3.8785093333333336
745	3.962669000000001
746	4.035045666666667
747	4.095168666666667
748	4.139785
749	4.165328666666667
750	4.169879000000001
751	4.155528666666667
752	4.127109
753	4.091707666666666
754	4.0555216666666665
755	4.019964333333333
756	3.9794986666666663
757	3.9176393333333333
758	3.817989
759	3.6759893333333333
760	3.4995056666666664
761	3.3128426666666666
762	3.1427899999999998
763	3.005306666666667
764	2.904078333333333
765	2.8259183333333326
766	2.7544049999999998
767	2.682338
768	2.6116793333333335
769	2.555032333333333
770	2.5221196666666663
771	2.505821
772	2.492069
773	2.4687376666666667
774	2.4324553333333334
775	2.3970306666666668
776	2.3786419999999997
777	2.3817346666666666
778	2.4030663333333333
779	2.434051333333333
780	2.4657280000000004
781	2.4927599999999996
782	2.510746333333333
783	2.514335
784	2.5033366666666668
785	2.4902996666666666
786	2.4884896666666667
787	2.4994796666666663
788	2.5154873333333327
789	2.520005
790	2.501186
791	2.4660203333333337
792	2.428171
793	2.397034333333334
794	2.3740976666666667
795	2.348198
796	2.308850666666667
797	2.259462666666667
798	2.20928
799	2.1663936666666666
800	2.1351400000000003
801	2.113134666666667
802	2.0968953333333333
803	2.086521
804	2.080668666666667
805	2.071024
806	2.049329
807	2.0152720000000004
808	1.976821666666667
809	1.9522713333333335
810	1.957073
811	1.989875
812	2.0404763333333333
813	2.095586
814	2.1449393333333333
815	2.1874273333333334
816	2.224835666666667
817	2.2566770000000003
818	2.282483
819	2.3047273333333336
820	2.328065
821	2.358693
822	2.3993603333333335
823	2.4435496666666667
824	2.4827723333333336
825	2.513605333333333
826	2.5377913333333333
827	2.5628946666666668
828	2.5924376666666666
829	2.6154223333333335
830	2.6187183333333333
831	2.5995056666666665
832	2.563533333333333
833	2.5251103333333336
834	2.497227
835	2.481733666666667
836	2.474828333333333
837	2.4711556666666668
838	2.466728666666667
839	2.4615293333333335
840	2.455853
841	2.4468820000000004
842	2.431687
843	2.410667666666667
844	2.3877756666666667
845	2.371351
846	2.367814666666667
847	2.3749029999999998
848	2.3870876666666665
849	2.4002083333333335
850	2.412326666666667
851	2.4246603333333336
852	2.437907666666667
853	2.4485873333333332
854	2.4521796666666664
855	2.446388
856	2.432490666666667
857	2.4176233333333332
858	2.410171666666666
859	2.4152476666666667
860	2.4323380000000006
861	2.451643333333333
862	2.4625843333333335
863	2.4621513333333334
864	2.4529286666666668
865	2.4422243333333333
866	2.4354666666666662
867	2.4294409999999997
868	2.4175643333333334
869	2.394434
870	2.3571676666666668
871	2.3074316666666665
872	2.2504633333333333
873	2.195432333333333
874	2.152366333333333
875	2.129325333333333
876	2.1308830000000003
877	2.1550100000000003
878	2.192891
879	2.2268416666666666
880	2.240997
881	2.232781333333333
882	2.209047
883	2.184434333333334
884	2.170726333333333
885	2.166190666666667
886	2.1653666666666664
887	2.167904666666667
888	2.1762156666666668
889	2.1932826666666667
890	2.2216826666666667
891	2.262548666666667
892	2.314657
893	2.3723723333333337
894	2.4260906666666666
895	2.461729666666667
896	2.467994666666667
897	2.4450913333333335
898	2.4032106666666664
899	2.363595666666667
900	2.3453296666666663
901	2.351604
902	2.375748
903	2.4049383333333334
904	2.4295823333333333
905	2.4526829999999995
906	2.4803483333333336
907	2.513103333333333
908	2.5483196666666665
909	2.582225
910	2.610674333333333
911	2.6297566666666667
912	2.637909333333333
913	2.639067333333333
914	2.6408846666666665
915	2.6537306666666662
916	2.6840379999999997
917	2.726379333333333
918	2.7689946666666665
919	2.7979876666666668
920	2.805188
921	2.7973030000000003
922	2.7860336666666665
923	2.7794073333333333
924	2.7793193333333335
925	2.778055333333333
926	2.7669703333333335
927	2.7445709999999996
928	2.7126186666666663
929	2.6730853333333333
930	2.629267333333333
931	2.587550333333333
932	2.553772333333333
933	2.5293356666666664
934	2.5135396666666665
935	2.5052630000000002
936	2.5031463333333335
937	2.5054403333333335
938	2.5106023333333334
939	2.5181113333333336
940	2.5292923333333333
941	2.5482373333333332
942	2.5761269999999996
943	2.6047713333333333
944	2.6238996666666665
945	2.628313666666667
946	2.6188556666666667
947	2.6048926666666663
948	2.5979650000000003
949	2.6060960000000004
950	2.6323426666666667
951	2.6718743333333332
952	2.7159880000000003
953	2.7547159999999997
954	2.779640333333333
955	2.787135333333333
956	2.7778326666666664
957	2.757402
958	2.7320160000000002
959	2.7041686666666664
960	2.67403
961	2.640608666666666
962	2.6056346666666665
963	2.5777289999999997
964	2.5648006666666663
965	2.566057333333333
966	2.576453
967	2.5903286666666667
968	2.604856
969	2.6236213333333334
970	2.649940333333334
971	2.680283666666667
972	2.7096963333333335
973	2.7371263333333333
974	2.7639766666666663
975	2.7928743333333337
976	2.8247496666666665
977	2.855856666666667
978	2.882857
979	2.908023
980	2.9353346666666664
981	2.9667286666666666
982	3.0013596666666666
983	3.034667333333333
984	3.064209999999999
985	3.0958410000000005
986	3.136484666666666
987	3.186747
988	3.241508666666667
989	3.2896333333333336
990	3.323128333333333
991	3.3471556666666666
992	3.3729329999999997
993	3.4117759999999997
994	3.468612666666666
995	3.5343426666666664
996	3.5971623333333334
997	3.653099666666667
998	3.703595333333333
999	3.7537746666666667
1000	3.8060766666666668
1001	3.853568
1002	3.8867089999999997
1003	3.8995416666666665
1004	3.889298
1005	3.856913333333333
1006	3.8066916666666666
1007	3.747317
1008	3.6881076666666663
1009	3.6350076666666666
1010	3.586997
1011	3.5308773333333328
1012	3.453532333333334
1013	3.354512333333333
1014	3.2426500000000003
1015	3.1346519999999995
1016	3.0442663333333333
1017	2.9711009999999995
1018	2.9084253333333336
1019	2.8494403333333334
1020	2.790605333333333
1021	2.735175
1022	2.6878486666666666
1023	2.6501119999999996
1024	2.622849333333333
1025	2.6086603333333334
1026	2.607619
1027	2.6117443333333337
1028	2.6085396666666663
1029	2.584512666666667
1030	2.5376813333333335
1031	2.4926513333333333
1032	2.4761816666666663
1033	2.492524333333333
1034	2.528322
1035	2.554308
1036	2.5486463333333327
1037	2.5213126666666668
1038	2.493317
1039	2.4784103333333336
1040	2.480594
1041	2.490628
1042	2.499502666666667
1043	2.5111386666666666
1044	2.532334333333333
1045	2.5627733333333333
1046	2.5964046666666665
1047	2.6224080000000005
1048	2.6350646666666666
1049	2.644237
1050	2.6600226666666664
1051	2.677559
1052	2.6874466666666668
1053	2.6863829999999997
1054	2.681364666666666
1055	2.6954263333333337
1056	2.7475666666666667
1057	2.8313953333333335
1058	2.9277159999999998
1059	3.0143459999999997
1060	3.0763626666666672
1061	3.1172026666666666
1062	3.1452133333333334
1063	3.162202333333333
1064	3.1686446666666668
1065	3.1695566666666672
1066	3.172743666666667
1067	3.187316
1068	3.219996333333334
1069	3.271120333333333
1070	3.3403460000000003
1071	3.4312279999999995
1072	3.541831666666667
1073	3.653297333333333
1074	3.7418746666666665
1075	3.7905436666666663
1076	3.7941823333333335
1077	3.7678943333333335
1078	3.733209333333333
1079	3.7065810000000003
1080	3.6981063333333335
1081	3.7087593333333335
1082	3.7338370000000003
1083	3.7640013333333333
1084	3.788320333333333
1085	3.7967946666666665
1086	3.784175333333333
1087	3.755307
1088	3.719284
1089	3.684547333333333
1090	3.6537953333333335
1091	3.6181136666666665
1092	3.5695903333333336
1093	3.5139096666666667
1094	3.4604359999999996
1095	3.4128696666666665
1096	3.371189333333333
1097	3.33331
1098	3.298680333333333
1099	3.271586666666667
1100	3.254753
1101	3.2427629999999996
1102	3.2304886666666666
1103	3.2218076666666664
1104	3.2240553333333333
1105	3.2430653333333335
1106	3.2822856666666667
1107	3.3409846666666665
1108	3.412516333333333
1109	3.480833
1110	3.530078333333333
1111	3.554832
1112	3.560331666666666
1113	3.565553
1114	3.5906346666666664
1115	3.6447259999999995
1116	3.7272113333333334
1117	3.826663
1118	3.931685
1119	4.040929333333334
1120	4.155970666666667
1121	4.274323999999999
1122	4.388685000000001
1123	4.485358
1124	4.550704666666667
1125	4.577953666666667
1126	4.567812
1127	4.531671333333333
1128	4.486633666666666
1129	4.452231333333333
1130	4.4425696666666665
1131	4.456345666666666
1132	4.480380333333334
1133	4.489969666666666
1134	4.464155
1135	4.401691333333333
1136	4.311358
1137	4.204458
1138	4.086012333333334
1139	3.9458579999999994
1140	3.775462333333334
1141	3.5855723333333325
1142	3.396394
1143	3.2298519999999997
1144	3.103705666666667
1145	3.0244773333333335
1146	2.9877686666666667
1147	2.9748020000000004
1148	2.9623213333333336
1149	2.9313426666666667
1150	2.8733483333333334
1151	2.799462666666667
1152	2.7279826666666667
1153	2.674243666666667
1154	2.6472659999999997
1155	2.644771333333334
1156	2.656735
1157	2.6669189999999996
1158	2.6646680000000003
1159	2.658072333333333
1160	2.6627883333333333
1161	2.692034
1162	2.747872
1163	2.8102893333333334
1164	2.8565923333333334
1165	2.8801066666666664
1166	2.885347666666667
1167	2.885209333333333
1168	2.8892946666666672
1169	2.8921763333333335
1170	2.883453666666667
1171	2.856895666666667
1172	2.812394333333333
1173	2.7590640000000004
1174	2.7080410000000006
1175	2.6662156666666674
1176	2.6377923333333335
1177	2.624807666666667
1178	2.624258
1179	2.6231023333333336
1180	2.603950666666667
1181	2.550616333333334
1182	2.4593313333333335
1183	2.3531533333333337
1184	2.259898666666667
1185	2.1911366666666665
1186	2.144619666666667
1187	2.104417333333333
1188	2.058694
1189	2.017367666666667
1190	1.994739
1191	1.9927896666666667
1192	2.005726
1193	2.023282
1194	2.036172666666667
1195	2.0413836666666665
1196	2.0401173333333333
1197	2.0372613333333334
1198	2.040203
1199	2.0583473333333333
1200	2.0973086666666667
1201	2.1518829999999998
1202	2.212044
1203	2.2679286666666667
1204	2.3150116666666665
1205	2.360265333333333
1206	2.412741
1207	2.4747543333333333
1208	2.544042333333333
1209	2.615057333333333
1210	2.6824233333333334
1211	2.7440553333333337
1212	2.7993533333333334
1213	2.847895666666666
1214	2.890147
1215	2.928583333333333
1216	2.9659186666666666
1217	3.0034119999999995
1218	3.0417280000000004
1219	3.081868
1220	3.1263673333333335
1221	3.180425333333333
1222	3.246256
1223	3.316351
1224	3.378923
1225	3.4226033333333334
1226	3.4415286666666667
1227	3.441757
1228	3.4330623333333334
1229	3.4222266666666665
1230	3.4149226666666666
1231	3.4172416666666665
1232	3.4309153333333335
1233	3.446920666666667
1234	3.4531353333333334
1235	3.4418536666666664
1236	3.4147203333333334
1237	3.3891833333333334
1238	3.3791303333333333
1239	3.374880666666667
1240	3.3593083333333333
1241	3.323011666666667
1242	3.2674190000000003
1243	3.2094660000000004
1244	3.164431666666667
1245	3.128978
1246	3.093949333333333
1247	3.056115
1248	3.0172743333333334
1249	2.983533333333333
1250	2.958284
1251	2.935139
1252	2.9078420000000005
1253	2.880327666666667
1254	2.860171666666666
1255	2.8519390000000002
1256	2.851923333333333
1257	2.841698666666667
1258	2.806165333333333
1259	2.7526193333333326
1260	2.6980923333333333
1261	2.6587316666666667
1262	2.6440460000000003
1263	2.6502513333333333
1264	2.669732
1265	2.698852333333333
1266	2.7348870000000005
1267	2.772695333333333
1268	2.8068960000000005
1269	2.8342539999999996
1270	2.852591666666667
1271	2.8600386666666666
1272	2.855281666666667
1273	2.838511333333333
1274	2.8131053333333336
1275	2.788137
1276	2.7721846666666665
1277	2.7669669999999993
1278	2.770576
1279	2.7798626666666664
1280	2.792647
1281	2.8094319999999993
1282	2.828498666666667
1283	2.8406189999999993
1284	2.837019333333333
1285	2.818131
1286	2.792088
1287	2.7750266666666668
1288	2.7816793333333334
1289	2.815927
1290	2.876538666666667
1291	2.961273333333333
1292	3.066623
1293	3.186649
1294	3.3159296666666664
1295	3.452679
1296	3.5968826666666667
1297	3.7487120000000003
1298	3.906621
1299	4.065048333333333
1300	4.216960666666667
1301	4.356379
1302	4.4818739999999995
1303	4.601230333333333
1304	4.724087333333333
1305	4.854543
1306	4.9882876666666665
1307	5.107671
1308	5.193634666666666
1309	5.237293666666666
1310	5.238239333333333
1311	5.205553666666667
1312	5.154436
1313	5.104543666666666
1314	5.068537999999999
1315	5.038861
1316	5.001655333333333
1317	4.949117666666666
1318	4.880512333333333
1319	4.804537666666667
1320	4.732933333333333
1321	4.675187
1322	4.636485666666666
1323	4.614409
1324	4.601989666666666
1325	4.589586
1326	4.571356
1327	4.552623333333333
1328	4.542659333333334
1329	4.548532
1330	4.574138666666667
1331	4.618100666666667
1332	4.672435
1333	4.719621
1334	4.745762666666667
1335	4.754794
1336	4.758402333333334
1337	4.7673820000000005
1338	4.784888333333334
1339	4.798330333333333
1340	4.791769666666666
1341	4.75744
1342	4.694878
1343	4.612038666666667
1344	4.521503
1345	4.438304666666667
1346	4.373913666666667
1347	4.329175666666667
1348	4.2991633333333334
1349	4.276144
1350	4.252484666666667
1351	4.223660666666667
1352	4.191594
1353	4.169205000000001
1354	4.166275333333333
1355	4.174126
1356	4.1746273333333335
1357	4.148417666666667
1358	4.091997
1359	4.037778666666667
1360	4.019793666666667
1361	4.039383666666667
1362	4.078902666666667
1363	4.111713
1364	4.118128666666667
1365	4.101458
1366	4.0711189999999995
1367	4.027705
1368	3.9684280000000003
1369	3.893204
1370	3.807902
1371	3.728035666666666
1372	3.6642166666666665
1373	3.606722666666667
1374	3.5426329999999995
1375	3.4728963333333334
1376	3.40929
1377	3.3721206666666665
1378	3.3693049999999998
1379	3.373275666666667
1380	3.3531896666666663
1381	3.3069456666666666
1382	3.250029333333333
1383	3.2071336666666665
1384	3.193413666666667
1385	3.195057666666666
1386	3.1943606666666664
1387	3.19367
1388	3.203698333333333
1389	3.232147333333333
1390	3.2764256666666665
1391	3.3150423333333334
1392	3.32826
1393	3.318984
1394	3.298898666666667
1395	3.2761673333333334
1396	3.252241333333333
1397	3.2182730000000004
1398	3.166988333333333
1399	3.104558
1400	3.0407969999999995
1401	2.9798813333333336
1402	2.9213326666666664
1403	2.8604246666666664
1404	2.7935749999999997
1405	2.723572666666666
1406	2.6544119999999998
1407	2.586355666666666
1408	2.518207
1409	2.449746
1410	2.384043
1411	2.3300786666666666
1412	2.294391
1413	2.271990333333333
1414	2.253814333333333
1415	2.233608333333333
1416	2.211311
1417	2.1975103333333337
1418	2.203219333333333
1419	2.2298436666666666
1420	2.2734199999999998
1421	2.3274856666666666
1422	2.3851856666666666
1423	2.440909
1424	2.491657
1425	2.5391443333333332
1426	2.5863883333333337
1427	2.6347406666666666
1428	2.684118666666667
1429	2.733009
1430	2.7797943333333333
1431	2.824066333333333
1432	2.8670686666666665
1433	2.912588
1434	2.9650100000000004
1435	3.0274520000000003
1436	3.1010039999999996
1437	3.1833280000000004
1438	3.2705390000000003
1439	3.3584720000000003
1440	3.4433033333333336
1441	3.5222033333333336
1442	3.593581666666667
1443	3.6578323333333334
1444	3.716702
1445	3.7732390000000002
1446	3.8313093333333335
1447	3.895400333333333
1448	3.969416333333333
1449	4.0549376666666666
1450	4.149749666666667
1451	4.245098666666666
1452	4.330393333333333
1453	4.397265666666667
1454	4.4397606666666665
1455	4.455231
1456	4.443674666666666
1457	4.408325
1458	4.354804666666666
1459	4.2912316666666666
1460	4.225918999999999
1461	4.165114999999999
1462	4.112515
1463	4.067981333333333
1464	4.029735
1465	3.9956353333333334
1466	3.9618453333333337
1467	3.9207756666666667
1468	3.8637793333333335
1469	3.7841693333333333
1470	3.6813203333333333
1471	3.5666886666666664
1472	3.4556819999999995
1473	3.360692
1474	3.289210333333333
1475	3.2402379999999997
1476	3.2047016666666663
1477	3.1639866666666667
1478	3.1051326666666665
1479	3.037354333333333
1480	2.9768939999999997
1481	2.9332476666666665
1482	2.906922333333333
1483	2.8855983333333333
1484	2.854915666666667
1485	2.808360333333333
1486	2.745131333333333
1487	2.6695106666666666
1488	2.588348
1489	2.5096149999999997
1490	2.438931333333333
1491	2.3754126666666666
1492	2.3148589999999998
1493	2.252068
1494	2.183760333333333
1495	2.112315
1496	2.0460893333333336
1497	2.0004736666666667
1498	1.9829616666666667
1499	1.976201
1500	1.9566053333333333
1501	1.9120303333333335
1502	1.843254
1503	1.7681419999999999
1504	1.7065693333333334
1505	1.6665443333333332
1506	1.648862
1507	1.6499970000000002
1508	1.6648850000000002
1509	1.6886556666666668
1510	1.7185103333333334
1511	1.7558006666666666
1512	1.8010440000000003
1513	1.8488093333333333
1514	1.8924226666666666
1515	1.9286763333333337
1516	1.9578476666666669
1517	1.9844836666666668
1518	2.01359
1519	2.0471466666666664
1520	2.0854706666666667
1521	2.128093
1522	2.1737503333333335
1523	2.2198443333333335
1524	2.262926333333333
1525	2.2991870000000003
1526	2.3274413333333333
1527	2.3528453333333337
1528	2.3820726666666663
1529	2.4184346666666667
1530	2.459121
1531	2.4915803333333333
1532	2.507097
1533	2.515286
1534	2.5315076666666663
1535	2.5652093333333332
1536	2.6179463333333333
1537	2.680096666666667
1538	2.7416799999999997
1539	2.8024983333333333
1540	2.8655496666666664
1541	2.9310220000000005
1542	2.9976553333333333
1543	3.0644693333333333
1544	3.133113
1545	3.2103653333333337
1546	3.300406
1547	3.3963263333333336
1548	3.4876626666666666
1549	3.5674083333333333
1550	3.634109
1551	3.6948480000000004
1552	3.7562076666666666
1553	3.8153319999999997
1554	3.8655266666666663
1555	3.90126
1556	3.9202346666666665
1557	3.926533666666667
1558	3.930045333333333
1559	3.9472243333333332
1560	3.990240333333333
1561	4.054862
1562	4.129407333333333
1563	4.201601999999999
1564	4.261522333333333
1565	4.304926333333333
1566	4.33338
1567	4.356382333333333
1568	4.385421
1569	4.4288083333333335
1570	4.491322666666666
1571	4.573108666666666
1572	4.673502999999999
1573	4.794112
1574	4.935772999999999
1575	5.094671000000001
1576	5.262660666666666
1577	5.425769
1578	5.564923666666666
1579	5.656325666666666
1580	5.687871666666666
1581	5.679167666666666
1582	5.660198333333333
1583	5.652549666666667
1584	5.665648666666668
1585	5.690172333333333
1586	5.707947333333333
1587	5.699152
1588	5.6521479999999995
1589	5.575301666666666
1590	5.485261333333333
1591	5.397302333333333
1592	5.318340666666667
1593	5.2388346666666665
1594	5.148617
1595	5.052221333333334
1596	4.959543666666667
1597	4.877391333333334
1598	4.809352666666666
1599	4.755113
1600	4.7107763333333335
1601	4.667985000000001
1602	4.619026
1603	4.562289333333334
1604	4.501153666666667
1605	4.444444666666667
1606	4.402828333333333
1607	4.385322666666667
1608	4.3930929999999995
1609	4.410919666666667
1610	4.418650333333333
1611	4.401706333333333
1612	4.355560666666666
1613	4.292486
1614	4.227631333333334
1615	4.166360666666667
1616	4.108279
1617	4.050336000000001
1618	3.9907313333333336
1619	3.9326473333333336
1620	3.8811940000000003
1621	3.8406703333333336
1622	3.8127709999999997
1623	3.794201
1624	3.7801346666666666
1625	3.7672160000000003
1626	3.7539543333333336
1627	3.7414503333333333
1628	3.731097666666667
1629	3.7227086666666667
1630	3.716951
1631	3.7180490000000006
1632	3.730221666666667
1633	3.7536523333333336
1634	3.783775666666667
1635	3.8097863333333333
1636	3.823913333333333
1637	3.831437333333333
1638	3.8420843333333328
1639	3.862236333333333
1640	3.892624333333333
1641	3.925075333333333
1642	3.950443666666667
1643	3.966145666666667
1644	3.9738886666666664
1645	3.97839
1646	3.9846190000000004
1647	3.9954043333333336
1648	4.011591666666667
1649	4.031393333333334
1650	4.050090666666667
1651	4.058979
1652	4.051009333333333
1653	4.0272863333333335
1654	3.9953906666666668
1655	3.969203666666667
1656	3.9601333333333337
1657	3.9677793333333335
1658	3.985897333333334
1659	4.006705666666667
1660	4.023603666666666
1661	4.033804666666667
1662	4.037589333333333
1663	4.038356666666667
1664	4.038718
1665	4.036790333333333
1666	4.030888666666667
1667	4.024479
1668	4.023722333333334
1669	4.035204
1670	4.061714
1671	4.096890333333333
1672	4.130435666666666
1673	4.152149
1674	4.154232666666666
1675	4.1344
1676	4.096049333333333
1677	4.050027999999999
1678	4.006230333333333
1679	3.965313333333333
1680	3.925132
1681	3.886404666666667
1682	3.850329
1683	3.8158663333333336
1684	3.7813713333333334
1685	3.7456223333333334
1686	3.703622
1687	3.641863333333333
1688	3.550912
1689	3.4393346666666664
1690	3.3221476666666665
1691	3.2110016666666668
1692	3.1144426666666667
1693	3.037684
1694	2.98169
1695	2.9403889999999997
1696	2.9042950000000003
1697	2.8633643333333336
1698	2.8124969999999996
1699	2.7581160000000002
1700	2.708738
1701	2.666343
1702	2.630036333333333
1703	2.598937
1704	2.5694693333333336
1705	2.532286666666667
1706	2.4831829999999995
1707	2.4348046666666665
1708	2.398452333333333
1709	2.3658690000000004
1710	2.326197666666667
1711	2.282738
1712	2.2437283333333333
1713	2.213368
1714	2.190535333333333
1715	2.166824333333333
1716	2.134129
1717	2.0921753333333335
1718	2.045005333333333
1719	1.9985089999999999
1720	1.9580410000000001
1721	1.9262289999999997
1722	1.9040456666666665
1723	1.8914953333333333
1724	1.8894306666666667
1725	1.9009006666666668
1726	1.925255
1727	1.9516550000000001
1728	1.9711750000000001
1729	1.9892043333333334
1730	2.0134553333333334
1731	2.0421766666666668
1732	2.0687896666666665
1733	2.0860726666666665
1734	2.0906979999999997
1735	2.0883853333333335
1736	2.0869413333333333
1737	2.0897633333333334
1738	2.0959936666666668
1739	2.099789
1740	2.09483
1741	2.078447666666667
1742	2.050367666666667
1743	2.0121766666666665
1744	1.9670473333333331
1745	1.9202933333333334
1746	1.8783673333333333
1747	1.8478626666666667
1748	1.831633
1749	1.8240096666666665
1750	1.818519
1751	1.8149449999999998
1752	1.8132786666666667
1753	1.807637666666667
1754	1.79237
1755	1.7688483333333334
1756	1.7433563333333337
1757	1.7258846666666667
1758	1.7236566666666666
1759	1.7341496666666665
1760	1.7514563333333335
1761	1.7715653333333332
1762	1.791357
1763	1.8076396666666665
1764	1.8192313333333334
1765	1.8297496666666666
1766	1.8437443333333332
1767	1.8629106666666664
1768	1.8859276666666664
1769	1.9074426666666664
1770	1.9206436666666666
1771	1.9198896666666667
1772	1.90617
1773	1.8941656666666666
1774	1.8997806666666668
1775	1.927462
1776	1.971124
1777	2.0126053333333336
1778	2.0341386666666668
1779	2.0307176666666664
1780	2.006454
1781	1.9733206666666667
1782	1.9439336666666667
1783	1.9249903333333336
1784	1.9182286666666668
1785	1.919893
1786	1.9237043333333335
1787	1.9227986666666668
1788	1.9121986666666668
1789	1.8920136666666667
1790	1.8670440000000001
