400.000000	0.007709
402.000000	0.001828
404.000000	-0.004092
406.000000	-0.000697
408.000000	0.013767
410.000000	0.019991
412.000000	0.011365
414.000000	-0.001410
416.000000	-0.002644
418.000000	0.009319
420.000000	0.008391
422.000000	0.001102
424.000000	0.009682
426.000000	0.016624
428.000000	0.009869
430.000000	-0.001027
432.000000	-0.001169
434.000000	0.013146
436.000000	0.012578
438.000000	-0.002353
440.000000	-0.003985
442.000000	0.000794
444.000000	0.002296
446.000000	0.006167
448.000000	0.004899
450.000000	-0.009785
452.000000	-0.015893
454.000000	-0.008837
456.000000	-0.009787
458.000000	-0.017614
460.000000	-0.021636
462.000000	-0.014029
464.000000	-0.003191
466.000000	-0.004745
468.000000	-0.009008
470.000000	-0.011185
472.000000	-0.021392
474.000000	-0.026041
476.000000	-0.012793
478.000000	-0.007948
480.000000	-0.018198
482.000000	-0.025959
484.000000	-0.019362
486.000000	-0.000953
488.000000	0.007536
490.000000	0.006572
492.000000	0.008284
494.000000	0.013867
496.000000	0.016813
498.000000	0.008401
500.000000	0.003235
502.000000	0.011890
504.000000	0.020136
506.000000	0.020387
508.000000	0.011546
510.000000	-0.007414
512.000000	-0.023133
514.000000	-0.011919
516.000000	0.003017
518.000000	-0.001286
520.000000	-0.005547
522.000000	-0.004082
524.000000	-0.003460
526.000000	-0.003118
528.000000	0.002010
530.000000	0.017777
532.000000	0.031094
534.000000	0.029026
536.000000	0.017777
538.000000	0.009708
540.000000	0.013274
542.000000	0.011212
544.000000	0.002448
546.000000	0.009536
548.000000	0.016711
550.000000	0.008300
552.000000	0.006169
554.000000	0.014168
556.000000	0.019154
558.000000	0.009865
560.000000	-0.006063
562.000000	-0.003060
564.000000	0.010158
566.000000	0.016923
568.000000	0.015896
570.000000	0.010307
572.000000	0.004907
574.000000	0.003060
576.000000	0.005964
578.000000	0.011617
580.000000	0.011360
582.000000	0.002204
584.000000	-0.003921
586.000000	-0.003607
588.000000	0.000143
590.000000	0.005086
592.000000	0.007076
594.000000	0.001372
596.000000	-0.007991
598.000000	-0.013075
600.000000	-0.006130
602.000000	0.004665
604.000000	0.006976
606.000000	0.002103
608.000000	-0.004851
610.000000	-0.010459
612.000000	-0.024682
614.000000	-0.038218
616.000000	-0.017277
618.000000	0.005073
620.000000	-0.004493
622.000000	-0.007287
624.000000	0.001084
626.000000	0.001100
628.000000	0.007309
630.000000	0.013901
632.000000	-0.008166
634.000000	-0.028103
636.000000	-0.020709
638.000000	-0.010774
640.000000	-0.008190
642.000000	-0.008371
644.000000	-0.000874
646.000000	0.005108
648.000000	-0.008563
650.000000	-0.015168
652.000000	-0.006378
654.000000	-0.011704
656.000000	-0.019355
658.000000	-0.013245
660.000000	-0.008982
662.000000	-0.006543
664.000000	0.002246
666.000000	0.007904
668.000000	0.012379
670.000000	0.026672
672.000000	0.028583
674.000000	0.013519
676.000000	0.014332
678.000000	0.013734
680.000000	-0.006883
682.000000	-0.011689
684.000000	-0.006831
686.000000	-0.018680
688.000000	-0.017883
690.000000	-0.001714
692.000000	-0.002040
694.000000	-0.011671
696.000000	-0.014185
698.000000	-0.002999
700.000000	0.005346
702.000000	-0.000864
704.000000	0.001076
706.000000	0.006851
708.000000	-0.001950
710.000000	-0.012945
712.000000	-0.013436
714.000000	-0.001701
716.000000	0.002088
718.000000	-0.008706
720.000000	-0.011927
722.000000	0.005709
724.000000	0.036618
726.000000	0.044038
728.000000	0.030789
730.000000	0.020582
732.000000	0.012891
734.000000	0.003672
736.000000	-0.005659
738.000000	0.004856
740.000000	0.028147
742.000000	0.025591
744.000000	0.022149
746.000000	0.043216
748.000000	0.068441
750.000000	0.083346
752.000000	0.081771
754.000000	0.064044
756.000000	0.041549
758.000000	0.027390
760.000000	0.013911
762.000000	0.007149
764.000000	0.023549
766.000000	0.035842
768.000000	0.027174
770.000000	0.014745
772.000000	0.012987
774.000000	0.020680
776.000000	0.014355
778.000000	0.002305
780.000000	0.005432
782.000000	0.023516
784.000000	0.040667
786.000000	0.040046
788.000000	0.035413
790.000000	0.030251
792.000000	0.014132
794.000000	-0.003647
796.000000	-0.008781
798.000000	0.005566
800.000000	0.007698
802.000000	-0.015308
804.000000	-0.018672
806.000000	0.003556
808.000000	0.025963
810.000000	0.012215
812.000000	-0.009117
814.000000	0.008406
816.000000	0.019714
818.000000	0.009501
820.000000	0.002681
822.000000	0.007970
824.000000	0.015718
826.000000	0.009755
828.000000	0.025589
830.000000	0.063577
832.000000	0.047833
834.000000	0.032090
836.000000	0.025316
838.000000	0.018976
840.000000	0.007819
842.000000	-0.000168
844.000000	0.006758
846.000000	0.017323
848.000000	0.016505
850.000000	0.027806
852.000000	0.044172
854.000000	0.039970
856.000000	0.047774
858.000000	0.063117
860.000000	0.041264
862.000000	0.018613
864.000000	0.016310
866.000000	0.006305
868.000000	0.002477
870.000000	0.016929
872.000000	0.030091
874.000000	0.028784
876.000000	0.015787
878.000000	0.014186
880.000000	0.020831
882.000000	0.018239
884.000000	-0.001765
886.000000	-0.012430
888.000000	0.010882
890.000000	0.018275
892.000000	0.005024
894.000000	0.004280
896.000000	0.002660
898.000000	0.001153
900.000000	0.016186
902.000000	0.018704
904.000000	0.009826
906.000000	0.028794
908.000000	0.041929
910.000000	0.029018
912.000000	0.020258
914.000000	0.016914
916.000000	0.018839
918.000000	0.039113
920.000000	0.042297
922.000000	0.012113
924.000000	0.006819
926.000000	0.014836
928.000000	0.009314
930.000000	0.021595
932.000000	0.033357
934.000000	0.017772
936.000000	0.017399
938.000000	0.025469
940.000000	0.012968
942.000000	0.014441
944.000000	0.031142
946.000000	0.035131
948.000000	0.027961
950.000000	0.020574
952.000000	0.020935
954.000000	0.015884
956.000000	0.010576
958.000000	0.023814
960.000000	0.025668
962.000000	0.013232
964.000000	0.019638
966.000000	0.017527
968.000000	-0.004216
970.000000	-0.012294
972.000000	0.009389
974.000000	0.036126
976.000000	0.012587
978.000000	-0.005301
980.000000	0.019076
982.000000	0.028967
984.000000	0.028226
986.000000	0.029981
988.000000	0.016493
990.000000	0.009682
992.000000	0.028214
994.000000	0.047323
996.000000	0.049191
998.000000	0.044517
1000.000000	0.079513
1002.000000	0.083324
1004.000000	0.087135
1006.000000	0.062520
1008.000000	0.048211
1010.000000	0.033930
1012.000000	0.029747
1014.000000	0.029818
1016.000000	0.021123
1018.000000	0.004165
1020.000000	-0.000453
1022.000000	0.018953
1024.000000	0.022574
1026.000000	0.009595
1028.000000	0.007144
1030.000000	0.025006
1032.000000	0.024368
1034.000000	0.023731
1036.000000	0.015160
1038.000000	0.012932
1040.000000	-0.002675
1042.000000	-0.005626
1044.000000	0.003369
1046.000000	0.003114
1048.000000	-0.004437
1050.000000	-0.000744
1052.000000	0.024518
1054.000000	0.029445
1056.000000	0.013003
1058.000000	0.006171
1060.000000	0.008552
1062.000000	0.021653
1064.000000	0.043604
1066.000000	0.041863
1068.000000	0.026923
1070.000000	0.032695
1072.000000	0.036952
1074.000000	0.034219
1076.000000	0.038244
1078.000000	0.047872
1080.000000	0.055771
1082.000000	0.055665
1084.000000	0.052510
1086.000000	0.049808
1088.000000	0.050002
1090.000000	0.060930
1092.000000	0.076108
1094.000000	0.075609
1096.000000	0.040802
1098.000000	0.018940
1100.000000	0.060322
1102.000000	0.074854
1104.000000	0.051119
1106.000000	0.040563
1108.000000	0.041908
1110.000000	0.052467
1112.000000	0.065043
1114.000000	0.047021
1116.000000	0.026332
1118.000000	0.044813
1120.000000	0.060635
1122.000000	0.061288
1124.000000	0.063413
1126.000000	0.080409
1128.000000	0.102035
1130.000000	0.108327
1132.000000	0.092996
1134.000000	0.063559
1136.000000	0.036374
1138.000000	0.028022
1140.000000	0.022161
1142.000000	0.003987
1144.000000	-0.002724
1146.000000	-0.007545
1148.000000	-0.021405
1150.000000	-0.021608
1152.000000	-0.013059
1154.000000	-0.005873
1156.000000	0.006969
1158.000000	0.022966
1160.000000	0.028973
1162.000000	0.010858
1164.000000	0.008402
1166.000000	0.030211
1168.000000	0.019305
1170.000000	0.003208
1172.000000	0.011149
1174.000000	0.027238
1176.000000	0.027887
1178.000000	0.014603
1180.000000	0.013795
1182.000000	0.015794
1184.000000	0.012973
1186.000000	0.009088
1188.000000	-0.005359
1190.000000	-0.022112
1192.000000	-0.019791
1194.000000	-0.005212
1196.000000	0.009188
1198.000000	0.016061
1200.000000	0.021280
1202.000000	0.015885
1204.000000	-0.001222
1206.000000	0.021147
1208.000000	0.044121
1210.000000	0.018905
1212.000000	0.026503
1214.000000	0.060130
1216.000000	0.075475
1218.000000	0.082067
1220.000000	0.076852
1222.000000	0.069884
1224.000000	0.100041
1226.000000	0.116526
1228.000000	0.094165
1230.000000	0.096795
1232.000000	0.106979
1234.000000	0.099403
1236.000000	0.085222
1238.000000	0.087666
1240.000000	0.104116
1242.000000	0.107923
1244.000000	0.106751
1246.000000	0.102718
1248.000000	0.092342
1250.000000	0.099163
1252.000000	0.109744
1254.000000	0.095655
1256.000000	0.082340
1258.000000	0.086724
1260.000000	0.102621
1262.000000	0.102049
1264.000000	0.086508
1266.000000	0.073744
1268.000000	0.075048
1270.000000	0.082028
1272.000000	0.082375
1274.000000	0.074026
1276.000000	0.070895
1278.000000	0.077076
1280.000000	0.079078
1282.000000	0.073851
1284.000000	0.063290
1286.000000	0.054673
1288.000000	0.067851
1290.000000	0.093133
1292.000000	0.103793
1294.000000	0.104380
1296.000000	0.102635
1298.000000	0.107312
1300.000000	0.130453
1302.000000	0.152725
1304.000000	0.158703
1306.000000	0.169464
1308.000000	0.186479
1310.000000	0.199154
1312.000000	0.196412
1314.000000	0.178572
1316.000000	0.156607
1318.000000	0.144658
1320.000000	0.138399
1322.000000	0.136767
1324.000000	0.142859
1326.000000	0.149980
1328.000000	0.153308
1330.000000	0.155979
1332.000000	0.170405
1334.000000	0.181198
1336.000000	0.177135
1338.000000	0.179403
1340.000000	0.180407
1342.000000	0.168942
1344.000000	0.148007
1346.000000	0.122355
1348.000000	0.117642
1350.000000	0.152737
1352.000000	0.146219
1354.000000	0.107645
1356.000000	0.102440
1358.000000	0.096962
1360.000000	0.099251
1362.000000	0.122396
1364.000000	0.122884
1366.000000	0.110753
1368.000000	0.111139
1370.000000	0.123685
1372.000000	0.118262
1374.000000	0.088184
1376.000000	0.061748
1378.000000	0.057851
1380.000000	0.074930
1382.000000	0.093694
1384.000000	0.090483
1386.000000	0.077939
1388.000000	0.074492
1390.000000	0.066300
1392.000000	0.056244
1394.000000	0.055798
1396.000000	0.069449
1398.000000	0.073525
1400.000000	0.073111
1402.000000	0.089983
1404.000000	0.068686
1406.000000	0.041244
1408.000000	0.064615
1410.000000	0.063741
1412.000000	0.044385
1414.000000	0.040293
1416.000000	0.038758
1418.000000	0.054041
1420.000000	0.073831
1422.000000	0.053075
1424.000000	0.017611
1426.000000	0.014447
1428.000000	0.056605
1430.000000	0.066320
1432.000000	0.063663
1434.000000	0.087737
1436.000000	0.083473
1438.000000	0.087631
1440.000000	0.110947
1442.000000	0.093125
1444.000000	0.107822
1446.000000	0.156645
1448.000000	0.162731
1450.000000	0.152087
1452.000000	0.149257
1454.000000	0.154050
1456.000000	0.149101
1458.000000	0.133758
1460.000000	0.123579
1462.000000	0.136566
1464.000000	0.150885
1466.000000	0.135800
1468.000000	0.089124
1470.000000	0.079589
1472.000000	0.083163
1474.000000	0.060883
1476.000000	0.078478
1478.000000	0.095062
1480.000000	0.078258
1482.000000	0.072163
1484.000000	0.067657
1486.000000	0.059167
1488.000000	0.055305
1490.000000	0.049012
1492.000000	0.043397
1494.000000	0.035959
1496.000000	0.006467
1498.000000	-0.007788
1500.000000	-0.001861
1502.000000	-0.022092
1504.000000	-0.030952
1506.000000	-0.011866
1508.000000	0.008886
1510.000000	-0.004395
1512.000000	-0.022572
1514.000000	-0.017056
1516.000000	-0.015407
1518.000000	-0.021711
1520.000000	-0.022758
1522.000000	-0.009401
1524.000000	-0.008928
1526.000000	-0.009048
1528.000000	0.009264
1530.000000	0.014294
1532.000000	0.005338
1534.000000	-0.006731
1536.000000	-0.015710
1538.000000	-0.008248
1540.000000	0.003318
1542.000000	0.002057
1544.000000	0.016075
1546.000000	0.031533
1548.000000	0.032754
1550.000000	0.038468
1552.000000	0.040698
1554.000000	0.043781
1556.000000	0.059549
1558.000000	0.057902
1560.000000	0.050687
1562.000000	0.055899
1564.000000	0.051150
1566.000000	0.058879
1568.000000	0.081521
1570.000000	0.090998
1572.000000	0.108197
1574.000000	0.116673
1576.000000	0.101499
1578.000000	0.113532
1580.000000	0.129656
1582.000000	0.136117
1584.000000	0.157317
1586.000000	0.144334
1588.000000	0.117839
1590.000000	0.121394
1592.000000	0.101250
1594.000000	0.075008
1596.000000	0.067386
1598.000000	0.063446
1600.000000	0.072137
1602.000000	0.088509
1604.000000	0.093222
1606.000000	0.078924
1608.000000	0.072731
1610.000000	0.087632
1612.000000	0.097966
1614.000000	0.096561
1616.000000	0.083799
1618.000000	0.071110
1620.000000	0.086486
1622.000000	0.098775
1624.000000	0.082277
1626.000000	0.061794
1628.000000	0.056583
1630.000000	0.063010
1632.000000	0.067361
1634.000000	0.071415
1636.000000	0.069025
1638.000000	0.062186
1640.000000	0.068011
1642.000000	0.089773
1644.000000	0.108490
1646.000000	0.112459
1648.000000	0.132326
1650.000000	0.145081
1652.000000	0.136343
1654.000000	0.131435
1656.000000	0.129364
1658.000000	0.131676
1660.000000	0.137290
1662.000000	0.130977
1664.000000	0.139018
1666.000000	0.164441
1668.000000	0.170173
1670.000000	0.150865
1672.000000	0.133686
1674.000000	0.137144
1676.000000	0.137345
1678.000000	0.134969
1680.000000	0.132349
1682.000000	0.123081
1684.000000	0.104321
1686.000000	0.089223
1688.000000	0.083621
1690.000000	0.072608
1692.000000	0.064335
1694.000000	0.064464
1696.000000	0.067222
1698.000000	0.061604
1700.000000	0.042592
1702.000000	0.043248
1704.000000	0.043903
1706.000000	0.044558
1708.000000	0.045214
1710.000000	0.045869
1712.000000	0.046524
1714.000000	0.047180
1716.000000	0.004020
1718.000000	-0.013969
1720.000000	-0.016688
1722.000000	-0.005184
1724.000000	0.007280
1726.000000	0.004754
1728.000000	-0.004147
1730.000000	-0.006210
1732.000000	0.002940
1734.000000	0.012905
1736.000000	0.016137
1738.000000	0.005513
1740.000000	-0.015611
1742.000000	-0.006966
1744.000000	0.011713
1746.000000	0.011121
1748.000000	0.011408
1750.000000	-0.005652
1752.000000	-0.026437
1754.000000	-0.023023
1756.000000	-0.025882
1758.000000	-0.023904
1760.000000	-0.007800
1762.000000	0.001246
1764.000000	-0.011299
1766.000000	-0.018546
1768.000000	-0.004430
1770.000000	-0.004181
1772.000000	-0.003978
1774.000000	0.001432
1776.000000	0.003577
1778.000000	0.011976
1780.000000	0.014055
1782.000000	0.001547
1784.000000	-0.013627
1786.000000	-0.015395
1788.000000	-0.015021
1790.000000	-0.020730
1792.000000	-0.015902
1794.000000	-0.010731
1796.000000	-0.013189
1798.000000	-0.011754
1800.000000	-0.001563
1802.000000	0.008628
1804.000000	-0.020711
1806.000000	-0.003592
1808.000000	0.004904
1810.000000	0.013399
1812.000000	-0.017324
1814.000000	-0.022161
1816.000000	-0.017374
1818.000000	-0.009211
1820.000000	0.000843
1822.000000	-0.004405
1824.000000	-0.016233
1826.000000	-0.021055
1828.000000	-0.012589
1830.000000	0.003453
1832.000000	0.002772
1834.000000	-0.007897
1836.000000	-0.001483
1838.000000	-0.000115
1840.000000	0.001412
1842.000000	0.005215
1844.000000	-0.004614
1846.000000	-0.011320
1848.000000	-0.003900
1850.000000	0.007716
1852.000000	0.002244
1854.000000	-0.005379
1856.000000	-0.007132
1858.000000	-0.008195
1860.000000	-0.010293
1862.000000	0.001511
1864.000000	0.015034
1866.000000	0.007970
1868.000000	0.000120
1870.000000	-0.011131
1872.000000	-0.016796
1874.000000	-0.001400
1876.000000	0.002688
1878.000000	0.003580
1880.000000	0.009896
1882.000000	0.009970
1884.000000	0.022186
1886.000000	0.024123
1888.000000	0.006973
1890.000000	0.007503
1892.000000	0.004071
1894.000000	-0.005680
1896.000000	-0.007225
1898.000000	0.000000
1900.000000	0.006717
1902.000000	0.005434
1904.000000	-0.006326
1906.000000	-0.021567
1908.000000	-0.004289
1910.000000	0.010926
1912.000000	-0.012155
1914.000000	0.011920
1916.000000	0.016163
1918.000000	-0.002700
1920.000000	0.015858
1922.000000	-0.000220
1924.000000	-0.021449
1926.000000	-0.010239
1928.000000	0.010947
1930.000000	-0.002859
1932.000000	-0.010497
1934.000000	0.002711
1936.000000	-0.004122
1938.000000	-0.004227
1940.000000	0.001149
1942.000000	0.001485
1944.000000	-0.000741
1946.000000	-0.007517
1948.000000	-0.003905
1950.000000	0.008026
1952.000000	0.005707
1954.000000	0.013467
1956.000000	0.009243
1958.000000	-0.008257
1960.000000	0.009094
1962.000000	0.018316
1964.000000	0.004762
1966.000000	-0.007654
1968.000000	0.000922
1970.000000	-0.002440
1972.000000	-0.003404
1974.000000	0.016217
1976.000000	0.024781
1978.000000	0.001281
1980.000000	-0.015644
1982.000000	-0.004478
1984.000000	-0.006619
1986.000000	0.005930
1988.000000	0.019945
1990.000000	0.008700
1992.000000	-0.010475
1994.000000	-0.008171
1996.000000	0.006577
1998.000000	0.017364
2000.000000	0.025743
2002.000000	-0.004039
2004.000000	-0.017306
2006.000000	0.014271
2008.000000	0.012067
2010.000000	0.013827
2012.000000	0.008169
2014.000000	-0.011517
2016.000000	0.005587
2018.000000	0.019397
2020.000000	0.018831
2022.000000	0.012888
2024.000000	-0.002478
2026.000000	-0.016664
2028.000000	-0.014656
2030.000000	-0.000633
2032.000000	0.002548
2034.000000	-0.001055
2036.000000	-0.009896
2038.000000	-0.013491
2040.000000	0.003336
2042.000000	0.016605
2044.000000	0.014734
2046.000000	0.006183
2048.000000	0.005558
2050.000000	0.011849
2052.000000	0.017961
2054.000000	0.016203
2056.000000	0.003640
2058.000000	-0.009408
2060.000000	0.008796
2062.000000	0.033453
2064.000000	0.016913
2066.000000	0.006330
2068.000000	0.003932
2070.000000	0.008542
2072.000000	0.018253
2074.000000	0.002255
2076.000000	-0.008799
2078.000000	-0.007051
2080.000000	-0.008261
2082.000000	-0.004510
2084.000000	-0.000385
2086.000000	0.002106
2088.000000	0.008265
2090.000000	0.020017
2092.000000	0.015445
2094.000000	0.006886
2096.000000	0.004304
2098.000000	-0.008800
2100.000000	-0.005184
2102.000000	0.003324
2104.000000	0.003239
2106.000000	0.004215
2108.000000	-0.002855
2110.000000	0.014991
2112.000000	0.027543
2114.000000	-0.011731
2116.000000	0.000712
2118.000000	0.006394
2120.000000	-0.013632
2122.000000	-0.005554
2124.000000	0.020330
2126.000000	0.020125
2128.000000	0.009376
2130.000000	0.012112
2132.000000	-0.000223
2134.000000	0.008305
2136.000000	0.010639
2138.000000	-0.013746
2140.000000	-0.019496
2142.000000	-0.002403
2144.000000	0.014337
2146.000000	0.012205
2148.000000	-0.002219
2150.000000	-0.002754
2152.000000	0.007210
2154.000000	0.018560
2156.000000	0.016114
2158.000000	-0.018099
2160.000000	-0.002692
2162.000000	0.025528
2164.000000	-0.000161
2166.000000	-0.024858
2168.000000	-0.006843
2170.000000	0.016502
2172.000000	0.010763
2174.000000	0.002374
2176.000000	0.022869
2178.000000	0.037405
2180.000000	0.016771
2182.000000	-0.016317
2184.000000	-0.015218
2186.000000	-0.005418
2188.000000	-0.008623
2190.000000	-0.010127
2192.000000	0.009851
2194.000000	0.007575
2196.000000	0.004561
2198.000000	0.015247
2200.000000	0.007658
2202.000000	-0.001820
2204.000000	-0.001545
2206.000000	-0.001612
2208.000000	-0.006407
2210.000000	0.008420
2212.000000	0.015138
2214.000000	0.003997
2216.000000	-0.001678
2218.000000	0.011936
2220.000000	-0.004076
2222.000000	-0.007761
2224.000000	0.022259
2226.000000	0.038911
2228.000000	0.024738
2230.000000	0.002702
2232.000000	0.001838
2234.000000	0.020600
2236.000000	0.023410
2238.000000	0.008205
2240.000000	0.015361
2242.000000	0.035901
2244.000000	0.018183
2246.000000	0.004003
2248.000000	0.019199
2250.000000	0.032285
2252.000000	0.018598
2254.000000	0.017566
2256.000000	0.013634
2258.000000	0.008552
2260.000000	0.013049
2262.000000	0.018081
2264.000000	0.005089
2266.000000	0.002418
2268.000000	0.014316
2270.000000	0.014770
2272.000000	-0.001724
2274.000000	-0.009242
2276.000000	0.002384
2278.000000	0.015102
2280.000000	0.007514
2282.000000	-0.003332
2284.000000	0.011932
2286.000000	0.023626
2288.000000	0.007310
2290.000000	0.009242
2292.000000	-0.003633
2294.000000	-0.004729
2296.000000	0.009695
2298.000000	0.006765
2300.000000	0.026472
2302.000000	0.015568
2304.000000	0.001316
2306.000000	0.014100
2308.000000	-0.006413
2310.000000	-0.005492
2312.000000	0.014859
2314.000000	0.014649
2316.000000	-0.008397
2318.000000	-0.000947
2320.000000	0.016298
2322.000000	0.028535
2324.000000	0.022912
2326.000000	-0.004254
2328.000000	0.009594
2330.000000	0.013660
2332.000000	0.003458
2334.000000	0.010671
2336.000000	0.004602
2338.000000	-0.007181
2340.000000	-0.000223
2342.000000	0.015022
2344.000000	0.008674
2346.000000	-0.001902
2348.000000	0.013552
2350.000000	0.030475
2352.000000	0.024155
2354.000000	0.009560
2356.000000	-0.013240
2358.000000	-0.005733
2360.000000	0.009611
2362.000000	0.002828
2364.000000	0.010073
2366.000000	0.006709
2368.000000	0.014476
2370.000000	0.017442
2372.000000	-0.002039
2374.000000	0.021749
2376.000000	0.011647
2378.000000	-0.011318
2380.000000	-0.012557
2382.000000	-0.011223
2384.000000	0.009758
2386.000000	-0.002834
2388.000000	-0.013870
2390.000000	0.006989
2392.000000	0.007048
2394.000000	-0.002493
2396.000000	-0.019808
2398.000000	-0.010370
2400.000000	0.019029
2402.000000	-0.002233
2404.000000	-0.008602
2406.000000	0.000919
2408.000000	0.006806
2410.000000	0.001840
2412.000000	-0.015077
2414.000000	0.001311
2416.000000	0.017047
2418.000000	0.009705
2420.000000	-0.001459
2422.000000	-0.016773
2424.000000	-0.021495
2426.000000	-0.000013
2428.000000	0.016992
2430.000000	0.003937
2432.000000	0.015296
2434.000000	0.002986
2436.000000	-0.004573
2438.000000	0.007091
2440.000000	0.002449
2442.000000	0.015262
2444.000000	0.015551
2446.000000	0.015841
2448.000000	-0.002199
2450.000000	0.007051
2452.000000	-0.000976
2454.000000	-0.003156
2456.000000	0.003683
2458.000000	0.002170
2460.000000	-0.003783
2462.000000	0.006098
2464.000000	0.004891
2466.000000	-0.009966
2468.000000	-0.010909
2470.000000	0.010487
2472.000000	0.013269
2474.000000	-0.004143
2476.000000	-0.002405
2478.000000	0.008589
2480.000000	-0.005665
2482.000000	0.019256
2484.000000	-0.002312
2486.000000	-0.023598
2488.000000	0.004502
2490.000000	0.018570
2492.000000	0.018999
2494.000000	0.013912
2496.000000	0.000055
2498.000000	-0.005436
2500.000000	0.011070
2502.000000	0.003507
2504.000000	-0.005325
2506.000000	-0.003183
2508.000000	0.000312
2510.000000	0.000611
2512.000000	0.009665
2514.000000	0.011205
2516.000000	0.012744
2518.000000	0.014284
2520.000000	0.001876
2522.000000	-0.008510
2524.000000	0.009624
2526.000000	0.021764
2528.000000	0.017700
2530.000000	0.016715
2532.000000	0.004390
2534.000000	0.000913
2536.000000	0.014035
2538.000000	0.026930
2540.000000	0.022598
2542.000000	0.008741
2544.000000	0.002588
2546.000000	-0.015431
2548.000000	-0.008962
2550.000000	0.019419
2552.000000	0.004087
2554.000000	0.006996
2556.000000	0.001579
2558.000000	0.000219
2560.000000	0.016255
2562.000000	0.023754
2564.000000	0.024700
2566.000000	0.008438
2568.000000	0.002769
2570.000000	0.013644
2572.000000	0.014041
2574.000000	0.002335
2576.000000	-0.004478
2578.000000	0.007475
2580.000000	0.001408
2582.000000	-0.019849
2584.000000	0.012508
2586.000000	0.039193
2588.000000	0.041616
2590.000000	0.016694
2592.000000	-0.000580
2594.000000	0.016976
2596.000000	-0.000891
2598.000000	0.006261
2600.000000	0.023059
2602.000000	0.018179
2604.000000	0.002636
2606.000000	-0.013033
2608.000000	-0.009276
2610.000000	-0.000185
2612.000000	0.006418
2614.000000	0.009878
2616.000000	0.005812
2618.000000	0.004313
2620.000000	-0.011013
2622.000000	-0.027195
2624.000000	-0.019699
2626.000000	-0.000206
2628.000000	-0.000269
2630.000000	0.024964
2632.000000	0.024900
2634.000000	0.005693
2636.000000	-0.002467
2638.000000	-0.014563
2640.000000	0.021683
2642.000000	0.012405
2644.000000	0.001577
2646.000000	0.015912
2648.000000	-0.000671
2650.000000	-0.014657
2652.000000	-0.007203
2654.000000	0.011620
2656.000000	0.002926
2658.000000	-0.006996
2660.000000	0.027842
2662.000000	-0.001136
2664.000000	-0.014990
2666.000000	-0.018351
2668.000000	-0.007127
2670.000000	0.022995
2672.000000	-0.001189
2674.000000	0.002969
2676.000000	0.010366
2678.000000	0.006442
2680.000000	0.002661
2682.000000	-0.002983
2684.000000	-0.001728
2686.000000	0.013126
2688.000000	0.010397
2690.000000	-0.007795
2692.000000	-0.013745
2694.000000	-0.005081
2696.000000	0.006390
2698.000000	0.009925
2700.000000	0.007232
2702.000000	0.004405
2704.000000	0.006865
2706.000000	0.008631
2708.000000	-0.014276
2710.000000	-0.000723
2712.000000	0.030588
2714.000000	0.021295
2716.000000	-0.004894
2718.000000	0.016591
2720.000000	0.004361
2722.000000	-0.002606
2724.000000	0.002681
2726.000000	0.009102
2728.000000	0.028558
2730.000000	0.026606
2732.000000	-0.001805
2734.000000	0.008067
2736.000000	0.024905
2738.000000	0.013917
2740.000000	0.010909
2742.000000	-0.004586
2744.000000	-0.006619
2746.000000	-0.013023
2748.000000	-0.014917
2750.000000	0.003720
2752.000000	0.017869
2754.000000	0.013943
2756.000000	0.008232
2758.000000	-0.016505
2760.000000	-0.017412
2762.000000	0.008318
2764.000000	-0.009341
2766.000000	-0.017896
2768.000000	-0.002391
2770.000000	-0.002147
2772.000000	-0.006530
2774.000000	0.000134
2776.000000	-0.011827
2778.000000	-0.027610
2780.000000	-0.014153
2782.000000	-0.008880
2784.000000	-0.021374
2786.000000	-0.015363
2788.000000	0.003365
2790.000000	-0.018254
2792.000000	-0.010788
2794.000000	-0.002400
2796.000000	-0.012243
2798.000000	-0.022777
2800.000000	-0.020145
2802.000000	-0.002567
2804.000000	-0.033877
2806.000000	-0.022748
2808.000000	-0.001024
2810.000000	-0.024059
2812.000000	-0.036833
2814.000000	-0.017396
2816.000000	-0.019227
2818.000000	-0.011582
2820.000000	-0.019125
2822.000000	-0.021091
2824.000000	0.011592
2826.000000	0.006580
2828.000000	-0.009607
2830.000000	-0.001477
2832.000000	0.004545
2834.000000	0.002679
2836.000000	0.008522
2838.000000	0.008805
2840.000000	0.006810
2842.000000	0.042227
2844.000000	0.044326
2846.000000	0.058268
2848.000000	0.098594
2850.000000	0.107801
2852.000000	0.159158
2854.000000	0.164572
2856.000000	0.173304
2858.000000	0.224525
2860.000000	0.248255
2862.000000	0.232522
2864.000000	0.265999
2866.000000	0.277289
2868.000000	0.346169
2870.000000	0.380770
2872.000000	0.383200
2874.000000	0.426047
2876.000000	0.469315
2878.000000	0.471404
2880.000000	0.455301
2882.000000	0.467933
2884.000000	0.489408
2886.000000	0.484318
2888.000000	0.452987
2890.000000	0.430159
2892.000000	0.462744
2894.000000	0.472714
2896.000000	0.499104
2898.000000	0.535048
2900.000000	0.545635
2902.000000	0.550827
2904.000000	0.565539
2906.000000	0.609821
2908.000000	0.605744
2910.000000	0.636374
2912.000000	0.677953
2914.000000	0.685338
2916.000000	0.733760
2918.000000	0.756810
2920.000000	0.791335
2922.000000	0.855873
2924.000000	0.908122
2926.000000	0.918081
2928.000000	0.919617
2930.000000	0.949088
2932.000000	0.968956
2934.000000	0.984780
2936.000000	0.995862
2938.000000	1.000000
2940.000000	0.954462
2942.000000	0.867555
2944.000000	0.831635
2946.000000	0.792512
2948.000000	0.763682
2950.000000	0.735576
2952.000000	0.716706
2954.000000	0.685236
2956.000000	0.638435
2958.000000	0.637079
2960.000000	0.607982
2962.000000	0.604594
2964.000000	0.598519
2966.000000	0.557972
2968.000000	0.525575
2970.000000	0.509353
2972.000000	0.469902
2974.000000	0.496264
2976.000000	0.474669
2978.000000	0.409030
2980.000000	0.387384
2982.000000	0.374665
2984.000000	0.353348
2986.000000	0.396052
2988.000000	0.326772
2990.000000	0.280937
2992.000000	0.273890
2994.000000	0.244836
2996.000000	0.183807
2998.000000	0.140155
3000.000000	0.150141
3002.000000	0.162376
3004.000000	0.132623
3006.000000	0.080692
3008.000000	0.073558
3010.000000	0.058464
3012.000000	0.021095
3014.000000	0.057266
3016.000000	0.077969
3018.000000	0.025612
3020.000000	0.011179
3022.000000	0.032979
3024.000000	0.016609
3026.000000	-0.018769
3028.000000	-0.017747
3030.000000	-0.009807
3032.000000	-0.000096
3034.000000	-0.015310
3036.000000	-0.007104
3038.000000	-0.006203
3040.000000	-0.000578
3042.000000	0.013330
3044.000000	-0.019788
3046.000000	0.006038
3048.000000	0.008571
3050.000000	-0.005695
3052.000000	0.012157
3054.000000	0.017304
3056.000000	0.014303
3058.000000	0.043937
3060.000000	0.038292
3062.000000	0.045601
3064.000000	0.052278
3066.000000	0.056032
3068.000000	0.040196
3070.000000	0.026671
3072.000000	0.029291
3074.000000	0.001135
3076.000000	-0.039996
3078.000000	-0.002922
3080.000000	0.005581
3082.000000	-0.012527
3084.000000	-0.014814
3086.000000	-0.004089
3088.000000	0.002078
3090.000000	0.004086
3092.000000	0.002356
3094.000000	-0.035793
3096.000000	-0.022159
3098.000000	0.002937
3100.000000	-0.000302
3102.000000	-0.012318
3104.000000	-0.016910
3106.000000	-0.017890
3108.000000	-0.023048
3110.000000	-0.005826
3112.000000	-0.006886
3114.000000	-0.018947
3116.000000	-0.007184
3118.000000	-0.001910
3120.000000	-0.021561
3122.000000	-0.013535
3124.000000	0.004081
3126.000000	-0.009386
3128.000000	-0.002733
3130.000000	0.020723
3132.000000	0.023050
3134.000000	0.003594
3136.000000	-0.015245
3138.000000	-0.018291
3140.000000	-0.004233
3142.000000	-0.017023
3144.000000	-0.025883
3146.000000	0.004273
3148.000000	0.038402
3150.000000	0.021310
3152.000000	-0.009166
3154.000000	0.001901
3156.000000	0.011935
3158.000000	0.019912
3160.000000	-0.017708
3162.000000	-0.037124
3164.000000	-0.001327
3166.000000	-0.003035
3168.000000	-0.012783
3170.000000	0.015464
3172.000000	-0.011770
3174.000000	-0.015625
3176.000000	-0.003738
3178.000000	0.015428
3180.000000	-0.015283
3182.000000	-0.019244
3184.000000	0.009284
3186.000000	0.005893
3188.000000	0.000480
3190.000000	0.011851
3192.000000	-0.007491
3194.000000	-0.010641
3196.000000	-0.009968
3198.000000	-0.010602
3200.000000	-0.013192
3202.000000	-0.000451
3204.000000	0.002281
3206.000000	0.005013
3208.000000	0.007745
3210.000000	0.012941
3212.000000	-0.007706
3214.000000	-0.008803
3216.000000	-0.011852
3218.000000	-0.005423
3220.000000	-0.003503
3222.000000	-0.012430
3224.000000	-0.006549
3226.000000	-0.016946
3228.000000	-0.004816
3230.000000	-0.013968
3232.000000	-0.007166
3234.000000	0.015181
3236.000000	0.012976
3238.000000	0.010772
3240.000000	-0.005377
3242.000000	0.009901
3244.000000	0.022809
3246.000000	0.014748
3248.000000	-0.004196
3250.000000	0.019266
3252.000000	0.039057
3254.000000	0.061858
3256.000000	0.034394
3258.000000	-0.011315
3260.000000	-0.001109
3262.000000	0.004538
3264.000000	0.024582
3266.000000	0.034969
3268.000000	0.047197
3270.000000	0.019280
3272.000000	0.015508
3274.000000	0.041443
3276.000000	0.051679
3278.000000	0.053483
3280.000000	0.059573
3282.000000	0.050524
3284.000000	0.042191
3286.000000	0.061170
3288.000000	0.037755
3290.000000	0.032089
3292.000000	0.029285
3294.000000	0.054114
3296.000000	0.071075
3298.000000	0.059355
3300.000000	0.064767
3302.000000	0.049618
3304.000000	0.073491
3306.000000	0.055629
3308.000000	0.054261
3310.000000	0.051616
3312.000000	0.052792
3314.000000	0.073680
3316.000000	0.068559
3318.000000	0.056324
3320.000000	0.069475
3322.000000	0.053392
3324.000000	0.062443
3326.000000	0.049886
3328.000000	0.054046
3330.000000	0.073273
3332.000000	0.074758
3334.000000	0.070103
3336.000000	0.075195
3338.000000	0.063508
3340.000000	0.041745
3342.000000	0.051865
3344.000000	0.059179
3346.000000	0.041204
3348.000000	0.037364
3350.000000	0.046440
3352.000000	0.049122
3354.000000	0.058395
3356.000000	0.046522
3358.000000	0.045074
3360.000000	0.063289
3362.000000	0.039834
3364.000000	0.036099
3366.000000	0.080180
3368.000000	0.021704
3370.000000	0.027996
3372.000000	0.013353
3374.000000	0.026592
3376.000000	0.034392
3378.000000	0.030944
3380.000000	0.023316
3382.000000	0.034420
3384.000000	0.049658
3386.000000	0.019543
3388.000000	0.041254
3390.000000	0.020827
3392.000000	0.032806
3394.000000	0.010078
3396.000000	0.011560
3398.000000	0.040557
3400.000000	0.041180
3402.000000	0.047916
3404.000000	0.030937
3406.000000	0.001245
3408.000000	0.028334
3410.000000	0.012458
3412.000000	0.019559
3414.000000	0.027016
3416.000000	0.005240
3418.000000	-0.023351
3420.000000	0.013583
3422.000000	0.050979
3424.000000	0.011103
3426.000000	-0.016142
3428.000000	0.004582
3430.000000	0.001661
3432.000000	0.004457
3434.000000	0.033738
3436.000000	0.034361
3438.000000	0.032112
3440.000000	0.013157
3442.000000	0.009011
3444.000000	0.016589
3446.000000	0.009796
3448.000000	0.004748
3450.000000	0.001143
3452.000000	0.005513
3454.000000	0.011443
3456.000000	0.004113
3458.000000	0.006956
3460.000000	0.003423
3462.000000	0.022829
3464.000000	0.012863
3466.000000	0.013797
3468.000000	0.011177
3470.000000	0.006932
3472.000000	0.000494
3474.000000	0.015505
3476.000000	0.027525
3478.000000	0.017065
3480.000000	0.004222
3482.000000	0.005380
3484.000000	0.014363
3486.000000	-0.006058
3488.000000	0.009338
3490.000000	-0.010792
3492.000000	-0.006753
3494.000000	-0.003686
3496.000000	0.004304
3498.000000	-0.022111
3500.000000	-0.000461
3502.000000	0.024769
3504.000000	0.007761
3506.000000	0.005012
3508.000000	0.020617
3510.000000	0.021298
3512.000000	-0.009158
3514.000000	0.001003
3516.000000	0.009137
3518.000000	-0.018964
3520.000000	0.019546
3522.000000	0.026796
3524.000000	0.015043
3526.000000	0.001890
3528.000000	-0.001443
3530.000000	0.001886
3532.000000	-0.007441
3534.000000	-0.013463
3536.000000	-0.001494
3538.000000	0.008395
3540.000000	0.013550
3542.000000	0.014144
3544.000000	-0.003245
3546.000000	-0.012885
3548.000000	-0.017577
3550.000000	-0.032765
3552.000000	-0.015643
3554.000000	0.037490
3556.000000	0.014246
3558.000000	0.004791
3560.000000	0.013087
3562.000000	-0.013493
3564.000000	-0.021194
3566.000000	0.013900
3568.000000	0.029523
3570.000000	0.009758
3572.000000	0.007586
3574.000000	-0.014214
3576.000000	0.025715
3578.000000	0.004807
3580.000000	-0.015278
3582.000000	-0.018739
3584.000000	0.001934
3586.000000	-0.020061
3588.000000	-0.013989
3590.000000	0.009642
3592.000000	-0.018766
3594.000000	-0.001660
3596.000000	0.011346
3598.000000	-0.016186
3600.000000	0.002796
