400.000000	-0.001958
402.000000	0.000120
404.000000	0.001524
406.000000	-0.003367
408.000000	-0.013298
410.000000	-0.006139
412.000000	0.012112
414.000000	0.010449
416.000000	-0.001399
418.000000	-0.007664
420.000000	-0.010327
422.000000	-0.007924
424.000000	0.001266
426.000000	-0.000636
428.000000	-0.002539
430.000000	-0.009726
432.000000	-0.012109
434.000000	-0.010064
436.000000	-0.008695
438.000000	-0.009893
440.000000	-0.012021
442.000000	-0.014757
444.000000	-0.014392
446.000000	-0.002570
448.000000	0.002394
450.000000	-0.018189
452.000000	-0.023699
454.000000	-0.006268
456.000000	-0.006125
458.000000	-0.015196
460.000000	-0.013896
462.000000	-0.007171
464.000000	-0.004258
466.000000	-0.011691
468.000000	-0.020887
470.000000	-0.023077
472.000000	-0.016401
474.000000	-0.009713
476.000000	-0.010248
478.000000	-0.006350
480.000000	0.002934
482.000000	0.006029
484.000000	-0.003816
486.000000	-0.019313
488.000000	-0.015308
490.000000	-0.001091
492.000000	0.001234
494.000000	0.000574
496.000000	0.001789
498.000000	0.000600
500.000000	0.006231
502.000000	0.021023
504.000000	0.024828
506.000000	0.014305
508.000000	0.000487
510.000000	-0.002680
512.000000	0.005485
514.000000	0.010017
516.000000	0.002929
518.000000	-0.010490
520.000000	-0.006303
522.000000	0.008019
524.000000	0.008052
526.000000	0.000609
528.000000	-0.002375
530.000000	0.005448
532.000000	0.013580
534.000000	0.012998
536.000000	0.013143
538.000000	0.012959
540.000000	0.005407
542.000000	-0.001275
544.000000	-0.001015
546.000000	0.003576
548.000000	0.002785
550.000000	-0.007836
552.000000	-0.015544
554.000000	-0.016138
556.000000	-0.011298
558.000000	0.005547
560.000000	0.024534
562.000000	0.018773
564.000000	0.002842
566.000000	-0.002706
568.000000	-0.002716
570.000000	-0.001748
572.000000	-0.001034
574.000000	0.001038
576.000000	0.001097
578.000000	-0.007375
580.000000	-0.009495
582.000000	-0.000887
584.000000	-0.009983
586.000000	-0.025491
588.000000	-0.021264
590.000000	-0.013550
592.000000	-0.009757
594.000000	-0.001173
596.000000	0.009214
598.000000	0.013261
600.000000	0.003826
602.000000	-0.002704
604.000000	0.007123
606.000000	0.003587
608.000000	-0.013369
610.000000	-0.017443
612.000000	-0.015846
614.000000	-0.018173
616.000000	-0.022880
618.000000	-0.025483
620.000000	-0.019445
622.000000	0.002205
624.000000	0.018001
626.000000	0.002558
628.000000	-0.005749
630.000000	0.001715
632.000000	-0.009241
634.000000	-0.017686
636.000000	-0.006771
638.000000	-0.003698
640.000000	-0.009317
642.000000	-0.010209
644.000000	-0.005455
646.000000	0.001160
648.000000	0.004350
650.000000	0.002293
652.000000	-0.001671
654.000000	-0.000796
656.000000	-0.005542
658.000000	-0.020352
660.000000	-0.022318
662.000000	-0.012788
664.000000	-0.005985
666.000000	0.003844
668.000000	0.014390
670.000000	0.013871
672.000000	0.006921
674.000000	0.002743
676.000000	0.006793
678.000000	0.005330
680.000000	-0.008245
682.000000	-0.005491
684.000000	0.005407
686.000000	-0.002011
688.000000	-0.011560
690.000000	-0.013482
692.000000	-0.013911
694.000000	-0.012309
696.000000	-0.005693
698.000000	0.006911
700.000000	0.011188
702.000000	0.001376
704.000000	0.005831
706.000000	0.017063
708.000000	0.008986
710.000000	-0.007088
712.000000	-0.013653
714.000000	-0.001628
716.000000	0.005573
718.000000	-0.002099
720.000000	-0.002839
722.000000	0.002724
724.000000	0.008145
726.000000	0.018153
728.000000	0.022956
730.000000	0.012588
732.000000	0.007543
734.000000	0.006578
736.000000	-0.005378
738.000000	0.007658
740.000000	0.043951
742.000000	0.047537
744.000000	0.045780
746.000000	0.071794
748.000000	0.105475
750.000000	0.116133
752.000000	0.091463
754.000000	0.069786
756.000000	0.057221
758.000000	0.036361
760.000000	0.016043
762.000000	0.008338
764.000000	0.017143
766.000000	0.020222
768.000000	0.007038
770.000000	-0.005570
772.000000	-0.005326
774.000000	0.007894
776.000000	0.018036
778.000000	0.023660
780.000000	0.029184
782.000000	0.029587
784.000000	0.030991
786.000000	0.041452
788.000000	0.040708
790.000000	0.021259
792.000000	-0.002317
794.000000	-0.005796
796.000000	0.009522
798.000000	0.009919
800.000000	0.002858
802.000000	-0.001402
804.000000	-0.016215
806.000000	-0.017837
808.000000	0.008281
810.000000	0.008500
812.000000	-0.005820
814.000000	0.007423
816.000000	0.019312
818.000000	0.014066
820.000000	0.002620
822.000000	0.001971
824.000000	0.008751
826.000000	0.001974
828.000000	0.003186
830.000000	0.017311
832.000000	0.009417
834.000000	-0.002132
836.000000	0.004836
838.000000	0.012338
840.000000	0.007653
842.000000	-0.008324
844.000000	-0.016338
846.000000	-0.010293
848.000000	0.001579
850.000000	0.002348
852.000000	-0.002375
854.000000	0.007475
856.000000	0.024518
858.000000	0.037431
860.000000	0.039026
862.000000	0.026508
864.000000	0.007707
866.000000	0.000345
868.000000	0.005533
870.000000	0.014860
872.000000	0.016745
874.000000	0.009475
876.000000	0.002674
878.000000	0.014508
880.000000	0.019433
882.000000	-0.004263
884.000000	-0.007472
886.000000	0.008384
888.000000	0.009676
890.000000	-0.000683
892.000000	-0.008378
894.000000	-0.002397
896.000000	0.002543
898.000000	-0.001639
900.000000	-0.008663
902.000000	-0.005319
904.000000	0.006275
906.000000	0.008437
908.000000	0.010273
910.000000	0.015384
912.000000	0.010732
914.000000	0.011055
916.000000	0.024885
918.000000	0.032769
920.000000	0.027056
922.000000	0.015767
924.000000	0.020546
926.000000	0.033112
928.000000	0.037702
930.000000	0.040340
932.000000	0.042918
934.000000	0.042642
936.000000	0.036442
938.000000	0.021963
940.000000	0.005916
942.000000	0.017503
944.000000	0.038602
946.000000	0.030721
948.000000	0.030507
950.000000	0.041029
952.000000	0.030516
954.000000	0.014687
956.000000	0.011130
958.000000	0.021976
960.000000	0.029243
962.000000	0.029221
964.000000	0.036149
966.000000	0.038071
968.000000	0.027947
970.000000	0.016568
972.000000	0.015106
974.000000	0.023129
976.000000	0.026138
978.000000	0.023219
980.000000	0.024914
982.000000	0.044536
984.000000	0.052887
986.000000	0.034759
988.000000	0.026692
990.000000	0.030447
992.000000	0.037050
994.000000	0.051927
996.000000	0.069123
998.000000	0.077353
1000.000000	0.071487
1002.000000	0.077594
1004.000000	0.078510
1006.000000	0.079427
1008.000000	0.080343
1010.000000	0.068973
1012.000000	0.053830
1014.000000	0.035747
1016.000000	0.025968
1018.000000	0.024334
1020.000000	0.026822
1022.000000	0.027539
1024.000000	0.020575
1026.000000	0.015553
1028.000000	0.023681
1030.000000	0.031168
1032.000000	0.031065
1034.000000	0.027001
1036.000000	0.028398
1038.000000	0.030419
1040.000000	0.024209
1042.000000	0.022232
1044.000000	0.019394
1046.000000	0.009545
1048.000000	0.030905
1050.000000	0.055180
1052.000000	0.030150
1054.000000	0.012781
1056.000000	0.020903
1058.000000	0.029893
1060.000000	0.040784
1062.000000	0.043165
1064.000000	0.027397
1066.000000	0.028792
1068.000000	0.045733
1070.000000	0.047664
1072.000000	0.035633
1074.000000	0.023612
1076.000000	0.026402
1078.000000	0.043935
1080.000000	0.064249
1082.000000	0.073322
1084.000000	0.074001
1086.000000	0.069053
1088.000000	0.060642
1090.000000	0.057453
1092.000000	0.057873
1094.000000	0.054324
1096.000000	0.049751
1098.000000	0.047244
1100.000000	0.049471
1102.000000	0.060886
1104.000000	0.062889
1106.000000	0.041696
1108.000000	0.045385
1110.000000	0.067347
1112.000000	0.068587
1114.000000	0.056819
1116.000000	0.044699
1118.000000	0.039414
1120.000000	0.040752
1122.000000	0.056972
1124.000000	0.089528
1126.000000	0.108154
1128.000000	0.126781
1130.000000	0.145408
1132.000000	0.131589
1134.000000	0.096916
1136.000000	0.072699
1138.000000	0.046784
1140.000000	0.028793
1142.000000	0.031710
1144.000000	0.041135
1146.000000	0.030572
1148.000000	0.001560
1150.000000	0.007649
1152.000000	0.014630
1154.000000	-0.002773
1156.000000	0.014464
1158.000000	0.026632
1160.000000	0.007267
1162.000000	0.019221
1164.000000	0.047840
1166.000000	0.060526
1168.000000	0.053794
1170.000000	0.040055
1172.000000	0.031708
1174.000000	0.031628
1176.000000	0.029000
1178.000000	0.022932
1180.000000	0.025170
1182.000000	0.024479
1184.000000	0.012294
1186.000000	-0.006107
1188.000000	-0.013818
1190.000000	-0.013967
1192.000000	-0.022457
1194.000000	-0.020926
1196.000000	-0.005809
1198.000000	0.009934
1200.000000	0.024192
1202.000000	0.027851
1204.000000	0.017242
1206.000000	0.021458
1208.000000	0.036511
1210.000000	0.039249
1212.000000	0.027365
1214.000000	0.029730
1216.000000	0.059509
1218.000000	0.069012
1220.000000	0.065245
1222.000000	0.071894
1224.000000	0.083782
1226.000000	0.089470
1228.000000	0.085217
1230.000000	0.081809
1232.000000	0.092684
1234.000000	0.107731
1236.000000	0.096801
1238.000000	0.086982
1240.000000	0.092592
1242.000000	0.095193
1244.000000	0.087351
1246.000000	0.080038
1248.000000	0.085566
1250.000000	0.074647
1252.000000	0.058209
1254.000000	0.065757
1256.000000	0.069760
1258.000000	0.065309
1260.000000	0.063809
1262.000000	0.062562
1264.000000	0.053011
1266.000000	0.039691
1268.000000	0.049658
1270.000000	0.063327
1272.000000	0.062131
1274.000000	0.062406
1276.000000	0.068372
1278.000000	0.070703
1280.000000	0.058584
1282.000000	0.059870
1284.000000	0.068630
1286.000000	0.053110
1288.000000	0.058914
1290.000000	0.080528
1292.000000	0.078683
1294.000000	0.085918
1296.000000	0.094662
1298.000000	0.088666
1300.000000	0.110338
1302.000000	0.140466
1304.000000	0.149978
1306.000000	0.160111
1308.000000	0.175095
1310.000000	0.183704
1312.000000	0.170967
1314.000000	0.145691
1316.000000	0.125818
1318.000000	0.123370
1320.000000	0.122773
1322.000000	0.123250
1324.000000	0.132126
1326.000000	0.123707
1328.000000	0.116035
1330.000000	0.134482
1332.000000	0.142300
1334.000000	0.149676
1336.000000	0.171714
1338.000000	0.180067
1340.000000	0.172239
1342.000000	0.154987
1344.000000	0.132095
1346.000000	0.117792
1348.000000	0.116290
1350.000000	0.115866
1352.000000	0.100726
1354.000000	0.082804
1356.000000	0.084838
1358.000000	0.095748
1360.000000	0.106229
1362.000000	0.111600
1364.000000	0.107114
1366.000000	0.089866
1368.000000	0.074377
1370.000000	0.086961
1372.000000	0.085060
1374.000000	0.063030
1376.000000	0.064198
1378.000000	0.058278
1380.000000	0.047971
1382.000000	0.059953
1384.000000	0.068648
1386.000000	0.069477
1388.000000	0.068055
1390.000000	0.055586
1392.000000	0.045448
1394.000000	0.050404
1396.000000	0.063521
1398.000000	0.063945
1400.000000	0.055570
1402.000000	0.059444
1404.000000	0.050996
1406.000000	0.035300
1408.000000	0.031080
1410.000000	0.017998
1412.000000	0.018196
1414.000000	0.037432
1416.000000	0.021058
1418.000000	0.004374
1420.000000	0.014902
1422.000000	0.026031
1424.000000	0.028118
1426.000000	0.026854
1428.000000	0.033816
1430.000000	0.051139
1432.000000	0.056989
1434.000000	0.041853
1436.000000	0.042898
1438.000000	0.054347
1440.000000	0.059570
1442.000000	0.062559
1444.000000	0.091507
1446.000000	0.131386
1448.000000	0.133416
1450.000000	0.100386
1452.000000	0.089403
1454.000000	0.125812
1456.000000	0.121660
1458.000000	0.108263
1460.000000	0.115069
1462.000000	0.095921
1464.000000	0.085814
1466.000000	0.087417
1468.000000	0.069193
1470.000000	0.072298
1472.000000	0.079245
1474.000000	0.061233
1476.000000	0.060973
1478.000000	0.059034
1480.000000	0.047732
1482.000000	0.062888
1484.000000	0.058683
1486.000000	0.028803
1488.000000	0.014785
1490.000000	0.017963
1492.000000	0.020735
1494.000000	0.015804
1496.000000	0.022287
1498.000000	0.017017
1500.000000	-0.007168
1502.000000	-0.019535
1504.000000	-0.015744
1506.000000	-0.015023
1508.000000	-0.030019
1510.000000	-0.027176
1512.000000	-0.020109
1514.000000	-0.024066
1516.000000	-0.015076
1518.000000	-0.009220
1520.000000	-0.008032
1522.000000	0.005045
1524.000000	0.003101
1526.000000	0.001413
1528.000000	0.022658
1530.000000	0.032676
1532.000000	0.022088
1534.000000	0.009525
1536.000000	0.019030
1538.000000	0.021955
1540.000000	0.018566
1542.000000	0.029610
1544.000000	0.035604
1546.000000	0.036972
1548.000000	0.041910
1550.000000	0.047995
1552.000000	0.053016
1554.000000	0.062703
1556.000000	0.080244
1558.000000	0.080801
1560.000000	0.072515
1562.000000	0.073844
1564.000000	0.077400
1566.000000	0.078102
1568.000000	0.074335
1570.000000	0.070414
1572.000000	0.083930
1574.000000	0.108163
1576.000000	0.122609
1578.000000	0.122684
1580.000000	0.129807
1582.000000	0.152024
1584.000000	0.166895
1586.000000	0.154190
1588.000000	0.133690
1590.000000	0.130367
1592.000000	0.116071
1594.000000	0.097517
1596.000000	0.081090
1598.000000	0.057073
1600.000000	0.062876
1602.000000	0.088226
1604.000000	0.093434
1606.000000	0.089689
1608.000000	0.090892
1610.000000	0.088358
1612.000000	0.061105
1614.000000	0.055454
1616.000000	0.072562
1618.000000	0.074822
1620.000000	0.064358
1622.000000	0.051763
1624.000000	0.049181
1626.000000	0.062014
1628.000000	0.065028
1630.000000	0.058043
1632.000000	0.058780
1634.000000	0.060972
1636.000000	0.062518
1638.000000	0.066858
1640.000000	0.076106
1642.000000	0.077970
1644.000000	0.072493
1646.000000	0.072172
1648.000000	0.085382
1650.000000	0.099705
1652.000000	0.105104
1654.000000	0.105276
1656.000000	0.099773
1658.000000	0.101533
1660.000000	0.114793
1662.000000	0.110211
1664.000000	0.105563
1666.000000	0.116496
1668.000000	0.128061
1670.000000	0.118365
1672.000000	0.097808
1674.000000	0.092224
1676.000000	0.108597
1678.000000	0.119855
1680.000000	0.115648
1682.000000	0.109047
1684.000000	0.095848
1686.000000	0.075639
1688.000000	0.061538
1690.000000	0.070877
1692.000000	0.071838
1694.000000	0.052867
1696.000000	0.040284
1698.000000	0.063564
1700.000000	0.054712
1702.000000	0.055327
1704.000000	0.055942
1706.000000	0.056557
1708.000000	0.057173
1710.000000	0.057788
1712.000000	0.058403
1714.000000	0.059018
1716.000000	0.000505
1718.000000	-0.007892
1720.000000	-0.015102
1722.000000	-0.012250
1724.000000	0.001919
1726.000000	0.006410
1728.000000	-0.006194
1730.000000	-0.012490
1732.000000	0.004967
1734.000000	0.007669
1736.000000	0.012305
1738.000000	0.015862
1740.000000	-0.015747
1742.000000	-0.031782
1744.000000	-0.020273
1746.000000	-0.004374
1748.000000	-0.000083
1750.000000	0.000090
1752.000000	-0.008166
1754.000000	-0.026579
1756.000000	-0.017402
1758.000000	-0.001875
1760.000000	0.004613
1762.000000	0.015227
1764.000000	-0.006063
1766.000000	-0.017557
1768.000000	0.009086
1770.000000	0.001967
1772.000000	-0.012160
1774.000000	-0.014250
1776.000000	-0.014950
1778.000000	-0.009707
1780.000000	-0.013681
1782.000000	-0.023151
1784.000000	-0.012427
1786.000000	0.005226
1788.000000	0.002543
1790.000000	-0.020490
1792.000000	-0.023467
1794.000000	-0.000709
1796.000000	0.007881
1798.000000	-0.015011
1800.000000	-0.001484
1802.000000	0.003736
1804.000000	-0.008893
1806.000000	0.005337
1808.000000	0.007791
1810.000000	-0.001494
1812.000000	-0.010098
1814.000000	-0.019468
1816.000000	-0.010283
1818.000000	0.001293
1820.000000	-0.006279
1822.000000	-0.017647
1824.000000	-0.017766
1826.000000	-0.003927
1828.000000	0.009607
1830.000000	0.000578
1832.000000	-0.000250
1834.000000	0.009647
1836.000000	0.002078
1838.000000	0.003448
1840.000000	0.005045
1842.000000	-0.002597
1844.000000	-0.005163
1846.000000	-0.004371
1848.000000	-0.002283
1850.000000	-0.004731
1852.000000	-0.017202
1854.000000	-0.006218
1856.000000	0.005173
1858.000000	-0.013003
1860.000000	-0.015114
1862.000000	-0.007090
1864.000000	0.002982
1866.000000	0.015345
1868.000000	0.013849
1870.000000	0.009602
1872.000000	0.004585
1874.000000	-0.006856
1876.000000	0.005820
1878.000000	0.012417
1880.000000	0.000899
1882.000000	0.008124
1884.000000	0.015977
1886.000000	0.011586
1888.000000	-0.002611
1890.000000	-0.015022
1892.000000	-0.008431
1894.000000	0.002669
1896.000000	0.004412
1898.000000	0.014069
1900.000000	0.014906
1902.000000	0.003255
1904.000000	-0.006293
1906.000000	-0.003598
1908.000000	0.002253
1910.000000	0.003078
1912.000000	0.000000
1914.000000	-0.000856
1916.000000	-0.001624
1918.000000	-0.004619
1920.000000	-0.006766
1922.000000	-0.002514
1924.000000	-0.005214
1926.000000	-0.007337
1928.000000	0.006423
1930.000000	-0.002799
1932.000000	-0.013327
1934.000000	-0.010270
1936.000000	-0.012078
1938.000000	-0.002645
1940.000000	0.006091
1942.000000	0.002487
1944.000000	-0.002047
1946.000000	0.003263
1948.000000	0.014199
1950.000000	0.015382
1952.000000	-0.002352
1954.000000	-0.014106
1956.000000	-0.005156
1958.000000	0.012741
1960.000000	0.014973
1962.000000	0.011525
1964.000000	0.007764
1966.000000	0.003029
1968.000000	0.002418
1970.000000	0.018505
1972.000000	0.021195
1974.000000	-0.002338
1976.000000	-0.011267
1978.000000	-0.018358
1980.000000	-0.015472
1982.000000	0.004769
1984.000000	0.015499
1986.000000	0.002723
1988.000000	-0.000689
1990.000000	0.015420
1992.000000	0.003990
1994.000000	-0.001704
1996.000000	0.002492
1998.000000	0.000652
2000.000000	-0.002359
2002.000000	-0.001859
2004.000000	-0.003583
2006.000000	-0.002406
2008.000000	0.018264
2010.000000	0.021993
2012.000000	0.009718
2014.000000	-0.001138
2016.000000	-0.012532
2018.000000	-0.012152
2020.000000	0.005278
2022.000000	0.019799
2024.000000	0.001304
2026.000000	-0.022519
2028.000000	-0.021945
2030.000000	-0.003416
2032.000000	0.002736
2034.000000	0.015306
2036.000000	0.008090
2038.000000	-0.013584
2040.000000	0.001893
2042.000000	0.005221
2044.000000	0.000495
2046.000000	0.003854
2048.000000	0.005196
2050.000000	0.010524
2052.000000	0.019158
2054.000000	0.021600
2056.000000	0.010354
2058.000000	-0.003701
2060.000000	-0.000483
2062.000000	0.012254
2064.000000	0.011751
2066.000000	0.010640
2068.000000	0.006911
2070.000000	0.012992
2072.000000	0.030553
2074.000000	0.011855
2076.000000	-0.001889
2078.000000	0.001260
2080.000000	-0.002133
2082.000000	-0.004353
2084.000000	0.002790
2086.000000	0.008077
2088.000000	-0.001413
2090.000000	-0.012602
2092.000000	0.007143
2094.000000	0.010608
2096.000000	-0.015654
2098.000000	0.000986
2100.000000	0.004863
2102.000000	0.005158
2104.000000	0.011794
2106.000000	-0.004890
2108.000000	-0.008347
2110.000000	0.003166
2112.000000	0.013372
2114.000000	0.011410
2116.000000	-0.005349
2118.000000	-0.002799
2120.000000	0.004860
2122.000000	-0.005505
2124.000000	0.016297
2126.000000	0.020861
2128.000000	0.005592
2130.000000	0.009136
2132.000000	0.026989
2134.000000	0.022441
2136.000000	0.009347
2138.000000	0.008821
2140.000000	0.007403
2142.000000	0.006289
2144.000000	0.006993
2146.000000	0.001999
2148.000000	-0.006981
2150.000000	0.012983
2152.000000	0.017855
2154.000000	0.001387
2156.000000	-0.001085
2158.000000	0.000759
2160.000000	-0.003593
2162.000000	-0.005039
2164.000000	-0.003665
2166.000000	-0.017450
2168.000000	-0.008777
2170.000000	-0.003350
2172.000000	-0.010741
2174.000000	0.003916
2176.000000	0.000525
2178.000000	-0.005501
2180.000000	0.008602
2182.000000	0.012000
2184.000000	0.015398
2186.000000	0.005269
2188.000000	-0.005565
2190.000000	-0.012924
2192.000000	0.027261
2194.000000	0.021821
2196.000000	-0.013582
2198.000000	-0.018897
2200.000000	0.000514
2202.000000	-0.004642
2204.000000	-0.013510
2206.000000	-0.000112
2208.000000	0.020037
2210.000000	0.012081
2212.000000	-0.001059
2214.000000	-0.002545
2216.000000	-0.004524
2218.000000	-0.018088
2220.000000	-0.001971
2222.000000	0.011993
2224.000000	0.015674
2226.000000	0.032979
2228.000000	0.015614
2230.000000	0.007910
2232.000000	0.017559
2234.000000	0.017702
2236.000000	0.015750
2238.000000	0.008214
2240.000000	0.013608
2242.000000	0.019625
2244.000000	-0.003244
2246.000000	-0.003085
2248.000000	0.010782
2250.000000	0.012999
2252.000000	0.000631
2254.000000	-0.007538
2256.000000	0.008747
2258.000000	0.013117
2260.000000	0.012530
2262.000000	0.044236
2264.000000	0.009638
2266.000000	-0.000338
2268.000000	0.029394
2270.000000	0.027708
2272.000000	0.015137
2274.000000	0.010812
2276.000000	0.016472
2278.000000	0.027015
2280.000000	0.031229
2282.000000	0.008251
2284.000000	-0.000531
2286.000000	0.004098
2288.000000	0.005776
2290.000000	0.028966
2292.000000	0.013591
2294.000000	-0.003370
2296.000000	0.010773
2298.000000	0.018346
2300.000000	0.008784
2302.000000	0.016329
2304.000000	0.024719
2306.000000	0.013171
2308.000000	0.013305
2310.000000	0.013150
2312.000000	0.016348
2314.000000	0.018428
2316.000000	0.009408
2318.000000	0.007400
2320.000000	0.017711
2322.000000	0.020649
2324.000000	0.013949
2326.000000	0.021115
2328.000000	0.029551
2330.000000	0.029162
2332.000000	0.031038
2334.000000	0.034424
2336.000000	0.012868
2338.000000	0.000589
2340.000000	-0.003390
2342.000000	0.002735
2344.000000	0.018804
2346.000000	-0.001682
2348.000000	-0.007526
2350.000000	0.015377
2352.000000	0.024290
2354.000000	-0.000900
2356.000000	0.005652
2358.000000	0.022371
2360.000000	0.025636
2362.000000	0.025842
2364.000000	0.030558
2366.000000	0.023530
2368.000000	0.025348
2370.000000	0.031056
2372.000000	0.017861
2374.000000	0.009588
2376.000000	0.012248
2378.000000	0.006669
2380.000000	-0.005324
2382.000000	-0.001185
2384.000000	0.007622
2386.000000	0.016270
2388.000000	0.016479
2390.000000	0.010856
2392.000000	0.007776
2394.000000	-0.014268
2396.000000	-0.016246
2398.000000	0.000874
2400.000000	0.008313
2402.000000	0.013496
2404.000000	0.023832
2406.000000	0.013155
2408.000000	0.003424
2410.000000	0.014053
2412.000000	-0.005923
2414.000000	-0.014854
2416.000000	0.007854
2418.000000	0.024224
2420.000000	0.007783
2422.000000	0.000839
2424.000000	-0.021671
2426.000000	-0.008338
2428.000000	0.029040
2430.000000	0.022807
2432.000000	0.023587
2434.000000	0.015771
2436.000000	0.005549
2438.000000	0.007029
2440.000000	0.010651
2442.000000	0.006968
2444.000000	0.014876
2446.000000	0.022784
2448.000000	0.014258
2450.000000	0.002326
2452.000000	0.007654
2454.000000	0.013631
2456.000000	0.018335
2458.000000	0.021957
2460.000000	0.018921
2462.000000	0.024417
2464.000000	0.014624
2466.000000	0.007661
2468.000000	0.015359
2470.000000	0.012833
2472.000000	0.012063
2474.000000	0.021576
2476.000000	0.026463
2478.000000	0.017232
2480.000000	0.009935
2482.000000	0.019087
2484.000000	0.022714
2486.000000	0.025054
2488.000000	0.034750
2490.000000	0.030720
2492.000000	-0.004633
2494.000000	-0.014071
2496.000000	-0.003342
2498.000000	0.001817
2500.000000	0.008649
2502.000000	0.012676
2504.000000	0.010909
2506.000000	0.015680
2508.000000	0.023830
2510.000000	0.024424
2512.000000	0.033001
2514.000000	0.025365
2516.000000	0.022375
2518.000000	0.017316
2520.000000	0.001188
2522.000000	0.029127
2524.000000	0.009203
2526.000000	-0.024459
2528.000000	-0.022675
2530.000000	-0.001893
2532.000000	0.019855
2534.000000	0.037509
2536.000000	0.023993
2538.000000	0.014078
2540.000000	0.028429
2542.000000	0.013028
2544.000000	0.015368
2546.000000	0.012839
2548.000000	0.010298
2550.000000	0.010570
2552.000000	-0.007275
2554.000000	0.013859
2556.000000	0.018451
2558.000000	0.013765
2560.000000	0.022022
2562.000000	0.017383
2564.000000	0.001292
2566.000000	-0.009981
2568.000000	0.015437
2570.000000	0.041096
2572.000000	0.019271
2574.000000	0.001264
2576.000000	0.000148
2578.000000	0.028707
2580.000000	0.024324
2582.000000	-0.017588
2584.000000	0.009731
2586.000000	0.030648
2588.000000	0.028584
2590.000000	0.030996
2592.000000	0.021271
2594.000000	-0.012396
2596.000000	0.016847
2598.000000	0.016556
2600.000000	-0.005370
2602.000000	-0.008020
2604.000000	-0.001060
2606.000000	0.004385
2608.000000	0.005421
2610.000000	0.010405
2612.000000	0.002092
2614.000000	0.000113
2616.000000	0.036958
2618.000000	0.012901
2620.000000	-0.017471
2622.000000	-0.014457
2624.000000	0.003377
2626.000000	0.017108
2628.000000	0.031174
2630.000000	0.025650
2632.000000	0.009659
2634.000000	0.008609
2636.000000	0.022356
2638.000000	0.024182
2640.000000	0.015161
2642.000000	0.013102
2644.000000	0.026876
2646.000000	0.023112
2648.000000	-0.008598
2650.000000	-0.000990
2652.000000	0.016397
2654.000000	0.029297
2656.000000	0.005787
2658.000000	-0.023502
2660.000000	0.007536
2662.000000	0.006098
2664.000000	0.011108
2666.000000	0.015902
2668.000000	0.018184
2670.000000	0.022019
2672.000000	-0.002013
2674.000000	0.013625
2676.000000	0.013296
2678.000000	0.003395
2680.000000	0.012809
2682.000000	0.020599
2684.000000	0.021560
2686.000000	-0.012129
2688.000000	-0.011427
2690.000000	0.009989
2692.000000	0.008901
2694.000000	0.017460
2696.000000	0.018319
2698.000000	0.027441
2700.000000	0.021242
2702.000000	0.016442
2704.000000	0.018079
2706.000000	-0.019535
2708.000000	0.002622
2710.000000	0.003404
2712.000000	0.018107
2714.000000	0.036136
2716.000000	0.012310
2718.000000	0.055381
2720.000000	0.049553
2722.000000	0.023456
2724.000000	0.020278
2726.000000	0.019140
2728.000000	0.008763
2730.000000	0.023302
2732.000000	0.025301
2734.000000	0.028446
2736.000000	0.023391
2738.000000	0.014503
2740.000000	0.022868
2742.000000	0.003423
2744.000000	0.011441
2746.000000	0.012576
2748.000000	0.000186
2750.000000	0.008283
2752.000000	0.027728
2754.000000	0.026238
2756.000000	0.019865
2758.000000	0.021132
2760.000000	0.017150
2762.000000	0.010994
2764.000000	0.017299
2766.000000	0.005265
2768.000000	-0.003051
2770.000000	0.004645
2772.000000	-0.008743
2774.000000	-0.025338
2776.000000	0.000415
2778.000000	-0.019174
2780.000000	-0.026453
2782.000000	-0.024693
2784.000000	-0.027260
2786.000000	-0.024217
2788.000000	-0.013495
2790.000000	0.000317
2792.000000	0.006685
2794.000000	0.001090
2796.000000	-0.009310
2798.000000	-0.014506
2800.000000	-0.012845
2802.000000	-0.010143
2804.000000	-0.010857
2806.000000	-0.022528
2808.000000	-0.007519
2810.000000	0.000402
2812.000000	-0.029020
2814.000000	0.001992
2816.000000	-0.004305
2818.000000	-0.018943
2820.000000	-0.023465
2822.000000	-0.017390
2824.000000	-0.010043
2826.000000	-0.024996
2828.000000	-0.010044
2830.000000	-0.002649
2832.000000	0.017199
2834.000000	0.037155
2836.000000	0.031997
2838.000000	0.030940
2840.000000	0.029557
2842.000000	0.058411
2844.000000	0.097978
2846.000000	0.107593
2848.000000	0.110132
2850.000000	0.147820
2852.000000	0.177497
2854.000000	0.188342
2856.000000	0.223783
2858.000000	0.279984
2860.000000	0.292966
2862.000000	0.257923
2864.000000	0.260184
2866.000000	0.299091
2868.000000	0.341656
2870.000000	0.392904
2872.000000	0.428198
2874.000000	0.459920
2876.000000	0.504482
2878.000000	0.478454
2880.000000	0.494005
2882.000000	0.502220
2884.000000	0.509334
2886.000000	0.496212
2888.000000	0.453868
2890.000000	0.466516
2892.000000	0.474958
2894.000000	0.515874
2896.000000	0.526911
2898.000000	0.538677
2900.000000	0.589840
2902.000000	0.613381
2904.000000	0.597893
2906.000000	0.616589
2908.000000	0.659135
2910.000000	0.678485
2912.000000	0.688557
2914.000000	0.717562
2916.000000	0.748109
2918.000000	0.784060
2920.000000	0.850350
2922.000000	0.898311
2924.000000	0.924847
2926.000000	0.926604
2928.000000	0.916157
2930.000000	0.949801
2932.000000	0.988115
2934.000000	1.000000
2936.000000	0.985047
2938.000000	0.958248
2940.000000	0.935428
2942.000000	0.900474
2944.000000	0.839812
2946.000000	0.820205
2948.000000	0.770813
2950.000000	0.738312
2952.000000	0.730670
2954.000000	0.689309
2956.000000	0.629564
2958.000000	0.627623
2960.000000	0.637146
2962.000000	0.584117
2964.000000	0.598296
2966.000000	0.605344
2968.000000	0.536144
2970.000000	0.511643
2972.000000	0.520697
2974.000000	0.447939
2976.000000	0.459229
2978.000000	0.480022
2980.000000	0.442446
2982.000000	0.407967
2984.000000	0.396452
2986.000000	0.356439
2988.000000	0.315656
2990.000000	0.278906
2992.000000	0.278898
2994.000000	0.258746
2996.000000	0.201079
2998.000000	0.175190
3000.000000	0.176843
3002.000000	0.131127
3004.000000	0.089825
3006.000000	0.092939
3008.000000	0.092093
3010.000000	0.055437
3012.000000	0.043211
3014.000000	0.080513
3016.000000	0.062213
3018.000000	0.024377
3020.000000	0.043365
3022.000000	0.033298
3024.000000	0.000553
3026.000000	0.007067
3028.000000	0.013892
3030.000000	-0.007587
3032.000000	-0.018503
3034.000000	-0.011888
3036.000000	-0.014023
3038.000000	0.009204
3040.000000	0.023945
3042.000000	0.010618
3044.000000	0.031528
3046.000000	0.014766
3048.000000	0.029124
3050.000000	0.033398
3052.000000	0.017098
3054.000000	0.007864
3056.000000	0.018167
3058.000000	0.049851
3060.000000	0.088035
3062.000000	0.081415
3064.000000	0.050638
3066.000000	0.040828
3068.000000	0.037182
3070.000000	0.029012
3072.000000	0.020849
3074.000000	0.010790
3076.000000	0.013451
3078.000000	-0.003250
3080.000000	-0.016267
3082.000000	-0.002007
3084.000000	0.003895
3086.000000	-0.009671
3088.000000	-0.022464
3090.000000	-0.031749
3092.000000	-0.015614
3094.000000	0.003672
3096.000000	-0.010565
3098.000000	-0.023740
3100.000000	-0.019411
3102.000000	0.009470
3104.000000	0.030120
3106.000000	-0.002157
3108.000000	-0.005740
3110.000000	-0.013159
3112.000000	-0.010326
3114.000000	0.003131
3116.000000	0.006383
3118.000000	0.000079
3120.000000	-0.004424
3122.000000	-0.012407
3124.000000	-0.019220
3126.000000	-0.007222
3128.000000	-0.003566
3130.000000	0.000575
3132.000000	-0.010373
3134.000000	-0.018717
3136.000000	-0.012043
3138.000000	-0.012439
3140.000000	0.005279
3142.000000	-0.017747
3144.000000	-0.009365
3146.000000	0.010423
3148.000000	0.017827
3150.000000	0.006635
3152.000000	-0.005851
3154.000000	0.003537
3156.000000	0.003542
3158.000000	-0.010658
3160.000000	0.014653
3162.000000	0.021907
3164.000000	0.016589
3166.000000	0.001453
3168.000000	0.004179
3170.000000	0.017274
3172.000000	-0.013623
3174.000000	-0.007376
3176.000000	-0.004750
3178.000000	0.016396
3180.000000	0.001735
3182.000000	-0.031592
3184.000000	-0.028561
3186.000000	-0.019620
3188.000000	-0.015615
3190.000000	0.034388
3192.000000	0.031239
3194.000000	-0.024724
3196.000000	-0.020628
3198.000000	0.005970
3200.000000	0.023678
3202.000000	0.022654
3204.000000	0.018351
3206.000000	0.031538
3208.000000	0.016600
3210.000000	0.013117
3212.000000	0.037796
3214.000000	0.020295
3216.000000	0.001856
3218.000000	-0.003175
3220.000000	-0.009194
3222.000000	-0.005096
3224.000000	0.001856
3226.000000	0.002841
3228.000000	0.016080
3230.000000	-0.002523
3232.000000	0.007829
3234.000000	0.020641
3236.000000	0.009725
3238.000000	0.019480
3240.000000	0.031719
3242.000000	0.008449
3244.000000	-0.001728
3246.000000	-0.014581
3248.000000	0.021473
3250.000000	0.014995
3252.000000	0.008135
3254.000000	0.027826
3256.000000	0.019592
3258.000000	0.008703
3260.000000	0.025935
3262.000000	0.018549
3264.000000	0.028655
3266.000000	0.053719
3268.000000	0.024567
3270.000000	-0.007038
3272.000000	-0.001350
3274.000000	-0.002988
3276.000000	0.021249
3278.000000	0.047789
3280.000000	0.037918
3282.000000	0.073980
3284.000000	0.046535
3286.000000	0.047450
3288.000000	0.059024
3290.000000	0.032111
3292.000000	0.046323
3294.000000	0.061143
3296.000000	0.050691
3298.000000	0.060486
3300.000000	0.063184
3302.000000	0.054021
3304.000000	0.061829
3306.000000	0.056625
3308.000000	0.043566
3310.000000	0.033499
3312.000000	0.036996
3314.000000	0.079475
3316.000000	0.108491
3318.000000	0.073635
3320.000000	0.039622
3322.000000	0.056623
3324.000000	0.070963
3326.000000	0.048839
3328.000000	0.061854
3330.000000	0.061454
3332.000000	0.070155
3334.000000	0.072432
3336.000000	0.061054
3338.000000	0.065786
3340.000000	0.062909
3342.000000	0.040076
3344.000000	0.049049
3346.000000	0.051681
3348.000000	0.041361
3350.000000	0.077642
3352.000000	0.076499
3354.000000	0.059183
3356.000000	0.064942
3358.000000	0.044219
3360.000000	0.019047
3362.000000	0.029853
3364.000000	0.030606
3366.000000	0.046219
3368.000000	0.029696
3370.000000	0.045274
3372.000000	0.039931
3374.000000	0.023916
3376.000000	0.045229
3378.000000	0.050204
3380.000000	0.035815
3382.000000	0.030842
3384.000000	0.026062
3386.000000	0.046903
3388.000000	0.056593
3390.000000	0.025091
3392.000000	0.030264
3394.000000	-0.000508
3396.000000	0.022066
3398.000000	0.043331
3400.000000	0.031546
3402.000000	0.047974
3404.000000	0.043510
3406.000000	0.014134
3408.000000	0.042703
3410.000000	0.043043
3412.000000	0.015286
3414.000000	0.024737
3416.000000	0.022458
3418.000000	0.002877
3420.000000	0.030638
3422.000000	0.042761
3424.000000	0.004357
3426.000000	-0.014736
3428.000000	0.012625
3430.000000	0.030880
3432.000000	0.024166
3434.000000	0.032284
3436.000000	0.036634
3438.000000	0.020504
3440.000000	0.012134
3442.000000	0.012067
3444.000000	0.007571
3446.000000	0.014831
3448.000000	0.012058
3450.000000	0.013023
3452.000000	0.037327
3454.000000	0.022377
3456.000000	-0.025797
3458.000000	-0.013161
3460.000000	0.008503
3462.000000	0.004011
3464.000000	0.011110
3466.000000	0.013952
3468.000000	0.003768
3470.000000	-0.010748
3472.000000	0.012727
3474.000000	0.012603
3476.000000	0.003974
3478.000000	0.034157
3480.000000	0.022240
3482.000000	-0.013154
3484.000000	0.022060
3486.000000	0.019635
3488.000000	-0.003544
3490.000000	-0.000537
3492.000000	-0.013762
3494.000000	0.016337
3496.000000	0.010409
3498.000000	0.016333
3500.000000	0.021655
3502.000000	0.003186
3504.000000	-0.011996
3506.000000	0.002960
3508.000000	0.010627
3510.000000	-0.017072
3512.000000	-0.006676
3514.000000	0.001839
3516.000000	0.009621
3518.000000	-0.018260
3520.000000	-0.023634
3522.000000	0.006378
3524.000000	0.010415
3526.000000	-0.015824
3528.000000	-0.001536
3530.000000	-0.002726
3532.000000	0.009063
3534.000000	0.008633
3536.000000	-0.002101
3538.000000	0.055830
3540.000000	0.035425
3542.000000	0.004022
3544.000000	0.003445
3546.000000	-0.017336
3548.000000	0.001754
3550.000000	0.003316
3552.000000	-0.007081
3554.000000	-0.016872
3556.000000	-0.010512
3558.000000	-0.006389
3560.000000	0.002842
3562.000000	-0.009124
3564.000000	-0.009698
3566.000000	0.031906
3568.000000	0.038244
3570.000000	0.018724
3572.000000	0.012921
3574.000000	0.005096
3576.000000	0.009089
3578.000000	0.005009
3580.000000	0.009262
3582.000000	-0.012325
3584.000000	0.020485
3586.000000	0.011203
3588.000000	0.017733
3590.000000	0.000261
3592.000000	-0.015920
3594.000000	0.003556
3596.000000	-0.002346
3598.000000	-0.008430
3600.000000	0.010585
