400.000000	0.007709
401.000000	0.005381
402.000000	0.001828
403.000000	-0.001734
404.000000	-0.004092
405.000000	-0.004076
406.000000	-0.000697
407.000000	0.006219
408.000000	0.013767
409.000000	0.018764
410.000000	0.019991
411.000000	0.017114
412.000000	0.011365
413.000000	0.004474
414.000000	-0.001410
415.000000	-0.004221
416.000000	-0.002644
417.000000	0.003341
418.000000	0.009319
419.000000	0.010922
420.000000	0.008391
421.000000	0.003697
422.000000	0.001102
423.000000	0.003960
424.000000	0.009682
425.000000	0.014595
426.000000	0.016624
427.000000	0.014662
428.000000	0.009869
429.000000	0.004006
430.000000	-0.001027
431.000000	-0.003332
432.000000	-0.001169
433.000000	0.005887
434.000000	0.013146
435.000000	0.015664
436.000000	0.012578
437.000000	0.004974
438.000000	-0.002353
439.000000	-0.005019
440.000000	-0.003985
441.000000	-0.001450
442.000000	0.000794
443.000000	0.001637
444.000000	0.002296
445.000000	0.004058
446.000000	0.006167
447.000000	0.007174
448.000000	0.004899
449.000000	-0.001874
450.000000	-0.009785
451.000000	-0.014941
452.000000	-0.015893
453.000000	-0.012677
454.000000	-0.008837
455.000000	-0.007896
456.000000	-0.009787
457.000000	-0.013473
458.000000	-0.017614
459.000000	-0.020800
460.000000	-0.021636
461.000000	-0.019148
462.000000	-0.014029
463.000000	-0.007747
464.000000	-0.003191
465.000000	-0.002671
466.000000	-0.004745
467.000000	-0.007266
468.000000	-0.009008
469.000000	-0.009602
470.000000	-0.011185
471.000000	-0.015647
472.000000	-0.021392
473.000000	-0.025850
474.000000	-0.026041
475.000000	-0.020321
476.000000	-0.012793
477.000000	-0.008181
478.000000	-0.007948
479.000000	-0.012116
480.000000	-0.018198
481.000000	-0.023370
482.000000	-0.025959
483.000000	-0.024769
484.000000	-0.019362
485.000000	-0.010245
486.000000	-0.000953
487.000000	0.005040
488.000000	0.007536
489.000000	0.007413
490.000000	0.006572
491.000000	0.006786
492.000000	0.008284
493.000000	0.010831
494.000000	0.013867
495.000000	0.016499
496.000000	0.016813
497.000000	0.013465
498.000000	0.008401
499.000000	0.004270
500.000000	0.003235
501.000000	0.006496
502.000000	0.011890
503.000000	0.016797
504.000000	0.020136
505.000000	0.021342
506.000000	0.020387
507.000000	0.017269
508.000000	0.011546
509.000000	0.002980
510.000000	-0.007414
511.000000	-0.017652
512.000000	-0.023133
513.000000	-0.020240
514.000000	-0.011919
515.000000	-0.002713
516.000000	0.003017
517.000000	0.002446
518.000000	-0.001286
519.000000	-0.004278
520.000000	-0.005547
521.000000	-0.005113
522.000000	-0.004082
523.000000	-0.003546
524.000000	-0.003460
525.000000	-0.003469
526.000000	-0.003118
527.000000	-0.001749
528.000000	0.002010
529.000000	0.009070
530.000000	0.017777
531.000000	0.025854
532.000000	0.031094
533.000000	0.031898
534.000000	0.029026
535.000000	0.023841
536.000000	0.017777
537.000000	0.012394
538.000000	0.009708
539.000000	0.010888
540.000000	0.013274
541.000000	0.013752
542.000000	0.011212
543.000000	0.006022
544.000000	0.002448
545.000000	0.004283
546.000000	0.009536
547.000000	0.014789
548.000000	0.016711
549.000000	0.013363
550.000000	0.008300
551.000000	0.005629
552.000000	0.006169
553.000000	0.009579
554.000000	0.014168
555.000000	0.017957
556.000000	0.019154
557.000000	0.016397
558.000000	0.009865
559.000000	0.000896
560.000000	-0.006063
561.000000	-0.007038
562.000000	-0.003060
563.000000	0.003531
564.000000	0.010158
565.000000	0.014680
566.000000	0.016923
567.000000	0.017213
568.000000	0.015896
569.000000	0.013381
570.000000	0.010307
571.000000	0.007326
572.000000	0.004907
573.000000	0.003425
574.000000	0.003060
575.000000	0.003915
576.000000	0.005964
577.000000	0.008926
578.000000	0.011617
579.000000	0.012731
580.000000	0.011360
581.000000	0.007231
582.000000	0.002204
583.000000	-0.001697
584.000000	-0.003921
585.000000	-0.004409
586.000000	-0.003607
587.000000	-0.002015
588.000000	0.000143
589.000000	0.002658
590.000000	0.005086
591.000000	0.006852
592.000000	0.007076
593.000000	0.005088
594.000000	0.001372
595.000000	-0.003281
596.000000	-0.007991
597.000000	-0.011744
598.000000	-0.013075
599.000000	-0.010903
600.000000	-0.006130
601.000000	-0.000273
602.000000	0.004665
603.000000	0.007021
604.000000	0.006976
605.000000	0.005154
606.000000	0.002103
607.000000	-0.001557
608.000000	-0.004851
609.000000	-0.007262
610.000000	-0.010459
611.000000	-0.016235
612.000000	-0.024682
613.000000	-0.034212
614.000000	-0.038218
615.000000	-0.031221
616.000000	-0.017277
617.000000	-0.002904
618.000000	0.005073
619.000000	0.002412
620.000000	-0.004493
621.000000	-0.008147
622.000000	-0.007287
623.000000	-0.002923
624.000000	0.001084
625.000000	0.001580
626.000000	0.001100
627.000000	0.002884
628.000000	0.007309
629.000000	0.012932
630.000000	0.013901
631.000000	0.005484
632.000000	-0.008166
633.000000	-0.020977
634.000000	-0.028103
635.000000	-0.026698
636.000000	-0.020709
637.000000	-0.014931
638.000000	-0.010774
639.000000	-0.008626
640.000000	-0.008190
641.000000	-0.008720
642.000000	-0.008371
643.000000	-0.005563
644.000000	-0.000874
645.000000	0.004007
646.000000	0.005108
647.000000	-0.000410
648.000000	-0.008563
649.000000	-0.014307
650.000000	-0.015168
651.000000	-0.010747
652.000000	-0.006378
653.000000	-0.007183
654.000000	-0.011704
655.000000	-0.016823
656.000000	-0.019355
657.000000	-0.017273
658.000000	-0.013245
659.000000	-0.010398
660.000000	-0.008982
661.000000	-0.008277
662.000000	-0.006543
663.000000	-0.002503
664.000000	0.002246
665.000000	0.005801
666.000000	0.007904
667.000000	0.009210
668.000000	0.012379
669.000000	0.019288
670.000000	0.026672
671.000000	0.030472
672.000000	0.028583
673.000000	0.020921
674.000000	0.013519
675.000000	0.012011
676.000000	0.014332
677.000000	0.016394
678.000000	0.013734
679.000000	0.003931
680.000000	-0.006883
681.000000	-0.012090
682.000000	-0.011689
683.000000	-0.008102
684.000000	-0.006831
685.000000	-0.011942
686.000000	-0.018680
687.000000	-0.021172
688.000000	-0.017883
689.000000	-0.009557
690.000000	-0.001714
691.000000	0.000470
692.000000	-0.002040
693.000000	-0.006811
694.000000	-0.011671
695.000000	-0.014633
696.000000	-0.014185
697.000000	-0.009622
698.000000	-0.002999
699.000000	0.002927
700.000000	0.005346
701.000000	0.002781
702.000000	-0.000864
703.000000	-0.001406
704.000000	0.001076
705.000000	0.004975
706.000000	0.006851
707.000000	0.003942
708.000000	-0.001950
709.000000	-0.008138
710.000000	-0.012945
711.000000	-0.015035
712.000000	-0.013436
713.000000	-0.008023
714.000000	-0.001701
715.000000	0.002251
716.000000	0.002088
717.000000	-0.002636
718.000000	-0.008706
719.000000	-0.012436
720.000000	-0.011927
721.000000	-0.005964
722.000000	0.005709
723.000000	0.021903
724.000000	0.036618
725.000000	0.044057
726.000000	0.044038
727.000000	0.038319
728.000000	0.030789
729.000000	0.024943
730.000000	0.020582
731.000000	0.016715
732.000000	0.012891
733.000000	0.008739
734.000000	0.003672
735.000000	-0.002186
736.000000	-0.005659
737.000000	-0.003488
738.000000	0.004856
739.000000	0.017808
740.000000	0.028147
741.000000	0.029633
742.000000	0.025591
743.000000	0.021534
744.000000	0.022149
745.000000	0.030403
746.000000	0.043216
747.000000	0.056531
748.000000	0.068441
749.000000	0.077673
750.000000	0.083346
751.000000	0.084788
752.000000	0.081771
753.000000	0.074445
754.000000	0.064044
755.000000	0.052261
756.000000	0.041549
757.000000	0.033737
758.000000	0.027390
759.000000	0.020735
760.000000	0.013911
761.000000	0.008150
762.000000	0.007149
763.000000	0.013578
764.000000	0.023549
765.000000	0.032012
766.000000	0.035842
767.000000	0.033414
768.000000	0.027174
769.000000	0.020290
770.000000	0.014745
771.000000	0.012048
772.000000	0.012987
773.000000	0.017229
774.000000	0.020680
775.000000	0.019466
776.000000	0.014355
777.000000	0.007543
778.000000	0.002305
779.000000	0.001523
780.000000	0.005432
781.000000	0.013342
782.000000	0.023516
783.000000	0.033705
784.000000	0.040667
785.000000	0.042047
786.000000	0.040046
787.000000	0.037521
788.000000	0.035413
789.000000	0.033677
790.000000	0.030251
791.000000	0.023328
792.000000	0.014132
793.000000	0.004582
794.000000	-0.003647
795.000000	-0.008830
796.000000	-0.008781
797.000000	-0.002532
798.000000	0.005566
799.000000	0.010220
800.000000	0.007698
801.000000	-0.003226
802.000000	-0.015308
803.000000	-0.020832
804.000000	-0.018672
805.000000	-0.009731
806.000000	0.003556
807.000000	0.017628
808.000000	0.025963
809.000000	0.023279
810.000000	0.012215
811.000000	-0.001678
812.000000	-0.009117
813.000000	-0.003366
814.000000	0.008406
815.000000	0.017087
816.000000	0.019714
817.000000	0.015911
818.000000	0.009501
819.000000	0.004648
820.000000	0.002681
821.000000	0.003981
822.000000	0.007970
823.000000	0.013203
824.000000	0.015718
825.000000	0.012864
826.000000	0.009755
827.000000	0.012771
828.000000	0.025589
829.000000	0.047578
830.000000	0.063577
831.000000	0.060469
832.000000	0.047833
833.000000	0.038059
834.000000	0.032090
835.000000	0.028186
836.000000	0.025316
837.000000	0.022589
838.000000	0.018976
839.000000	0.013785
840.000000	0.007819
841.000000	0.002451
842.000000	-0.000168
843.000000	0.001625
844.000000	0.006758
845.000000	0.013140
846.000000	0.017323
847.000000	0.017091
848.000000	0.016505
849.000000	0.020073
850.000000	0.027806
851.000000	0.037698
852.000000	0.044172
853.000000	0.043132
854.000000	0.039970
855.000000	0.041130
856.000000	0.047774
857.000000	0.058024
858.000000	0.063117
859.000000	0.055739
860.000000	0.041264
861.000000	0.027412
862.000000	0.018613
863.000000	0.016688
864.000000	0.016310
865.000000	0.012186
866.000000	0.006305
867.000000	0.002221
868.000000	0.002477
869.000000	0.008332
870.000000	0.016929
871.000000	0.024794
872.000000	0.030091
873.000000	0.031582
874.000000	0.028784
875.000000	0.022234
876.000000	0.015787
877.000000	0.013158
878.000000	0.014186
879.000000	0.017509
880.000000	0.020831
881.000000	0.021735
882.000000	0.018239
883.000000	0.009430
884.000000	-0.001765
885.000000	-0.011042
886.000000	-0.012430
887.000000	-0.002432
888.000000	0.010882
889.000000	0.018385
890.000000	0.018275
891.000000	0.011792
892.000000	0.005024
893.000000	0.003326
894.000000	0.004280
895.000000	0.004271
896.000000	0.002660
897.000000	0.000316
898.000000	0.001153
899.000000	0.007984
900.000000	0.016186
901.000000	0.020266
902.000000	0.018704
903.000000	0.012632
904.000000	0.009826
905.000000	0.016851
906.000000	0.028794
907.000000	0.038575
908.000000	0.041929
909.000000	0.037032
910.000000	0.029018
911.000000	0.023402
912.000000	0.020258
913.000000	0.018382
914.000000	0.016914
915.000000	0.015920
916.000000	0.018839
917.000000	0.028150
918.000000	0.039113
919.000000	0.045493
920.000000	0.042297
921.000000	0.027800
922.000000	0.012113
923.000000	0.005476
924.000000	0.006819
925.000000	0.011866
926.000000	0.014836
927.000000	0.011998
928.000000	0.009314
929.000000	0.013126
930.000000	0.021595
931.000000	0.030386
932.000000	0.033357
933.000000	0.026702
934.000000	0.017772
935.000000	0.014677
936.000000	0.017399
937.000000	0.023059
938.000000	0.025469
939.000000	0.020175
940.000000	0.012968
941.000000	0.010729
942.000000	0.014441
943.000000	0.022787
944.000000	0.031142
945.000000	0.035185
946.000000	0.035131
947.000000	0.032308
948.000000	0.027961
949.000000	0.023439
950.000000	0.020574
951.000000	0.020484
952.000000	0.020935
953.000000	0.019443
954.000000	0.015884
955.000000	0.011494
956.000000	0.010576
957.000000	0.016249
958.000000	0.023814
959.000000	0.027575
960.000000	0.025668
961.000000	0.018686
962.000000	0.013232
963.000000	0.014949
964.000000	0.019638
965.000000	0.021418
966.000000	0.017527
967.000000	0.007354
968.000000	-0.004216
969.000000	-0.011648
970.000000	-0.012294
971.000000	-0.004862
972.000000	0.009389
973.000000	0.026734
974.000000	0.036126
975.000000	0.028819
976.000000	0.012587
977.000000	-0.001450
978.000000	-0.005301
979.000000	0.004826
980.000000	0.019076
981.000000	0.026941
982.000000	0.028967
983.000000	0.028398
984.000000	0.028226
985.000000	0.030030
986.000000	0.029981
987.000000	0.024509
988.000000	0.016493
989.000000	0.010286
990.000000	0.009682
991.000000	0.016873
992.000000	0.028214
993.000000	0.039149
994.000000	0.047323
995.000000	0.051059
996.000000	0.049191
997.000000	0.043183
998.000000	0.044517
999.000000	0.061472
1000.000000	0.079513
1001.000000	0.084080
1002.000000	0.083324
1003.000000	0.086822
1004.000000	0.087135
1005.000000	0.076454
1006.000000	0.062520
1007.000000	0.054060
1008.000000	0.048211
1009.000000	0.040791
1010.000000	0.033930
1011.000000	0.030464
1012.000000	0.029747
1013.000000	0.030178
1014.000000	0.029818
1015.000000	0.026954
1016.000000	0.021123
1017.000000	0.012701
1018.000000	0.004165
1019.000000	-0.001385
1020.000000	-0.000453
1021.000000	0.008519
1022.000000	0.018953
1023.000000	0.023840
1024.000000	0.022574
1025.000000	0.016656
1026.000000	0.009595
1027.000000	0.005284
1028.000000	0.007144
1029.000000	0.016278
1030.000000	0.025006
1031.000000	0.026279
1032.000000	0.024368
1033.000000	0.024415
1034.000000	0.023731
1035.000000	0.019367
1036.000000	0.015160
1037.000000	0.014590
1038.000000	0.012932
1039.000000	0.005668
1040.000000	-0.002675
1041.000000	-0.006583
1042.000000	-0.005626
1043.000000	-0.001164
1044.000000	0.003369
1045.000000	0.004805
1046.000000	0.003114
1047.000000	-0.000675
1048.000000	-0.004437
1049.000000	-0.005580
1050.000000	-0.000744
1051.000000	0.011555
1052.000000	0.024518
1053.000000	0.030836
1054.000000	0.029445
1055.000000	0.021776
1056.000000	0.013003
1057.000000	0.007934
1058.000000	0.006171
1059.000000	0.006363
1060.000000	0.008552
1061.000000	0.013274
1062.000000	0.021653
1063.000000	0.033604
1064.000000	0.043604
1065.000000	0.046228
1066.000000	0.041863
1067.000000	0.033274
1068.000000	0.026923
1069.000000	0.027974
1070.000000	0.032695
1071.000000	0.036086
1072.000000	0.036952
1073.000000	0.035562
1074.000000	0.034219
1075.000000	0.035150
1076.000000	0.038244
1077.000000	0.042771
1078.000000	0.047872
1079.000000	0.052599
1080.000000	0.055771
1081.000000	0.056545
1082.000000	0.055665
1083.000000	0.054148
1084.000000	0.052510
1085.000000	0.051064
1086.000000	0.049808
1087.000000	0.048970
1088.000000	0.050002
1089.000000	0.054190
1090.000000	0.060930
1091.000000	0.068938
1092.000000	0.076108
1093.000000	0.079744
1094.000000	0.075609
1095.000000	0.060990
1096.000000	0.040802
1097.000000	0.022860
1098.000000	0.018940
1099.000000	0.036320
1100.000000	0.060322
1101.000000	0.074194
1102.000000	0.074854
1103.000000	0.064291
1104.000000	0.051119
1105.000000	0.043424
1106.000000	0.040563
1107.000000	0.040192
1108.000000	0.041908
1109.000000	0.045859
1110.000000	0.052467
1111.000000	0.060901
1112.000000	0.065043
1113.000000	0.059493
1114.000000	0.047021
1115.000000	0.033161
1116.000000	0.026332
1117.000000	0.032486
1118.000000	0.044813
1119.000000	0.054895
1120.000000	0.060635
1121.000000	0.062049
1122.000000	0.061288
1123.000000	0.060964
1124.000000	0.063413
1125.000000	0.070241
1126.000000	0.080409
1127.000000	0.091977
1128.000000	0.102035
1129.000000	0.107844
1130.000000	0.108327
1131.000000	0.103112
1132.000000	0.092996
1133.000000	0.079209
1134.000000	0.063559
1135.000000	0.048234
1136.000000	0.036374
1137.000000	0.030291
1138.000000	0.028022
1139.000000	0.026457
1140.000000	0.022161
1141.000000	0.013203
1142.000000	0.003987
1143.000000	-0.000931
1144.000000	-0.002724
1145.000000	-0.004022
1146.000000	-0.007545
1147.000000	-0.014683
1148.000000	-0.021405
1149.000000	-0.023518
1150.000000	-0.021608
1151.000000	-0.017483
1152.000000	-0.013059
1153.000000	-0.009627
1154.000000	-0.005873
1155.000000	-0.000269
1156.000000	0.006969
1157.000000	0.015092
1158.000000	0.022966
1159.000000	0.028853
1160.000000	0.028973
1161.000000	0.021051
1162.000000	0.010858
1163.000000	0.005380
1164.000000	0.008402
1165.000000	0.020200
1166.000000	0.030211
1167.000000	0.028603
1168.000000	0.019305
1169.000000	0.009198
1170.000000	0.003208
1171.000000	0.004501
1172.000000	0.011149
1173.000000	0.019893
1174.000000	0.027238
1175.000000	0.030175
1176.000000	0.027887
1177.000000	0.021110
1178.000000	0.014603
1179.000000	0.012673
1180.000000	0.013795
1181.000000	0.015301
1182.000000	0.015794
1183.000000	0.014637
1184.000000	0.012973
1185.000000	0.011717
1186.000000	0.009088
1187.000000	0.003225
1188.000000	-0.005359
1189.000000	-0.015039
1190.000000	-0.022112
1191.000000	-0.023385
1192.000000	-0.019791
1193.000000	-0.013215
1194.000000	-0.005212
1195.000000	0.002744
1196.000000	0.009188
1197.000000	0.013203
1198.000000	0.016061
1199.000000	0.019045
1200.000000	0.021280
1201.000000	0.021108
1202.000000	0.015885
1203.000000	0.005229
1204.000000	-0.001222
1205.000000	0.005435
1206.000000	0.021147
1207.000000	0.037817
1208.000000	0.044121
1209.000000	0.033153
1210.000000	0.018905
1211.000000	0.016726
1212.000000	0.026503
1213.000000	0.043521
1214.000000	0.060130
1215.000000	0.070058
1216.000000	0.075475
1217.000000	0.079682
1218.000000	0.082067
1219.000000	0.081272
1220.000000	0.076852
1221.000000	0.070294
1222.000000	0.069884
1223.000000	0.082180
1224.000000	0.100041
1225.000000	0.113691
1226.000000	0.116526
1227.000000	0.106190
1228.000000	0.094165
1229.000000	0.091889
1230.000000	0.096795
1231.000000	0.103203
1232.000000	0.106979
1233.000000	0.105347
1234.000000	0.099403
1235.000000	0.091512
1236.000000	0.085222
1237.000000	0.083735
1238.000000	0.087666
1239.000000	0.096042
1240.000000	0.104116
1241.000000	0.107613
1242.000000	0.107923
1243.000000	0.107419
1244.000000	0.106751
1245.000000	0.105752
1246.000000	0.102718
1247.000000	0.096830
1248.000000	0.092342
1249.000000	0.093465
1250.000000	0.099163
1251.000000	0.106446
1252.000000	0.109744
1253.000000	0.104858
1254.000000	0.095655
1255.000000	0.087332
1256.000000	0.082340
1257.000000	0.082107
1258.000000	0.086724
1259.000000	0.095085
1260.000000	0.102621
1261.000000	0.104971
1262.000000	0.102049
1263.000000	0.095114
1264.000000	0.086508
1265.000000	0.078722
1266.000000	0.073744
1267.000000	0.072860
1268.000000	0.075048
1269.000000	0.078682
1270.000000	0.082028
1271.000000	0.083519
1272.000000	0.082375
1273.000000	0.078535
1274.000000	0.074026
1275.000000	0.071111
1276.000000	0.070895
1277.000000	0.073601
1278.000000	0.077076
1279.000000	0.079041
1280.000000	0.079078
1281.000000	0.077270
1282.000000	0.073851
1283.000000	0.069096
1284.000000	0.063290
1285.000000	0.057345
1286.000000	0.054673
1287.000000	0.058381
1288.000000	0.067851
1289.000000	0.080939
1290.000000	0.093133
1291.000000	0.100498
1292.000000	0.103793
1293.000000	0.104759
1294.000000	0.104380
1295.000000	0.103433
1296.000000	0.102635
1297.000000	0.103063
1298.000000	0.107312
1299.000000	0.117266
1300.000000	0.130453
1301.000000	0.143368
1302.000000	0.152725
1303.000000	0.156652
1304.000000	0.158703
1305.000000	0.162868
1306.000000	0.169464
1307.000000	0.177755
1308.000000	0.186479
1309.000000	0.194181
1310.000000	0.199154
1311.000000	0.199950
1312.000000	0.196412
1313.000000	0.188903
1314.000000	0.178572
1315.000000	0.166987
1316.000000	0.156607
1317.000000	0.149422
1318.000000	0.144658
1319.000000	0.141084
1320.000000	0.138399
1321.000000	0.136704
1322.000000	0.136767
1323.000000	0.139142
1324.000000	0.142859
1325.000000	0.146701
1326.000000	0.149980
1327.000000	0.152226
1328.000000	0.153308
1329.000000	0.153704
1330.000000	0.155979
1331.000000	0.162206
1332.000000	0.170405
1333.000000	0.177640
1334.000000	0.181198
1335.000000	0.179731
1336.000000	0.177135
1337.000000	0.177369
1338.000000	0.179403
1339.000000	0.181040
1340.000000	0.180407
1341.000000	0.176184
1342.000000	0.168942
1343.000000	0.159528
1344.000000	0.148007
1345.000000	0.134779
1346.000000	0.122355
1347.000000	0.114471
1348.000000	0.117642
1349.000000	0.134923
1350.000000	0.152737
1351.000000	0.156749
1352.000000	0.146219
1353.000000	0.125740
1354.000000	0.107645
1355.000000	0.102045
1356.000000	0.102440
1357.000000	0.100470
1358.000000	0.096962
1359.000000	0.095218
1360.000000	0.099251
1361.000000	0.110875
1362.000000	0.122396
1363.000000	0.125997
1364.000000	0.122884
1365.000000	0.116566
1366.000000	0.110753
1367.000000	0.108636
1368.000000	0.111139
1369.000000	0.117650
1370.000000	0.123685
1371.000000	0.124509
1372.000000	0.118262
1373.000000	0.104828
1374.000000	0.088184
1375.000000	0.072890
1376.000000	0.061748
1377.000000	0.056680
1378.000000	0.057851
1379.000000	0.064625
1380.000000	0.074930
1381.000000	0.085995
1382.000000	0.093694
1383.000000	0.094732
1384.000000	0.090483
1385.000000	0.083695
1386.000000	0.077939
1387.000000	0.075724
1388.000000	0.074492
1389.000000	0.071247
1390.000000	0.066300
1391.000000	0.060836
1392.000000	0.056244
1393.000000	0.054007
1394.000000	0.055798
1395.000000	0.062225
1396.000000	0.069449
1397.000000	0.073399
1398.000000	0.073525
1399.000000	0.071344
1400.000000	0.073111
1401.000000	0.082731
1402.000000	0.089983
1403.000000	0.084402
1404.000000	0.068686
1405.000000	0.050129
1406.000000	0.041244
1407.000000	0.050457
1408.000000	0.064615
1409.000000	0.068942
1410.000000	0.063741
1411.000000	0.053502
1412.000000	0.044385
1413.000000	0.041025
1414.000000	0.040293
1415.000000	0.038659
1416.000000	0.038758
1417.000000	0.043915
1418.000000	0.054041
1419.000000	0.066745
1420.000000	0.073831
1421.000000	0.068216
1422.000000	0.053075
1423.000000	0.034203
1424.000000	0.017611
1425.000000	0.009230
1426.000000	0.014447
1427.000000	0.034755
1428.000000	0.056605
1429.000000	0.066515
1430.000000	0.066320
1431.000000	0.062356
1432.000000	0.063663
1433.000000	0.075803
1434.000000	0.087737
1435.000000	0.088429
1436.000000	0.083473
1437.000000	0.081620
1438.000000	0.087631
1439.000000	0.101851
1440.000000	0.110947
1441.000000	0.103964
1442.000000	0.093125
1443.000000	0.093433
1444.000000	0.107822
1445.000000	0.133477
1446.000000	0.156645
1447.000000	0.164983
1448.000000	0.162731
1449.000000	0.157284
1450.000000	0.152087
1451.000000	0.149222
1452.000000	0.149257
1453.000000	0.151791
1454.000000	0.154050
1455.000000	0.153271
1456.000000	0.149101
1457.000000	0.142063
1458.000000	0.133758
1459.000000	0.126401
1460.000000	0.123579
1461.000000	0.127886
1462.000000	0.136566
1463.000000	0.145554
1464.000000	0.150885
1465.000000	0.148743
1466.000000	0.135800
1467.000000	0.111905
1468.000000	0.089124
1469.000000	0.079102
1470.000000	0.079589
1471.000000	0.084109
1472.000000	0.083163
1473.000000	0.071126
1474.000000	0.060883
1475.000000	0.065278
1476.000000	0.078478
1477.000000	0.090702
1478.000000	0.095062
1479.000000	0.088233
1480.000000	0.078258
1481.000000	0.073490
1482.000000	0.072163
1483.000000	0.070608
1484.000000	0.067657
1485.000000	0.063240
1486.000000	0.059167
1487.000000	0.056985
1488.000000	0.055305
1489.000000	0.052512
1490.000000	0.049012
1491.000000	0.045700
1492.000000	0.043397
1493.000000	0.041774
1494.000000	0.035959
1495.000000	0.022289
1496.000000	0.006467
1497.000000	-0.004504
1498.000000	-0.007788
1499.000000	-0.003808
1500.000000	-0.001861
1501.000000	-0.009959
1502.000000	-0.022092
1503.000000	-0.030064
1504.000000	-0.030952
1505.000000	-0.024001
1506.000000	-0.011866
1507.000000	0.001317
1508.000000	0.008886
1509.000000	0.005749
1510.000000	-0.004395
1511.000000	-0.015707
1512.000000	-0.022572
1513.000000	-0.021474
1514.000000	-0.017056
1515.000000	-0.014801
1516.000000	-0.015407
1517.000000	-0.018187
1518.000000	-0.021711
1519.000000	-0.024143
1520.000000	-0.022758
1521.000000	-0.016191
1522.000000	-0.009401
1523.000000	-0.007382
1524.000000	-0.008928
1525.000000	-0.010954
1526.000000	-0.009048
1527.000000	-0.000501
1528.000000	0.009264
1529.000000	0.014248
1530.000000	0.014294
1531.000000	0.010775
1532.000000	0.005338
1533.000000	-0.000589
1534.000000	-0.006731
1535.000000	-0.012601
1536.000000	-0.015710
1537.000000	-0.013889
1538.000000	-0.008248
1539.000000	-0.001151
1540.000000	0.003318
1541.000000	0.002611
1542.000000	0.002057
1543.000000	0.007137
1544.000000	0.016075
1545.000000	0.025325
1546.000000	0.031533
1547.000000	0.032786
1548.000000	0.032754
1549.000000	0.035172
1550.000000	0.038468
1551.000000	0.040316
1552.000000	0.040698
1553.000000	0.040733
1554.000000	0.043781
1555.000000	0.051883
1556.000000	0.059549
1557.000000	0.061135
1558.000000	0.057902
1559.000000	0.053059
1560.000000	0.050687
1561.000000	0.053254
1562.000000	0.055899
1563.000000	0.053993
1564.000000	0.051150
1565.000000	0.052237
1566.000000	0.058879
1567.000000	0.070569
1568.000000	0.081521
1569.000000	0.086904
1570.000000	0.090998
1571.000000	0.098693
1572.000000	0.108197
1573.000000	0.115786
1574.000000	0.116673
1575.000000	0.108726
1576.000000	0.101499
1577.000000	0.104269
1578.000000	0.113532
1579.000000	0.123202
1580.000000	0.129656
1581.000000	0.131790
1582.000000	0.136117
1583.000000	0.147590
1584.000000	0.157317
1585.000000	0.155722
1586.000000	0.144334
1587.000000	0.128513
1588.000000	0.117839
1589.000000	0.118813
1590.000000	0.121394
1591.000000	0.114729
1592.000000	0.101250
1593.000000	0.086478
1594.000000	0.075008
1595.000000	0.069697
1596.000000	0.067386
1597.000000	0.064704
1598.000000	0.063446
1599.000000	0.066022
1600.000000	0.072137
1601.000000	0.080496
1602.000000	0.088509
1603.000000	0.093434
1604.000000	0.093222
1605.000000	0.087126
1606.000000	0.078924
1607.000000	0.073138
1608.000000	0.072731
1609.000000	0.078937
1610.000000	0.087632
1611.000000	0.094269
1612.000000	0.097966
1613.000000	0.098744
1614.000000	0.096561
1615.000000	0.091451
1616.000000	0.083799
1617.000000	0.075123
1618.000000	0.071110
1619.000000	0.076300
1620.000000	0.086486
1621.000000	0.095586
1622.000000	0.098775
1623.000000	0.093156
1624.000000	0.082277
1625.000000	0.070849
1626.000000	0.061794
1627.000000	0.057070
1628.000000	0.056583
1629.000000	0.059366
1630.000000	0.063010
1631.000000	0.065440
1632.000000	0.067361
1633.000000	0.069691
1634.000000	0.071415
1635.000000	0.071282
1636.000000	0.069025
1637.000000	0.065140
1638.000000	0.062186
1639.000000	0.062819
1640.000000	0.068011
1641.000000	0.077749
1642.000000	0.089773
1643.000000	0.101148
1644.000000	0.108490
1645.000000	0.110225
1646.000000	0.112459
1647.000000	0.120944
1648.000000	0.132326
1649.000000	0.141451
1650.000000	0.145081
1651.000000	0.141897
1652.000000	0.136343
1653.000000	0.133027
1654.000000	0.131435
1655.000000	0.130163
1656.000000	0.129364
1657.000000	0.129619
1658.000000	0.131676
1659.000000	0.135442
1660.000000	0.137290
1661.000000	0.134432
1662.000000	0.130977
1663.000000	0.131936
1664.000000	0.139018
1665.000000	0.151777
1666.000000	0.164441
1667.000000	0.171044
1668.000000	0.170173
1669.000000	0.162297
1670.000000	0.150865
1671.000000	0.140018
1672.000000	0.133686
1673.000000	0.134131
1674.000000	0.137144
1675.000000	0.138122
1676.000000	0.137345
1677.000000	0.136119
1678.000000	0.134969
1679.000000	0.133992
1680.000000	0.132349
1681.000000	0.129006
1682.000000	0.123081
1683.000000	0.114256
1684.000000	0.104321
1685.000000	0.095446
1686.000000	0.089223
1687.000000	0.086236
1688.000000	0.083621
1689.000000	0.078654
1690.000000	0.072608
1691.000000	0.067503
1692.000000	0.064335
1693.000000	0.063555
1694.000000	0.064464
1695.000000	0.066053
1696.000000	0.067222
1697.000000	0.066571
1698.000000	0.061604
1699.000000	0.051418
1700.000000	0.042592
1701.000000	0.041127
1702.000000	0.043248
1703.000000	0.044051
1704.000000	0.043903
1705.000000	0.044122
1706.000000	0.044558
1707.000000	0.044845
1708.000000	0.045214
1709.000000	0.045815
1710.000000	0.045869
1711.000000	0.045143
1712.000000	0.046524
1713.000000	0.050791
1714.000000	0.047180
1715.000000	0.027328
1716.000000	0.004020
1717.000000	-0.008833
1718.000000	-0.013969
1719.000000	-0.016788
1720.000000	-0.016688
1721.000000	-0.012301
1722.000000	-0.005184
1723.000000	0.002273
1724.000000	0.007280
1725.000000	0.007742
1726.000000	0.004754
1727.000000	0.000189
1728.000000	-0.004147
1729.000000	-0.006621
1730.000000	-0.006210
1731.000000	-0.002519
1732.000000	0.002940
1733.000000	0.008391
1734.000000	0.012905
1735.000000	0.015749
1736.000000	0.016137
1737.000000	0.013165
1738.000000	0.005513
1739.000000	-0.006504
1740.000000	-0.015611
1741.000000	-0.015033
1742.000000	-0.006966
1743.000000	0.003880
1744.000000	0.011713
1745.000000	0.012600
1746.000000	0.011121
1747.000000	0.011925
1748.000000	0.011408
1749.000000	0.005230
1750.000000	-0.005652
1751.000000	-0.018209
1752.000000	-0.026437
1753.000000	-0.026101
1754.000000	-0.023023
1755.000000	-0.023525
1756.000000	-0.025882
1757.000000	-0.026694
1758.000000	-0.023904
1759.000000	-0.016688
1760.000000	-0.007800
1761.000000	-0.000783
1762.000000	0.001246
1763.000000	-0.003423
1764.000000	-0.011299
1765.000000	-0.017720
1766.000000	-0.018546
1767.000000	-0.011901
1768.000000	-0.004430
1769.000000	-0.002668
1770.000000	-0.004181
1771.000000	-0.004998
1772.000000	-0.003978
1773.000000	-0.001172
1774.000000	0.001432
1775.000000	0.002289
1776.000000	0.003577
1777.000000	0.007414
1778.000000	0.011976
1779.000000	0.014704
1780.000000	0.014055
1781.000000	0.009251
1782.000000	0.001547
1783.000000	-0.007058
1784.000000	-0.013627
1785.000000	-0.015915
1786.000000	-0.015395
1787.000000	-0.014406
1788.000000	-0.015021
1789.000000	-0.018204
1790.000000	-0.020730
1791.000000	-0.019476
1792.000000	-0.015902
1793.000000	-0.012428
1794.000000	-0.010731
1795.000000	-0.011620
1796.000000	-0.013189
1797.000000	-0.013319
1798.000000	-0.011754
1799.000000	-0.008353
1800.000000	-0.001563
1801.000000	0.007873
1802.000000	0.008628
1803.000000	-0.006884
1804.000000	-0.020711
1805.000000	-0.015719
1806.000000	-0.003592
1807.000000	0.001582
1808.000000	0.004904
1809.000000	0.012250
1810.000000	0.013399
1811.000000	-0.000577
1812.000000	-0.017324
1813.000000	-0.023385
1814.000000	-0.022161
1815.000000	-0.019900
1816.000000	-0.017374
1817.000000	-0.013996
1818.000000	-0.009211
1819.000000	-0.003212
1820.000000	0.000843
1821.000000	0.000064
1822.000000	-0.004405
1823.000000	-0.010464
1824.000000	-0.016233
1825.000000	-0.020070
1826.000000	-0.021055
1827.000000	-0.018583
1828.000000	-0.012589
1829.000000	-0.003921
1830.000000	0.003453
1831.000000	0.005715
1832.000000	0.002772
1833.000000	-0.003605
1834.000000	-0.007897
1835.000000	-0.005784
1836.000000	-0.001483
1837.000000	0.000106
1838.000000	-0.000115
1839.000000	-0.000046
1840.000000	0.001412
1841.000000	0.004273
1842.000000	0.005215
1843.000000	0.001417
1844.000000	-0.004614
1845.000000	-0.009451
1846.000000	-0.011320
1847.000000	-0.009258
1848.000000	-0.003900
1849.000000	0.003114
1850.000000	0.007716
1851.000000	0.006638
1852.000000	0.002244
1853.000000	-0.002191
1854.000000	-0.005379
1855.000000	-0.006812
1856.000000	-0.007132
1857.000000	-0.007272
1858.000000	-0.008195
1859.000000	-0.010125
1860.000000	-0.010293
1861.000000	-0.006084
1862.000000	0.001511
1863.000000	0.010069
1864.000000	0.015034
1865.000000	0.013084
1866.000000	0.007970
1867.000000	0.003935
1868.000000	0.000120
1869.000000	-0.005078
1870.000000	-0.011131
1871.000000	-0.016383
1872.000000	-0.016796
1873.000000	-0.009840
1874.000000	-0.001400
1875.000000	0.002373
1876.000000	0.002688
1877.000000	0.002400
1878.000000	0.003580
1879.000000	0.007108
1880.000000	0.009896
1881.000000	0.009492
1882.000000	0.009970
1883.000000	0.015260
1884.000000	0.022186
1885.000000	0.026169
1886.000000	0.024123
1887.000000	0.015321
1888.000000	0.006973
1889.000000	0.005658
1890.000000	0.007503
1891.000000	0.007190
1892.000000	0.004071
1893.000000	-0.000982
1894.000000	-0.005680
1895.000000	-0.007853
1896.000000	-0.007225
1897.000000	-0.004200
1898.000000	0.000000
1899.000000	0.004009
1900.000000	0.006717
1901.000000	0.007252
1902.000000	0.005434
1903.000000	0.001126
1904.000000	-0.006326
1905.000000	-0.016178
1906.000000	-0.021567
1907.000000	-0.016464
1908.000000	-0.004289
1909.000000	0.008274
1910.000000	0.010926
1911.000000	-0.001767
1912.000000	-0.012155
1913.000000	-0.003785
1914.000000	0.011920
1915.000000	0.019620
1916.000000	0.016163
1917.000000	0.004189
1918.000000	-0.002700
1919.000000	0.005802
1920.000000	0.015858
1921.000000	0.012424
1922.000000	-0.000220
1923.000000	-0.013557
1924.000000	-0.021449
1925.000000	-0.019793
1926.000000	-0.010239
1927.000000	0.002965
1928.000000	0.010947
1929.000000	0.006930
1930.000000	-0.002859
1931.000000	-0.010026
1932.000000	-0.010497
1933.000000	-0.003520
1934.000000	0.002711
1935.000000	0.000847
1936.000000	-0.004122
1937.000000	-0.005764
1938.000000	-0.004227
1939.000000	-0.001310
1940.000000	0.001149
1941.000000	0.001824
1942.000000	0.001485
1943.000000	0.000964
1944.000000	-0.000741
1945.000000	-0.004339
1946.000000	-0.007517
1947.000000	-0.007653
1948.000000	-0.003905
1949.000000	0.003023
1950.000000	0.008026
1951.000000	0.007183
1952.000000	0.005707
1953.000000	0.008922
1954.000000	0.013467
1955.000000	0.014414
1956.000000	0.009243
1957.000000	-0.001604
1958.000000	-0.008257
1959.000000	-0.002345
1960.000000	0.009094
1961.000000	0.016833
1962.000000	0.018316
1963.000000	0.013378
1964.000000	0.004762
1965.000000	-0.003815
1966.000000	-0.007654
1967.000000	-0.004028
1968.000000	0.000922
1969.000000	0.000861
1970.000000	-0.002440
1971.000000	-0.005163
1972.000000	-0.003404
1973.000000	0.005131
1974.000000	0.016217
1975.000000	0.024268
1976.000000	0.024781
1977.000000	0.015401
1978.000000	0.001281
1979.000000	-0.010873
1980.000000	-0.015644
1981.000000	-0.010665
1982.000000	-0.004478
1983.000000	-0.004986
1984.000000	-0.006619
1985.000000	-0.002510
1986.000000	0.005930
1987.000000	0.014979
1988.000000	0.019945
1989.000000	0.017246
1990.000000	0.008700
1991.000000	-0.002177
1992.000000	-0.010475
1993.000000	-0.012171
1994.000000	-0.008171
1995.000000	-0.000836
1996.000000	0.006577
1997.000000	0.011793
1998.000000	0.017364
1999.000000	0.024689
2000.000000	0.025743
2001.000000	0.013700
2002.000000	-0.004039
2003.000000	-0.017082
2004.000000	-0.017306
2005.000000	-0.001738
2006.000000	0.014271
2007.000000	0.016311
2008.000000	0.012067
2009.000000	0.011782
2010.000000	0.013827
2011.000000	0.013811
2012.000000	0.008169
2013.000000	-0.003718
2014.000000	-0.011517
2015.000000	-0.006139
2016.000000	0.005587
2017.000000	0.014672
2018.000000	0.019397
2019.000000	0.020195
2020.000000	0.018831
2021.000000	0.016761
2022.000000	0.012888
2023.000000	0.006066
2024.000000	-0.002478
2025.000000	-0.010825
2026.000000	-0.016664
2027.000000	-0.018020
2028.000000	-0.014656
2029.000000	-0.007528
2030.000000	-0.000633
2031.000000	0.002413
2032.000000	0.002548
2033.000000	0.001419
2034.000000	-0.001055
2035.000000	-0.005112
2036.000000	-0.009896
2037.000000	-0.013822
2038.000000	-0.013491
2039.000000	-0.006552
2040.000000	0.003336
2041.000000	0.011672
2042.000000	0.016605
2043.000000	0.017348
2044.000000	0.014734
2045.000000	0.010226
2046.000000	0.006183
2047.000000	0.004653
2048.000000	0.005558
2049.000000	0.008239
2050.000000	0.011849
2051.000000	0.015453
2052.000000	0.017961
2053.000000	0.018371
2054.000000	0.016203
2055.000000	0.011219
2056.000000	0.003640
2057.000000	-0.005131
2058.000000	-0.009408
2059.000000	-0.004152
2060.000000	0.008796
2061.000000	0.024616
2062.000000	0.033453
2063.000000	0.028090
2064.000000	0.016913
2065.000000	0.009716
2066.000000	0.006330
2067.000000	0.004542
2068.000000	0.003932
2069.000000	0.004802
2070.000000	0.008542
2071.000000	0.015184
2072.000000	0.018253
2073.000000	0.012269
2074.000000	0.002255
2075.000000	-0.005334
2076.000000	-0.008799
2077.000000	-0.008348
2078.000000	-0.007051
2079.000000	-0.007593
2080.000000	-0.008261
2081.000000	-0.006967
2082.000000	-0.004510
2083.000000	-0.002187
2084.000000	-0.000385
2085.000000	0.000872
2086.000000	0.002106
2087.000000	0.004116
2088.000000	0.008265
2089.000000	0.014936
2090.000000	0.020017
2091.000000	0.019646
2092.000000	0.015445
2093.000000	0.010328
2094.000000	0.006886
2095.000000	0.006282
2096.000000	0.004304
2097.000000	-0.002456
2098.000000	-0.008800
2099.000000	-0.009171
2100.000000	-0.005184
2101.000000	-0.000112
2102.000000	0.003324
2103.000000	0.003575
2104.000000	0.003239
2105.000000	0.004560
2106.000000	0.004215
2107.000000	-0.000326
2108.000000	-0.002855
2109.000000	0.002931
2110.000000	0.014991
2111.000000	0.027462
2112.000000	0.027543
2113.000000	0.007683
2114.000000	-0.011731
2115.000000	-0.010771
2116.000000	0.000712
2117.000000	0.007962
2118.000000	0.006394
2119.000000	-0.003818
2120.000000	-0.013632
2121.000000	-0.014105
2122.000000	-0.005554
2123.000000	0.008419
2124.000000	0.020330
2125.000000	0.023723
2126.000000	0.020125
2127.000000	0.013477
2128.000000	0.009376
2129.000000	0.011240
2130.000000	0.012112
2131.000000	0.005828
2132.000000	-0.000223
2133.000000	0.001837
2134.000000	0.008305
2135.000000	0.012902
2136.000000	0.010639
2137.000000	-0.000727
2138.000000	-0.013746
2139.000000	-0.020324
2140.000000	-0.019496
2141.000000	-0.012518
2142.000000	-0.002403
2143.000000	0.007509
2144.000000	0.014337
2145.000000	0.015879
2146.000000	0.012205
2147.000000	0.004704
2148.000000	-0.002219
2149.000000	-0.004538
2150.000000	-0.002754
2151.000000	0.001577
2152.000000	0.007210
2153.000000	0.013084
2154.000000	0.018560
2155.000000	0.021844
2156.000000	0.016114
2157.000000	-0.002134
2158.000000	-0.018099
2159.000000	-0.017030
2160.000000	-0.002692
2161.000000	0.015685
2162.000000	0.025528
2163.000000	0.017660
2164.000000	-0.000161
2165.000000	-0.016840
2166.000000	-0.024858
2167.000000	-0.019893
2168.000000	-0.006843
2169.000000	0.007314
2170.000000	0.016502
2171.000000	0.016643
2172.000000	0.010763
2173.000000	0.003942
2174.000000	0.002374
2175.000000	0.010278
2176.000000	0.022869
2177.000000	0.033541
2178.000000	0.037405
2179.000000	0.031237
2180.000000	0.016771
2181.000000	-0.001916
2182.000000	-0.016317
2183.000000	-0.019496
2184.000000	-0.015218
2185.000000	-0.009346
2186.000000	-0.005418
2187.000000	-0.005566
2188.000000	-0.008623
2189.000000	-0.011925
2190.000000	-0.010127
2191.000000	-0.000088
2192.000000	0.009851
2193.000000	0.011350
2194.000000	0.007575
2195.000000	0.004090
2196.000000	0.004561
2197.000000	0.010316
2198.000000	0.015247
2199.000000	0.013497
2200.000000	0.007658
2201.000000	0.001891
2202.000000	-0.001820
2203.000000	-0.002564
2204.000000	-0.001545
2205.000000	-0.000555
2206.000000	-0.001612
2207.000000	-0.005320
2208.000000	-0.006407
2209.000000	-0.000360
2210.000000	0.008420
2211.000000	0.014236
2212.000000	0.015138
2213.000000	0.010842
2214.000000	0.003997
2215.000000	-0.001749
2216.000000	-0.001678
2217.000000	0.006206
2218.000000	0.011936
2219.000000	0.006407
2220.000000	-0.004076
2221.000000	-0.010418
2222.000000	-0.007761
2223.000000	0.005507
2224.000000	0.022259
2225.000000	0.034427
2226.000000	0.038911
2227.000000	0.034770
2228.000000	0.024738
2229.000000	0.012603
2230.000000	0.002702
2231.000000	-0.001198
2232.000000	0.001838
2233.000000	0.010910
2234.000000	0.020600
2235.000000	0.025333
2236.000000	0.023410
2237.000000	0.015541
2238.000000	0.008205
2239.000000	0.007890
2240.000000	0.015361
2241.000000	0.028067
2242.000000	0.035901
2243.000000	0.030521
2244.000000	0.018183
2245.000000	0.007763
2246.000000	0.004003
2247.000000	0.009099
2248.000000	0.019199
2249.000000	0.028854
2250.000000	0.032285
2251.000000	0.026327
2252.000000	0.018598
2253.000000	0.016721
2254.000000	0.017566
2255.000000	0.016499
2256.000000	0.013634
2257.000000	0.010377
2258.000000	0.008552
2259.000000	0.009604
2260.000000	0.013049
2261.000000	0.017275
2262.000000	0.018081
2263.000000	0.012501
2264.000000	0.005089
2265.000000	0.001269
2266.000000	0.002418
2267.000000	0.008054
2268.000000	0.014316
2269.000000	0.017107
2270.000000	0.014770
2271.000000	0.007225
2272.000000	-0.001724
2273.000000	-0.007866
2274.000000	-0.009242
2275.000000	-0.005142
2276.000000	0.002384
2277.000000	0.010392
2278.000000	0.015102
2279.000000	0.013631
2280.000000	0.007514
2281.000000	-0.000015
2282.000000	-0.003332
2283.000000	0.001832
2284.000000	0.011932
2285.000000	0.021305
2286.000000	0.023626
2287.000000	0.015673
2288.000000	0.007310
2289.000000	0.007591
2290.000000	0.009242
2291.000000	0.004049
2292.000000	-0.003633
2293.000000	-0.007340
2294.000000	-0.004729
2295.000000	0.003635
2296.000000	0.009695
2297.000000	0.007467
2298.000000	0.006765
2299.000000	0.016538
2300.000000	0.026472
2301.000000	0.025094
2302.000000	0.015568
2303.000000	0.004961
2304.000000	0.001316
2305.000000	0.008676
2306.000000	0.014100
2307.000000	0.005802
2308.000000	-0.006413
2309.000000	-0.010306
2310.000000	-0.005492
2311.000000	0.004814
2312.000000	0.014859
2313.000000	0.019011
2314.000000	0.014649
2315.000000	0.002244
2316.000000	-0.008397
2317.000000	-0.008271
2318.000000	-0.000947
2319.000000	0.007846
2320.000000	0.016298
2321.000000	0.023540
2322.000000	0.028535
2323.000000	0.029634
2324.000000	0.022912
2325.000000	0.007340
2326.000000	-0.004254
2327.000000	-0.000587
2328.000000	0.009594
2329.000000	0.014932
2330.000000	0.013660
2331.000000	0.007616
2332.000000	0.003458
2333.000000	0.006352
2334.000000	0.010671
2335.000000	0.009882
2336.000000	0.004602
2337.000000	-0.002433
2338.000000	-0.007181
2339.000000	-0.006257
2340.000000	-0.000223
2341.000000	0.008630
2342.000000	0.015022
2343.000000	0.014473
2344.000000	0.008674
2345.000000	0.001339
2346.000000	-0.001902
2347.000000	0.003214
2348.000000	0.013552
2349.000000	0.024193
2350.000000	0.030475
2351.000000	0.029375
2352.000000	0.024155
2353.000000	0.018259
2354.000000	0.009560
2355.000000	-0.003324
2356.000000	-0.013240
2357.000000	-0.013240
2358.000000	-0.005733
2359.000000	0.004131
2360.000000	0.009611
2361.000000	0.006563
2362.000000	0.002828
2363.000000	0.005923
2364.000000	0.010073
2365.000000	0.008876
2366.000000	0.006709
2367.000000	0.008986
2368.000000	0.014476
2369.000000	0.019528
2370.000000	0.017442
2371.000000	0.005251
2372.000000	-0.002039
2373.000000	0.008282
2374.000000	0.021749
2375.000000	0.021925
2376.000000	0.011647
2377.000000	-0.001639
2378.000000	-0.011318
2379.000000	-0.013274
2380.000000	-0.012557
2381.000000	-0.013853
2382.000000	-0.011223
2383.000000	0.000124
2384.000000	0.009758
2385.000000	0.007221
2386.000000	-0.002834
2387.000000	-0.012239
2388.000000	-0.013870
2389.000000	-0.004197
2390.000000	0.006989
2391.000000	0.009771
2392.000000	0.007048
2393.000000	0.003423
2394.000000	-0.002493
2395.000000	-0.011968
2396.000000	-0.019808
2397.000000	-0.020080
2398.000000	-0.010370
2399.000000	0.007594
2400.000000	0.019029
2401.000000	0.011843
2402.000000	-0.002233
2403.000000	-0.009049
2404.000000	-0.008602
2405.000000	-0.004303
2406.000000	0.000919
2407.000000	0.004746
2408.000000	0.006806
2409.000000	0.006684
2410.000000	0.001840
2411.000000	-0.008395
2412.000000	-0.015077
2413.000000	-0.010148
2414.000000	0.001311
2415.000000	0.011769
2416.000000	0.017047
2417.000000	0.015179
2418.000000	0.009705
2419.000000	0.004408
2420.000000	-0.001459
2421.000000	-0.009068
2422.000000	-0.016773
2423.000000	-0.022025
2424.000000	-0.021495
2425.000000	-0.013037
2426.000000	-0.000013
2427.000000	0.012366
2428.000000	0.016992
2429.000000	0.010194
2430.000000	0.003937
2431.000000	0.008938
2432.000000	0.015296
2433.000000	0.011847
2434.000000	0.002986
2435.000000	-0.003844
2436.000000	-0.004573
2437.000000	0.001765
2438.000000	0.007091
2439.000000	0.004704
2440.000000	0.002449
2441.000000	0.008183
2442.000000	0.015262
2443.000000	0.016314
2444.000000	0.015551
2445.000000	0.017434
2446.000000	0.015841
2447.000000	0.005833
2448.000000	-0.002199
2449.000000	0.001279
2450.000000	0.007051
2451.000000	0.004860
2452.000000	-0.000976
2453.000000	-0.003921
2454.000000	-0.003156
2455.000000	0.000288
2456.000000	0.003683
2457.000000	0.004434
2458.000000	0.002170
2459.000000	-0.002066
2460.000000	-0.003783
2461.000000	0.000413
2462.000000	0.006098
2463.000000	0.007951
2464.000000	0.004891
2465.000000	-0.002343
2466.000000	-0.009966
2467.000000	-0.013772
2468.000000	-0.010909
2469.000000	-0.000664
2470.000000	0.010487
2471.000000	0.015629
2472.000000	0.013269
2473.000000	0.004566
2474.000000	-0.004143
2475.000000	-0.006645
2476.000000	-0.002405
2477.000000	0.005921
2478.000000	0.008589
2479.000000	-0.000484
2480.000000	-0.005665
2481.000000	0.006530
2482.000000	0.019256
2483.000000	0.014223
2484.000000	-0.002312
2485.000000	-0.018366
2486.000000	-0.023598
2487.000000	-0.012281
2488.000000	0.004502
2489.000000	0.014620
2490.000000	0.018570
2491.000000	0.019557
2492.000000	0.018999
2493.000000	0.017464
2494.000000	0.013912
2495.000000	0.007534
2496.000000	0.000055
2497.000000	-0.005750
2498.000000	-0.005436
2499.000000	0.003118
2500.000000	0.011070
2501.000000	0.009920
2502.000000	0.003507
2503.000000	-0.002235
2504.000000	-0.005325
2505.000000	-0.005220
2506.000000	-0.003183
2507.000000	-0.000866
2508.000000	0.000312
2509.000000	-0.000157
2510.000000	0.000611
2511.000000	0.004959
2512.000000	0.009665
2513.000000	0.011304
2514.000000	0.011205
2515.000000	0.011497
2516.000000	0.012744
2517.000000	0.014555
2518.000000	0.014284
2519.000000	0.009622
2520.000000	0.001876
2521.000000	-0.006055
2522.000000	-0.008510
2523.000000	-0.001488
2524.000000	0.009624
2525.000000	0.018163
2526.000000	0.021764
2527.000000	0.020224
2528.000000	0.017700
2529.000000	0.017692
2530.000000	0.016715
2531.000000	0.011220
2532.000000	0.004390
2533.000000	0.000431
2534.000000	0.000913
2535.000000	0.006145
2536.000000	0.014035
2537.000000	0.021878
2538.000000	0.026930
2539.000000	0.027058
2540.000000	0.022598
2541.000000	0.015132
2542.000000	0.008741
2543.000000	0.006205
2544.000000	0.002588
2545.000000	-0.006484
2546.000000	-0.015431
2547.000000	-0.017221
2548.000000	-0.008962
2549.000000	0.007990
2550.000000	0.019419
2551.000000	0.013906
2552.000000	0.004087
2553.000000	0.003721
2554.000000	0.006996
2555.000000	0.005699
2556.000000	0.001579
2557.000000	-0.001327
2558.000000	0.000219
2559.000000	0.007683
2560.000000	0.016255
2561.000000	0.021124
2562.000000	0.023754
2563.000000	0.025962
2564.000000	0.024700
2565.000000	0.017418
2566.000000	0.008438
2567.000000	0.002951
2568.000000	0.002769
2569.000000	0.007792
2570.000000	0.013644
2571.000000	0.015880
2572.000000	0.014041
2573.000000	0.008921
2574.000000	0.002335
2575.000000	-0.003339
2576.000000	-0.004478
2577.000000	0.000962
2578.000000	0.007475
2579.000000	0.008576
2580.000000	0.001408
2581.000000	-0.012766
2582.000000	-0.019849
2583.000000	-0.008031
2584.000000	0.012508
2585.000000	0.028859
2586.000000	0.039193
2587.000000	0.043956
2588.000000	0.041616
2589.000000	0.031292
2590.000000	0.016694
2591.000000	0.003345
2592.000000	-0.000580
2593.000000	0.008982
2594.000000	0.016976
2595.000000	0.009843
2596.000000	-0.000891
2597.000000	-0.001399
2598.000000	0.006261
2599.000000	0.016195
2600.000000	0.023059
2601.000000	0.023074
2602.000000	0.018179
2603.000000	0.011182
2604.000000	0.002636
2605.000000	-0.006705
2606.000000	-0.013033
2607.000000	-0.013140
2608.000000	-0.009276
2609.000000	-0.004565
2610.000000	-0.000185
2611.000000	0.003374
2612.000000	0.006418
2613.000000	0.009064
2614.000000	0.009878
2615.000000	0.007925
2616.000000	0.005812
2617.000000	0.005686
2618.000000	0.004313
2619.000000	-0.001701
2620.000000	-0.011013
2621.000000	-0.020819
2622.000000	-0.027195
2623.000000	-0.026795
2624.000000	-0.019699
2625.000000	-0.008224
2626.000000	-0.000206
2627.000000	-0.000971
2628.000000	-0.000269
2629.000000	0.011399
2630.000000	0.024964
2631.000000	0.029459
2632.000000	0.024900
2633.000000	0.014801
2634.000000	0.005693
2635.000000	0.002104
2636.000000	-0.002467
2637.000000	-0.012649
2638.000000	-0.014563
2639.000000	0.002952
2640.000000	0.021683
2641.000000	0.022552
2642.000000	0.012405
2643.000000	0.003221
2644.000000	0.001577
2645.000000	0.009463
2646.000000	0.015912
2647.000000	0.010674
2648.000000	-0.000671
2649.000000	-0.009976
2650.000000	-0.014657
2651.000000	-0.013748
2652.000000	-0.007203
2653.000000	0.003490
2654.000000	0.011620
2655.000000	0.011022
2656.000000	0.002926
2657.000000	-0.007533
2658.000000	-0.006996
2659.000000	0.012343
2660.000000	0.027842
2661.000000	0.018318
2662.000000	-0.001136
2663.000000	-0.011584
2664.000000	-0.014990
2665.000000	-0.017157
2666.000000	-0.018351
2667.000000	-0.016675
2668.000000	-0.007127
2669.000000	0.011610
2670.000000	0.022995
2671.000000	0.013415
2672.000000	-0.001189
2673.000000	-0.003097
2674.000000	0.002969
2675.000000	0.008259
2676.000000	0.010366
2677.000000	0.009056
2678.000000	0.006442
2679.000000	0.004546
2680.000000	0.002661
2681.000000	-0.000144
2682.000000	-0.002983
2683.000000	-0.004306
2684.000000	-0.001728
2685.000000	0.005798
2686.000000	0.013126
2687.000000	0.014810
2688.000000	0.010397
2689.000000	0.001402
2690.000000	-0.007795
2691.000000	-0.013013
2692.000000	-0.013745
2693.000000	-0.010612
2694.000000	-0.005081
2695.000000	0.001160
2696.000000	0.006390
2697.000000	0.009258
2698.000000	0.009925
2699.000000	0.008981
2700.000000	0.007232
2701.000000	0.005493
2702.000000	0.004405
2703.000000	0.004600
2704.000000	0.006865
2705.000000	0.010489
2706.000000	0.008631
2707.000000	-0.003241
2708.000000	-0.014276
2709.000000	-0.012988
2710.000000	-0.000723
2711.000000	0.016972
2712.000000	0.030588
2713.000000	0.031838
2714.000000	0.021295
2715.000000	0.004138
2716.000000	-0.004894
2717.000000	0.004661
2718.000000	0.016591
2719.000000	0.014053
2720.000000	0.004361
2721.000000	-0.001574
2722.000000	-0.002606
2723.000000	-0.000301
2724.000000	0.002681
2725.000000	0.004675
2726.000000	0.009102
2727.000000	0.018719
2728.000000	0.028558
2729.000000	0.032383
2730.000000	0.026606
2731.000000	0.011259
2732.000000	-0.001805
2733.000000	-0.001536
2734.000000	0.008067
2735.000000	0.019327
2736.000000	0.024905
2737.000000	0.020536
2738.000000	0.013917
2739.000000	0.012515
2740.000000	0.010909
2741.000000	0.003317
2742.000000	-0.004586
2743.000000	-0.006694
2744.000000	-0.006619
2745.000000	-0.009020
2746.000000	-0.013023
2747.000000	-0.016135
2748.000000	-0.014917
2749.000000	-0.007130
2750.000000	0.003720
2751.000000	0.013070
2752.000000	0.017869
2753.000000	0.016797
2754.000000	0.013943
2755.000000	0.012694
2756.000000	0.008232
2757.000000	-0.003652
2758.000000	-0.016505
2759.000000	-0.022307
2760.000000	-0.017412
2761.000000	-0.002565
2762.000000	0.008318
2763.000000	0.003190
2764.000000	-0.009341
2765.000000	-0.017550
2766.000000	-0.017896
2767.000000	-0.010557
2768.000000	-0.002391
2769.000000	0.000015
2770.000000	-0.002147
2771.000000	-0.005603
2772.000000	-0.006530
2773.000000	-0.002833
2774.000000	0.000134
2775.000000	-0.003202
2776.000000	-0.011827
2777.000000	-0.022245
2778.000000	-0.027610
2779.000000	-0.022952
2780.000000	-0.014153
2781.000000	-0.008602
2782.000000	-0.008880
2783.000000	-0.014981
2784.000000	-0.021374
2785.000000	-0.022143
2786.000000	-0.015363
2787.000000	-0.002754
2788.000000	0.003365
2789.000000	-0.006288
2790.000000	-0.018254
2791.000000	-0.018170
2792.000000	-0.010788
2793.000000	-0.004408
2794.000000	-0.002400
2795.000000	-0.005927
2796.000000	-0.012243
2797.000000	-0.018178
2798.000000	-0.022777
2799.000000	-0.024860
2800.000000	-0.020145
2801.000000	-0.007634
2802.000000	-0.002567
2803.000000	-0.016984
2804.000000	-0.033877
2805.000000	-0.034569
2806.000000	-0.022748
2807.000000	-0.007985
2808.000000	-0.001024
2809.000000	-0.009078
2810.000000	-0.024059
2811.000000	-0.035263
2812.000000	-0.036833
2813.000000	-0.027238
2814.000000	-0.017396
2815.000000	-0.017106
2816.000000	-0.019227
2817.000000	-0.015682
2818.000000	-0.011582
2819.000000	-0.013306
2820.000000	-0.019125
2821.000000	-0.024415
2822.000000	-0.021091
2823.000000	-0.004652
2824.000000	0.011592
2825.000000	0.014146
2826.000000	0.006580
2827.000000	-0.003523
2828.000000	-0.009607
2829.000000	-0.007490
2830.000000	-0.001477
2831.000000	0.003009
2832.000000	0.004545
2833.000000	0.003411
2834.000000	0.002679
2835.000000	0.004999
2836.000000	0.008522
2837.000000	0.010466
2838.000000	0.008805
2839.000000	0.004137
2840.000000	0.006810
2841.000000	0.024223
2842.000000	0.042227
2843.000000	0.046593
2844.000000	0.044326
2845.000000	0.046380
2846.000000	0.058268
2847.000000	0.080447
2848.000000	0.098594
2849.000000	0.101826
2850.000000	0.107801
2851.000000	0.132814
2852.000000	0.159158
2853.000000	0.167320
2854.000000	0.164572
2855.000000	0.163769
2856.000000	0.173304
2857.000000	0.196959
2858.000000	0.224525
2859.000000	0.243756
2860.000000	0.248255
2861.000000	0.237986
2862.000000	0.232522
2863.000000	0.247848
2864.000000	0.265999
2865.000000	0.269564
2866.000000	0.277289
2867.000000	0.308187
2868.000000	0.346169
2869.000000	0.370975
2870.000000	0.380770
2871.000000	0.380424
2872.000000	0.383200
2873.000000	0.400269
2874.000000	0.426047
2875.000000	0.451344
2876.000000	0.469315
2877.000000	0.475345
2878.000000	0.471404
2879.000000	0.462011
2880.000000	0.455301
2881.000000	0.458042
2882.000000	0.467933
2883.000000	0.480220
2884.000000	0.489408
2885.000000	0.490886
2886.000000	0.484318
2887.000000	0.470815
2888.000000	0.452987
2889.000000	0.435553
2890.000000	0.430159
2891.000000	0.444399
2892.000000	0.462744
2893.000000	0.469659
2894.000000	0.472714
2895.000000	0.482564
2896.000000	0.499104
2897.000000	0.518784
2898.000000	0.535048
2899.000000	0.542781
2900.000000	0.545635
2901.000000	0.548298
2902.000000	0.550827
2903.000000	0.553930
2904.000000	0.565539
2905.000000	0.589965
2906.000000	0.609821
2907.000000	0.609941
2908.000000	0.605744
2909.000000	0.615260
2910.000000	0.636374
2911.000000	0.661080
2912.000000	0.677953
2913.000000	0.680496
2914.000000	0.685338
2915.000000	0.707664
2916.000000	0.733760
2917.000000	0.748098
2918.000000	0.756810
2919.000000	0.769916
2920.000000	0.791335
2921.000000	0.821860
2922.000000	0.855873
2923.000000	0.886484
2924.000000	0.908122
2925.000000	0.917366
2926.000000	0.918081
2927.000000	0.916322
2928.000000	0.919617
2929.000000	0.932878
2930.000000	0.949088
2931.000000	0.960574
2932.000000	0.968956
2933.000000	0.977254
2934.000000	0.984780
2935.000000	0.990519
2936.000000	0.995862
2937.000000	1.001137
2938.000000	1.000000
2939.000000	0.985444
2940.000000	0.954462
2941.000000	0.909094
2942.000000	0.867555
2943.000000	0.845434
2944.000000	0.831635
2945.000000	0.812712
2946.000000	0.792512
2947.000000	0.777045
2948.000000	0.763682
2949.000000	0.749069
2950.000000	0.735576
2951.000000	0.725699
2952.000000	0.716706
2953.000000	0.704559
2954.000000	0.685236
2955.000000	0.658399
2956.000000	0.638435
2957.000000	0.636624
2958.000000	0.637079
2959.000000	0.623861
2960.000000	0.607982
2961.000000	0.602863
2962.000000	0.604594
2963.000000	0.605294
2964.000000	0.598519
2965.000000	0.580656
2966.000000	0.557972
2967.000000	0.538266
2968.000000	0.525575
2969.000000	0.519960
2970.000000	0.509353
2971.000000	0.485794
2972.000000	0.469902
2973.000000	0.479950
2974.000000	0.496264
2975.000000	0.495136
2976.000000	0.474669
2977.000000	0.440804
2978.000000	0.409030
2979.000000	0.392739
2980.000000	0.387384
2981.000000	0.384095
2982.000000	0.374665
2983.000000	0.357067
2984.000000	0.353348
2985.000000	0.378602
2986.000000	0.396052
2987.000000	0.370728
2988.000000	0.326772
2989.000000	0.295890
2990.000000	0.280937
2991.000000	0.276619
2992.000000	0.273890
2993.000000	0.264214
2994.000000	0.244836
2995.000000	0.215955
2996.000000	0.183807
2997.000000	0.156070
2998.000000	0.140155
2999.000000	0.140529
3000.000000	0.150141
3001.000000	0.159690
3002.000000	0.162376
3003.000000	0.153297
3004.000000	0.132623
3005.000000	0.104100
3006.000000	0.080692
3007.000000	0.073076
3008.000000	0.073558
3009.000000	0.070952
3010.000000	0.058464
3011.000000	0.035402
3012.000000	0.021095
3013.000000	0.032524
3014.000000	0.057266
3015.000000	0.076842
3016.000000	0.077969
3017.000000	0.054746
3018.000000	0.025612
3019.000000	0.010526
3020.000000	0.011179
3021.000000	0.022794
3022.000000	0.032979
3023.000000	0.030531
3024.000000	0.016609
3025.000000	-0.003303
3026.000000	-0.018769
3027.000000	-0.021627
3028.000000	-0.017747
3029.000000	-0.014324
3030.000000	-0.009807
3031.000000	-0.002652
3032.000000	-0.000096
3033.000000	-0.007670
3034.000000	-0.015310
3035.000000	-0.013073
3036.000000	-0.007104
3037.000000	-0.005266
3038.000000	-0.006203
3039.000000	-0.006108
3040.000000	-0.000578
3041.000000	0.010979
3042.000000	0.013330
3043.000000	-0.004395
3044.000000	-0.019788
3045.000000	-0.011283
3046.000000	0.006038
3047.000000	0.012734
3048.000000	0.008571
3049.000000	-0.000838
3050.000000	-0.005695
3051.000000	0.001160
3052.000000	0.012157
3053.000000	0.018010
3054.000000	0.017304
3055.000000	0.012578
3056.000000	0.014303
3057.000000	0.029562
3058.000000	0.043937
3059.000000	0.043565
3060.000000	0.038292
3061.000000	0.040076
3062.000000	0.045601
3063.000000	0.049352
3064.000000	0.052278
3065.000000	0.055709
3066.000000	0.056032
3067.000000	0.049927
3068.000000	0.040196
3069.000000	0.031108
3070.000000	0.026671
3071.000000	0.028548
3072.000000	0.029291
3073.000000	0.020758
3074.000000	0.001135
3075.000000	-0.025770
3076.000000	-0.039996
3077.000000	-0.026105
3078.000000	-0.002922
3079.000000	0.007642
3080.000000	0.005581
3081.000000	-0.003383
3082.000000	-0.012527
3083.000000	-0.016296
3084.000000	-0.014814
3085.000000	-0.009852
3086.000000	-0.004089
3087.000000	0.000051
3088.000000	0.002078
3089.000000	0.002527
3090.000000	0.004086
3091.000000	0.007348
3092.000000	0.002356
3093.000000	-0.017613
3094.000000	-0.035793
3095.000000	-0.035287
3096.000000	-0.022159
3097.000000	-0.007190
3098.000000	0.002937
3099.000000	0.004273
3100.000000	-0.000302
3101.000000	-0.006636
3102.000000	-0.012318
3103.000000	-0.015758
3104.000000	-0.016910
3105.000000	-0.016636
3106.000000	-0.017890
3107.000000	-0.022169
3108.000000	-0.023048
3109.000000	-0.015225
3110.000000	-0.005826
3111.000000	-0.003039
3112.000000	-0.006886
3113.000000	-0.014417
3114.000000	-0.018947
3115.000000	-0.015191
3116.000000	-0.007184
3117.000000	-0.001047
3118.000000	-0.001910
3119.000000	-0.011831
3120.000000	-0.021561
3121.000000	-0.021698
3122.000000	-0.013535
3123.000000	-0.002006
3124.000000	0.004081
3125.000000	-0.001326
3126.000000	-0.009386
3127.000000	-0.009977
3128.000000	-0.002733
3129.000000	0.009491
3130.000000	0.020723
3131.000000	0.025442
3132.000000	0.023050
3133.000000	0.014698
3134.000000	0.003594
3135.000000	-0.006947
3136.000000	-0.015245
3137.000000	-0.019813
3138.000000	-0.018291
3139.000000	-0.010296
3140.000000	-0.004233
3141.000000	-0.007793
3142.000000	-0.017023
3143.000000	-0.025164
3144.000000	-0.025883
3145.000000	-0.014902
3146.000000	0.004273
3147.000000	0.025315
3148.000000	0.038402
3149.000000	0.035760
3150.000000	0.021310
3151.000000	0.002705
3152.000000	-0.009166
3153.000000	-0.006627
3154.000000	0.001901
3155.000000	0.007071
3156.000000	0.011935
3157.000000	0.019466
3158.000000	0.019912
3159.000000	0.004650
3160.000000	-0.017708
3161.000000	-0.034877
3162.000000	-0.037124
3163.000000	-0.020461
3164.000000	-0.001327
3165.000000	0.003581
3166.000000	-0.003035
3167.000000	-0.012643
3168.000000	-0.012783
3169.000000	0.003281
3170.000000	0.015464
3171.000000	0.005377
3172.000000	-0.011770
3173.000000	-0.017721
3174.000000	-0.015625
3175.000000	-0.011788
3176.000000	-0.003738
3177.000000	0.009661
3178.000000	0.015428
3179.000000	0.002890
3180.000000	-0.015283
3181.000000	-0.023678
3182.000000	-0.019244
3183.000000	-0.004356
3184.000000	0.009284
3185.000000	0.011292
3186.000000	0.005893
3187.000000	0.000477
3188.000000	0.000480
3189.000000	0.007764
3190.000000	0.011851
3191.000000	0.003719
3192.000000	-0.007491
3193.000000	-0.011377
3194.000000	-0.010641
3195.000000	-0.010107
3196.000000	-0.009968
3197.000000	-0.009706
3198.000000	-0.010602
3199.000000	-0.013185
3200.000000	-0.013192
3201.000000	-0.007265
3202.000000	-0.000451
3203.000000	0.001982
3204.000000	0.002281
3205.000000	0.003575
3206.000000	0.005013
3207.000000	0.005598
3208.000000	0.007745
3209.000000	0.012615
3210.000000	0.012941
3211.000000	0.003079
3212.000000	-0.007706
3213.000000	-0.010012
3214.000000	-0.008803
3215.000000	-0.010359
3216.000000	-0.011852
3217.000000	-0.009576
3218.000000	-0.005423
3219.000000	-0.002542
3220.000000	-0.003503
3221.000000	-0.008954
3222.000000	-0.012430
3223.000000	-0.008945
3224.000000	-0.006549
3225.000000	-0.012387
3226.000000	-0.016946
3227.000000	-0.011212
3228.000000	-0.004816
3229.000000	-0.007894
3230.000000	-0.013968
3231.000000	-0.014230
3232.000000	-0.007166
3233.000000	0.005351
3234.000000	0.015181
3235.000000	0.015747
3236.000000	0.012976
3237.000000	0.013063
3238.000000	0.010772
3239.000000	0.001500
3240.000000	-0.005377
3241.000000	-0.000694
3242.000000	0.009901
3243.000000	0.018479
3244.000000	0.022809
3245.000000	0.021992
3246.000000	0.014748
3247.000000	0.002243
3248.000000	-0.004196
3249.000000	0.004634
3250.000000	0.019266
3251.000000	0.029275
3252.000000	0.039057
3253.000000	0.053154
3254.000000	0.061858
3255.000000	0.054948
3256.000000	0.034394
3257.000000	0.007247
3258.000000	-0.011315
3259.000000	-0.009991
3260.000000	-0.001109
3261.000000	0.001863
3262.000000	0.004538
3263.000000	0.014054
3264.000000	0.024582
3265.000000	0.029874
3266.000000	0.034969
3267.000000	0.044125
3268.000000	0.047197
3269.000000	0.035335
3270.000000	0.019280
3271.000000	0.011967
3272.000000	0.015508
3273.000000	0.027893
3274.000000	0.041443
3275.000000	0.049065
3276.000000	0.051679
3277.000000	0.052197
3278.000000	0.053483
3279.000000	0.057117
3280.000000	0.059573
3281.000000	0.057148
3282.000000	0.050524
3283.000000	0.042778
3284.000000	0.042191
3285.000000	0.053387
3286.000000	0.061170
3287.000000	0.051872
3288.000000	0.037755
3289.000000	0.032818
3290.000000	0.032089
3291.000000	0.028964
3292.000000	0.029285
3293.000000	0.039259
3294.000000	0.054114
3295.000000	0.066668
3296.000000	0.071075
3297.000000	0.065069
3298.000000	0.059355
3299.000000	0.062904
3300.000000	0.064767
3301.000000	0.055252
3302.000000	0.049618
3303.000000	0.061551
3304.000000	0.073491
3305.000000	0.067532
3306.000000	0.055629
3307.000000	0.052526
3308.000000	0.054261
3309.000000	0.053936
3310.000000	0.051616
3311.000000	0.049678
3312.000000	0.052792
3313.000000	0.063518
3314.000000	0.073680
3315.000000	0.074880
3316.000000	0.068559
3317.000000	0.059537
3318.000000	0.056324
3319.000000	0.063903
3320.000000	0.069475
3321.000000	0.061766
3322.000000	0.053392
3323.000000	0.057121
3324.000000	0.062443
3325.000000	0.057697
3326.000000	0.049886
3327.000000	0.048468
3328.000000	0.054046
3329.000000	0.064198
3330.000000	0.073273
3331.000000	0.076360
3332.000000	0.074758
3333.000000	0.071468
3334.000000	0.070103
3335.000000	0.072801
3336.000000	0.075195
3337.000000	0.072341
3338.000000	0.063508
3339.000000	0.050585
3340.000000	0.041745
3341.000000	0.043804
3342.000000	0.051865
3343.000000	0.058665
3344.000000	0.059179
3345.000000	0.051157
3346.000000	0.041204
3347.000000	0.036463
3348.000000	0.037364
3349.000000	0.042075
3350.000000	0.046440
3351.000000	0.047464
3352.000000	0.049122
3353.000000	0.054780
3354.000000	0.058395
3355.000000	0.054148
3356.000000	0.046522
3357.000000	0.042040
3358.000000	0.045074
3359.000000	0.056241
3360.000000	0.063289
3361.000000	0.055333
3362.000000	0.039834
3363.000000	0.029053
3364.000000	0.036099
3365.000000	0.064695
3366.000000	0.080180
3367.000000	0.054162
3368.000000	0.021704
3369.000000	0.019584
3370.000000	0.027996
3371.000000	0.022079
3372.000000	0.013353
3373.000000	0.017013
3374.000000	0.026592
3375.000000	0.032507
3376.000000	0.034392
3377.000000	0.033824
3378.000000	0.030944
3379.000000	0.026277
3380.000000	0.023316
3381.000000	0.025667
3382.000000	0.034420
3383.000000	0.047122
3384.000000	0.049658
3385.000000	0.032927
3386.000000	0.019543
3387.000000	0.029582
3388.000000	0.041254
3389.000000	0.032349
3390.000000	0.020827
3391.000000	0.026051
3392.000000	0.032806
3393.000000	0.024060
3394.000000	0.010078
3395.000000	0.005048
3396.000000	0.011560
3397.000000	0.027129
3398.000000	0.040557
3399.000000	0.042682
3400.000000	0.041180
3401.000000	0.044573
3402.000000	0.047916
3403.000000	0.044114
3404.000000	0.030937
3405.000000	0.010977
3406.000000	0.001245
3407.000000	0.014033
3408.000000	0.028334
3409.000000	0.023355
3410.000000	0.012458
3411.000000	0.012425
3412.000000	0.019559
3413.000000	0.025912
3414.000000	0.027016
3415.000000	0.020044
3416.000000	0.005240
3417.000000	-0.013825
3418.000000	-0.023351
3419.000000	-0.011737
3420.000000	0.013583
3421.000000	0.039718
3422.000000	0.050979
3423.000000	0.036949
3424.000000	0.011103
3425.000000	-0.009348
3426.000000	-0.016142
3427.000000	-0.007100
3428.000000	0.004582
3429.000000	0.006107
3430.000000	0.001661
3431.000000	-0.000841
3432.000000	0.004457
3433.000000	0.019636
3434.000000	0.033738
3435.000000	0.036611
3436.000000	0.034361
3437.000000	0.034277
3438.000000	0.032112
3439.000000	0.023255
3440.000000	0.013157
3441.000000	0.008275
3442.000000	0.009011
3443.000000	0.013468
3444.000000	0.016589
3445.000000	0.014324
3446.000000	0.009796
3447.000000	0.006812
3448.000000	0.004748
3449.000000	0.002458
3450.000000	0.001143
3451.000000	0.002206
3452.000000	0.005513
3453.000000	0.009876
3454.000000	0.011443
3455.000000	0.007695
3456.000000	0.004113
3457.000000	0.005628
3458.000000	0.006956
3459.000000	0.003476
3460.000000	0.003423
3461.000000	0.013675
3462.000000	0.022829
3463.000000	0.019776
3464.000000	0.012863
3465.000000	0.011988
3466.000000	0.013797
3467.000000	0.013171
3468.000000	0.011177
3469.000000	0.009604
3470.000000	0.006932
3471.000000	0.002261
3472.000000	0.000494
3473.000000	0.006035
3474.000000	0.015505
3475.000000	0.023901
3476.000000	0.027525
3477.000000	0.024265
3478.000000	0.017065
3479.000000	0.009702
3480.000000	0.004222
3481.000000	0.002242
3482.000000	0.005380
3483.000000	0.012864
3484.000000	0.014363
3485.000000	0.002835
3486.000000	-0.006058
3487.000000	0.001513
3488.000000	0.009338
3489.000000	0.000988
3490.000000	-0.010792
3491.000000	-0.011248
3492.000000	-0.006753
3493.000000	-0.005731
3494.000000	-0.003686
3495.000000	0.003347
3496.000000	0.004304
3497.000000	-0.009490
3498.000000	-0.022111
3499.000000	-0.017102
3500.000000	-0.000461
3501.000000	0.016638
3502.000000	0.024769
3503.000000	0.018641
3504.000000	0.007761
3505.000000	0.002890
3506.000000	0.005012
3507.000000	0.012195
3508.000000	0.020617
3509.000000	0.025645
3510.000000	0.021298
3511.000000	0.005211
3512.000000	-0.009158
3513.000000	-0.008883
3514.000000	0.001003
3515.000000	0.010679
3516.000000	0.009137
3517.000000	-0.008196
3518.000000	-0.018964
3519.000000	-0.003580
3520.000000	0.019546
3521.000000	0.028682
3522.000000	0.026796
3523.000000	0.021596
3524.000000	0.015043
3525.000000	0.007899
3526.000000	0.001890
3527.000000	-0.001342
3528.000000	-0.001443
3529.000000	0.000872
3530.000000	0.001886
3531.000000	-0.001564
3532.000000	-0.007441
3533.000000	-0.012448
3534.000000	-0.013463
3535.000000	-0.008695
3536.000000	-0.001494
3537.000000	0.004346
3538.000000	0.008395
3539.000000	0.011161
3540.000000	0.013550
3541.000000	0.015683
3542.000000	0.014144
3543.000000	0.006372
3544.000000	-0.003245
3545.000000	-0.009752
3546.000000	-0.012885
3547.000000	-0.014168
3548.000000	-0.017577
3549.000000	-0.025656
3550.000000	-0.032765
3551.000000	-0.031509
3552.000000	-0.015643
3553.000000	0.015007
3554.000000	0.037490
3555.000000	0.031978
3556.000000	0.014246
3557.000000	0.004467
3558.000000	0.004791
3559.000000	0.011209
3560.000000	0.013087
3561.000000	0.002190
3562.000000	-0.013493
3563.000000	-0.023186
3564.000000	-0.021194
3565.000000	-0.005797
3566.000000	0.013900
3567.000000	0.027408
3568.000000	0.029523
3569.000000	0.019577
3570.000000	0.009758
3571.000000	0.009902
3572.000000	0.007586
3573.000000	-0.007406
3574.000000	-0.014214
3575.000000	0.005100
3576.000000	0.025715
3577.000000	0.021620
3578.000000	0.004807
3579.000000	-0.007517
3580.000000	-0.015278
3581.000000	-0.020783
3582.000000	-0.018739
3583.000000	-0.006307
3584.000000	0.001934
3585.000000	-0.006720
3586.000000	-0.020061
3587.000000	-0.023019
3588.000000	-0.013989
3589.000000	0.002351
3590.000000	0.009642
3591.000000	-0.003735
3592.000000	-0.018766
3593.000000	-0.015597
3594.000000	-0.001660
3595.000000	0.010023
3596.000000	0.011346
3597.000000	-0.001018
3598.000000	-0.016186
3599.000000	-0.019726
3600.000000	0.002796
