400.000000	-0.000443
401.000000	0.003987
402.000000	0.005340
403.000000	0.004244
404.000000	0.001330
405.000000	-0.002496
406.000000	-0.005217
407.000000	-0.005145
408.000000	-0.003010
409.000000	-0.000019
410.000000	0.003136
411.000000	0.005947
412.000000	0.008118
413.000000	0.009383
414.000000	0.009386
415.000000	0.007823
416.000000	0.004679
417.000000	0.000381
418.000000	-0.003156
419.000000	-0.004112
420.000000	-0.002542
421.000000	0.000795
422.000000	0.004192
423.000000	0.006121
424.000000	0.006707
425.000000	0.006422
426.000000	0.005455
427.000000	0.003732
428.000000	0.000402
429.000000	-0.005045
430.000000	-0.010973
431.000000	-0.015188
432.000000	-0.015401
433.000000	-0.010437
434.000000	-0.003665
435.000000	0.001080
436.000000	0.002635
437.000000	0.001048
438.000000	-0.001452
439.000000	-0.002670
440.000000	-0.002727
441.000000	-0.002281
442.000000	-0.001828
443.000000	-0.001600
444.000000	-0.000939
445.000000	0.000783
446.000000	0.003169
447.000000	0.005481
448.000000	0.006636
449.000000	0.005742
450.000000	0.003008
451.000000	-0.001033
452.000000	-0.005644
453.000000	-0.009836
454.000000	-0.011814
455.000000	-0.010253
456.000000	-0.006532
457.000000	-0.002694
458.000000	-0.000748
459.000000	-0.001925
460.000000	-0.004373
461.000000	-0.005889
462.000000	-0.005958
463.000000	-0.004690
464.000000	-0.003008
465.000000	-0.001941
466.000000	-0.002119
467.000000	-0.003949
468.000000	-0.007347
469.000000	-0.011733
470.000000	-0.015029
471.000000	-0.015369
472.000000	-0.013226
473.000000	-0.009772
474.000000	-0.006634
475.000000	-0.005091
476.000000	-0.004565
477.000000	-0.004208
478.000000	-0.003934
479.000000	-0.004044
480.000000	-0.005616
481.000000	-0.009277
482.000000	-0.013076
483.000000	-0.014650
484.000000	-0.012579
485.000000	-0.006706
486.000000	-0.000989
487.000000	0.000778
488.000000	-0.000438
489.000000	-0.002099
490.000000	-0.000154
491.000000	0.007791
492.000000	0.015983
493.000000	0.017925
494.000000	0.012285
495.000000	0.000637
496.000000	-0.009001
497.000000	-0.009357
498.000000	-0.002596
499.000000	0.006817
500.000000	0.014664
501.000000	0.017740
502.000000	0.016648
503.000000	0.012886
504.000000	0.007729
505.000000	0.002491
506.000000	-0.001146
507.000000	-0.002138
508.000000	-0.002357
509.000000	-0.003956
510.000000	-0.007282
511.000000	-0.011440
512.000000	-0.012372
513.000000	-0.006694
514.000000	0.003125
515.000000	0.013206
516.000000	0.019895
517.000000	0.020980
518.000000	0.019800
519.000000	0.020160
520.000000	0.022195
521.000000	0.024711
522.000000	0.024884
523.000000	0.020442
524.000000	0.012939
525.000000	0.004739
526.000000	-0.002397
527.000000	-0.006934
528.000000	-0.007640
529.000000	-0.003860
530.000000	0.003050
531.000000	0.011202
532.000000	0.018580
533.000000	0.023372
534.000000	0.024713
535.000000	0.022316
536.000000	0.017257
537.000000	0.011237
538.000000	0.007088
539.000000	0.006812
540.000000	0.007963
541.000000	0.007465
542.000000	0.004170
543.000000	-0.001757
544.000000	-0.006815
545.000000	-0.007615
546.000000	-0.004536
547.000000	0.001016
548.000000	0.007305
549.000000	0.012742
550.000000	0.016647
551.000000	0.018600
552.000000	0.018308
553.000000	0.015538
554.000000	0.010175
555.000000	0.002627
556.000000	-0.004734
557.000000	-0.009395
558.000000	-0.010257
559.000000	-0.007107
560.000000	-0.001855
561.000000	0.003315
562.000000	0.007235
563.000000	0.009087
564.000000	0.008421
565.000000	0.005262
566.000000	0.001157
567.000000	-0.002173
568.000000	-0.003825
569.000000	-0.003166
570.000000	0.000171
571.000000	0.005927
572.000000	0.011613
573.000000	0.014602
574.000000	0.013934
575.000000	0.009679
576.000000	0.004361
577.000000	0.000405
578.000000	-0.002601
579.000000	-0.005713
580.000000	-0.009722
581.000000	-0.014743
582.000000	-0.018442
583.000000	-0.018586
584.000000	-0.015787
585.000000	-0.011624
586.000000	-0.008694
587.000000	-0.008843
588.000000	-0.009878
589.000000	-0.009108
590.000000	-0.005869
591.000000	-0.000497
592.000000	0.004713
593.000000	0.007416
594.000000	0.007025
595.000000	0.003537
596.000000	-0.002483
597.000000	-0.009787
598.000000	-0.014973
599.000000	-0.015039
600.000000	-0.010749
601.000000	-0.004038
602.000000	0.002222
603.000000	0.005628
604.000000	0.006577
605.000000	0.006038
606.000000	0.004471
607.000000	0.002165
608.000000	-0.000761
609.000000	-0.004094
610.000000	-0.007075
611.000000	-0.008922
612.000000	-0.009300
613.000000	-0.008200
614.000000	-0.006464
615.000000	-0.005077
616.000000	-0.004728
617.000000	-0.005962
618.000000	-0.009033
619.000000	-0.013516
620.000000	-0.016572
621.000000	-0.015502
622.000000	-0.010592
623.000000	-0.003261
624.000000	0.003512
625.000000	0.006910
626.000000	0.006321
627.000000	0.001894
628.000000	-0.005384
629.000000	-0.013878
630.000000	-0.020194
631.000000	-0.021482
632.000000	-0.018844
633.000000	-0.014319
634.000000	-0.009761
635.000000	-0.006513
636.000000	-0.004062
637.000000	-0.001549
638.000000	0.001417
639.000000	0.005100
640.000000	0.009713
641.000000	0.015151
642.000000	0.020094
643.000000	0.023224
644.000000	0.024448
645.000000	0.024274
646.000000	0.024386
647.000000	0.026025
648.000000	0.027482
649.000000	0.026649
650.000000	0.022773
651.000000	0.016273
652.000000	0.010914
653.000000	0.009952
654.000000	0.011264
655.000000	0.011453
656.000000	0.007398
657.000000	-0.002387
658.000000	-0.013123
659.000000	-0.019573
660.000000	-0.020927
661.000000	-0.017896
662.000000	-0.012846
663.000000	-0.007931
664.000000	-0.002798
665.000000	0.003257
666.000000	0.009848
667.000000	0.016032
668.000000	0.019729
669.000000	0.019310
670.000000	0.016093
671.000000	0.012007
672.000000	0.008481
673.000000	0.006446
674.000000	0.005331
675.000000	0.004372
676.000000	0.003540
677.000000	0.002980
678.000000	0.002806
679.000000	0.002797
680.000000	0.001415
681.000000	-0.002670
682.000000	-0.008632
683.000000	-0.014825
684.000000	-0.018490
685.000000	-0.017648
686.000000	-0.014562
687.000000	-0.012105
688.000000	-0.011350
689.000000	-0.012454
690.000000	-0.013712
691.000000	-0.013380
692.000000	-0.011434
693.000000	-0.008311
694.000000	-0.004572
695.000000	-0.000912
696.000000	0.001563
697.000000	0.001920
698.000000	0.000313
699.000000	-0.002767
700.000000	-0.006585
701.000000	-0.010331
702.000000	-0.013149
703.000000	-0.014354
704.000000	-0.014000
705.000000	-0.012426
706.000000	-0.010380
707.000000	-0.008544
708.000000	-0.006934
709.000000	-0.005396
710.000000	-0.003754
711.000000	-0.001757
712.000000	0.001124
713.000000	0.005065
714.000000	0.008542
715.000000	0.009848
716.000000	0.008236
717.000000	0.003804
718.000000	-0.000935
719.000000	-0.003408
720.000000	-0.003204
721.000000	-0.000541
722.000000	0.004014
723.000000	0.009918
724.000000	0.017083
725.000000	0.025225
726.000000	0.032827
727.000000	0.037989
728.000000	0.038525
729.000000	0.033057
730.000000	0.023734
731.000000	0.013418
732.000000	0.004298
733.000000	-0.001608
734.000000	-0.002297
735.000000	0.003132
736.000000	0.011171
737.000000	0.017741
738.000000	0.020878
739.000000	0.020125
740.000000	0.018946
741.000000	0.020836
742.000000	0.025495
743.000000	0.031602
744.000000	0.037565
745.000000	0.042652
746.000000	0.049860
747.000000	0.060964
748.000000	0.069119
749.000000	0.068090
750.000000	0.062695
751.000000	0.058908
752.000000	0.056271
753.000000	0.053176
754.000000	0.049847
755.000000	0.046741
756.000000	0.043424
757.000000	0.039526
758.000000	0.035820
759.000000	0.032840
760.000000	0.029011
761.000000	0.022795
762.000000	0.014912
763.000000	0.006782
764.000000	0.000351
765.000000	-0.002604
766.000000	-0.001529
767.000000	0.003015
768.000000	0.007213
769.000000	0.007477
770.000000	0.004381
771.000000	-0.000393
772.000000	-0.004900
773.000000	-0.007293
774.000000	-0.006381
775.000000	-0.001579
776.000000	0.005935
777.000000	0.014425
778.000000	0.021699
779.000000	0.025952
780.000000	0.027401
781.000000	0.026827
782.000000	0.025258
783.000000	0.023890
784.000000	0.024344
785.000000	0.027478
786.000000	0.030678
787.000000	0.031041
788.000000	0.027993
789.000000	0.022226
790.000000	0.017172
791.000000	0.015743
792.000000	0.016018
793.000000	0.015256
794.000000	0.012259
795.000000	0.007137
796.000000	0.003699
797.000000	0.005288
798.000000	0.009684
799.000000	0.013443
800.000000	0.013785
801.000000	0.009247
802.000000	0.002954
803.000000	-0.001520
804.000000	-0.003410
805.000000	-0.002799
806.000000	-0.000363
807.000000	0.002663
808.000000	0.003407
809.000000	-0.000448
810.000000	-0.007350
811.000000	-0.014340
812.000000	-0.016698
813.000000	-0.011265
814.000000	-0.002892
815.000000	0.002671
816.000000	0.004078
817.000000	0.001956
818.000000	0.000420
819.000000	0.002949
820.000000	0.006999
821.000000	0.009091
822.000000	0.008046
823.000000	0.004010
824.000000	0.000141
825.000000	-0.000407
826.000000	0.002486
827.000000	0.008075
828.000000	0.015195
829.000000	0.022270
830.000000	0.026497
831.000000	0.025646
832.000000	0.021000
833.000000	0.014737
834.000000	0.009114
835.000000	0.005946
836.000000	0.005205
837.000000	0.006309
838.000000	0.008288
839.000000	0.010056
840.000000	0.010442
841.000000	0.009030
842.000000	0.008492
843.000000	0.011232
844.000000	0.015485
845.000000	0.018005
846.000000	0.013798
847.000000	0.000421
848.000000	-0.012629
849.000000	-0.015137
850.000000	-0.005964
851.000000	0.012088
852.000000	0.029516
853.000000	0.037622
854.000000	0.037624
855.000000	0.032975
856.000000	0.026165
857.000000	0.019351
858.000000	0.014335
859.000000	0.012341
860.000000	0.012627
861.000000	0.013965
862.000000	0.015158
863.000000	0.014910
864.000000	0.011505
865.000000	0.004236
866.000000	-0.003157
867.000000	-0.006295
868.000000	-0.002682
869.000000	0.007759
870.000000	0.017299
871.000000	0.018432
872.000000	0.012339
873.000000	0.002554
874.000000	-0.006664
875.000000	-0.011774
876.000000	-0.012846
877.000000	-0.010893
878.000000	-0.007095
879.000000	-0.002716
880.000000	0.000805
881.000000	0.002444
882.000000	0.003017
883.000000	0.003651
884.000000	0.004891
885.000000	0.007090
886.000000	0.010414
887.000000	0.014573
888.000000	0.017630
889.000000	0.017707
890.000000	0.014809
891.000000	0.009699
892.000000	0.004304
893.000000	0.000775
894.000000	0.001001
895.000000	0.006116
896.000000	0.014493
897.000000	0.022860
898.000000	0.024126
899.000000	0.013462
900.000000	-0.001092
901.000000	-0.009779
902.000000	-0.008849
903.000000	0.001531
904.000000	0.011525
905.000000	0.012083
906.000000	0.006957
907.000000	0.002438
908.000000	0.002180
909.000000	0.007464
910.000000	0.012720
911.000000	0.012539
912.000000	0.009022
913.000000	0.005908
914.000000	0.005985
915.000000	0.010587
916.000000	0.016175
917.000000	0.019016
918.000000	0.019466
919.000000	0.018915
920.000000	0.018809
921.000000	0.019797
922.000000	0.019276
923.000000	0.015010
924.000000	0.009490
925.000000	0.006386
926.000000	0.009360
927.000000	0.019789
928.000000	0.029925
929.000000	0.031915
930.000000	0.026616
931.000000	0.017635
932.000000	0.010867
933.000000	0.011048
934.000000	0.015994
935.000000	0.022045
936.000000	0.026560
937.000000	0.027198
938.000000	0.021804
939.000000	0.009989
940.000000	-0.001772
941.000000	-0.006798
942.000000	-0.004455
943.000000	0.003400
944.000000	0.010992
945.000000	0.013491
946.000000	0.013751
947.000000	0.015666
948.000000	0.019605
949.000000	0.024367
950.000000	0.026006
951.000000	0.021462
952.000000	0.013979
953.000000	0.007819
954.000000	0.005025
955.000000	0.006573
956.000000	0.011390
957.000000	0.017799
958.000000	0.023761
959.000000	0.027498
960.000000	0.028633
961.000000	0.027842
962.000000	0.028621
963.000000	0.033413
964.000000	0.037637
965.000000	0.035933
966.000000	0.026845
967.000000	0.011972
968.000000	0.001235
969.000000	0.003155
970.000000	0.012331
971.000000	0.020662
972.000000	0.023164
973.000000	0.017929
974.000000	0.012236
975.000000	0.013191
976.000000	0.018027
977.000000	0.021910
978.000000	0.021609
979.000000	0.015877
980.000000	0.009785
981.000000	0.008751
982.000000	0.013254
983.000000	0.022312
984.000000	0.034034
985.000000	0.045843
986.000000	0.053330
987.000000	0.052911
988.000000	0.046118
989.000000	0.035931
990.000000	0.025985
991.000000	0.020107
992.000000	0.022225
993.000000	0.034474
994.000000	0.051726
995.000000	0.067149
996.000000	0.074355
997.000000	0.070260
998.000000	0.064549
999.000000	0.067258
1000.000000	0.077049
1001.000000	0.089363
1002.000000	0.098138
1003.000000	0.098905
1004.000000	0.095084
1005.000000	0.091043
1006.000000	0.087060
1007.000000	0.082271
1008.000000	0.075324
1009.000000	0.065625
1010.000000	0.056094
1011.000000	0.049764
1012.000000	0.046595
1013.000000	0.045576
1014.000000	0.044891
1015.000000	0.042572
1016.000000	0.036855
1017.000000	0.026944
1018.000000	0.015703
1019.000000	0.007154
1020.000000	0.006280
1021.000000	0.015610
1022.000000	0.026897
1023.000000	0.031421
1024.000000	0.029353
1025.000000	0.023877
1026.000000	0.021329
1027.000000	0.026657
1028.000000	0.036117
1029.000000	0.044531
1030.000000	0.049684
1031.000000	0.050367
1032.000000	0.046441
1033.000000	0.038804
1034.000000	0.031444
1035.000000	0.027999
1036.000000	0.027616
1037.000000	0.027747
1038.000000	0.023554
1039.000000	0.012338
1040.000000	0.002244
1041.000000	0.001832
1042.000000	0.010485
1043.000000	0.024120
1044.000000	0.033972
1045.000000	0.033406
1046.000000	0.028980
1047.000000	0.028714
1048.000000	0.033281
1049.000000	0.040563
1050.000000	0.044642
1051.000000	0.041197
1052.000000	0.036115
1053.000000	0.036158
1054.000000	0.041386
1055.000000	0.049259
1056.000000	0.053528
1057.000000	0.049458
1058.000000	0.042073
1059.000000	0.037623
1060.000000	0.037506
1061.000000	0.041239
1062.000000	0.045652
1063.000000	0.047825
1064.000000	0.048510
1065.000000	0.049167
1066.000000	0.050416
1067.000000	0.052611
1068.000000	0.055867
1069.000000	0.059767
1070.000000	0.061993
1071.000000	0.060429
1072.000000	0.055673
1073.000000	0.049432
1074.000000	0.045147
1075.000000	0.045671
1076.000000	0.049760
1077.000000	0.055420
1078.000000	0.061737
1079.000000	0.068211
1080.000000	0.074901
1081.000000	0.081477
1082.000000	0.085477
1083.000000	0.084633
1084.000000	0.079579
1085.000000	0.072113
1086.000000	0.065802
1087.000000	0.063337
1088.000000	0.062142
1089.000000	0.059035
1090.000000	0.053669
1091.000000	0.046792
1092.000000	0.040683
1093.000000	0.037107
1094.000000	0.034239
1095.000000	0.030037
1096.000000	0.025193
1097.000000	0.021376
1098.000000	0.021425
1099.000000	0.027465
1100.000000	0.037598
1101.000000	0.048903
1102.000000	0.058404
1103.000000	0.063140
1104.000000	0.060260
1105.000000	0.048950
1106.000000	0.036428
1107.000000	0.030239
1108.000000	0.031216
1109.000000	0.037737
1110.000000	0.045077
1111.000000	0.048890
1112.000000	0.049434
1113.000000	0.047973
1114.000000	0.045182
1115.000000	0.041609
1116.000000	0.037880
1117.000000	0.034899
1118.000000	0.034602
1119.000000	0.038590
1120.000000	0.046094
1121.000000	0.055566
1122.000000	0.064711
1123.000000	0.071270
1124.000000	0.073882
1125.000000	0.072308
1126.000000	0.069906
1127.000000	0.070956
1128.000000	0.079824
1129.000000	0.097805
1130.000000	0.113810
1131.000000	0.116331
1132.000000	0.104575
1133.000000	0.081226
1134.000000	0.052171
1135.000000	0.024005
1136.000000	0.002943
1137.000000	-0.006604
1138.000000	-0.007074
1139.000000	-0.002902
1140.000000	0.000349
1141.000000	-0.001100
1142.000000	-0.002753
1143.000000	0.000237
1144.000000	0.005841
1145.000000	0.010351
1146.000000	0.010214
1147.000000	0.003545
1148.000000	-0.005028
1149.000000	-0.010357
1150.000000	-0.011731
1151.000000	-0.009699
1152.000000	-0.005430
1153.000000	-0.000222
1154.000000	0.004719
1155.000000	0.008510
1156.000000	0.011461
1157.000000	0.014111
1158.000000	0.016715
1159.000000	0.018806
1160.000000	0.017306
1161.000000	0.010080
1162.000000	0.001388
1163.000000	-0.003522
1164.000000	-0.001848
1165.000000	0.006455
1166.000000	0.012843
1167.000000	0.009687
1168.000000	0.001606
1169.000000	-0.004395
1170.000000	-0.004005
1171.000000	0.004766
1172.000000	0.017331
1173.000000	0.028197
1174.000000	0.034815
1175.000000	0.035752
1176.000000	0.031096
1177.000000	0.022030
1178.000000	0.012605
1179.000000	0.006237
1180.000000	0.000951
1181.000000	-0.005848
1182.000000	-0.013827
1183.000000	-0.020859
1184.000000	-0.020550
1185.000000	-0.008599
1186.000000	0.006674
1187.000000	0.015522
1188.000000	0.015120
1189.000000	0.006051
1190.000000	-0.004392
1191.000000	-0.009375
1192.000000	-0.010625
1193.000000	-0.011352
1194.000000	-0.012146
1195.000000	-0.012622
1196.000000	-0.011113
1197.000000	-0.006121
1198.000000	0.001886
1199.000000	0.011587
1200.000000	0.020195
1201.000000	0.024463
1202.000000	0.020749
1203.000000	0.007882
1204.000000	-0.005042
1205.000000	-0.008580
1206.000000	-0.002164
1207.000000	0.011755
1208.000000	0.027524
1209.000000	0.039813
1210.000000	0.047787
1211.000000	0.051930
1212.000000	0.053514
1213.000000	0.054049
1214.000000	0.055208
1215.000000	0.058186
1216.000000	0.062097
1217.000000	0.065516
1218.000000	0.066933
1219.000000	0.065047
1220.000000	0.059481
1221.000000	0.051281
1222.000000	0.046272
1223.000000	0.049344
1224.000000	0.056864
1225.000000	0.063503
1226.000000	0.065663
1227.000000	0.062347
1228.000000	0.061219
1229.000000	0.069158
1230.000000	0.081232
1231.000000	0.090403
1232.000000	0.093030
1233.000000	0.088317
1234.000000	0.083464
1235.000000	0.085228
1236.000000	0.090608
1237.000000	0.094809
1238.000000	0.095613
1239.000000	0.092295
1240.000000	0.087530
1241.000000	0.084125
1242.000000	0.082032
1243.000000	0.080514
1244.000000	0.078941
1245.000000	0.076655
1246.000000	0.072773
1247.000000	0.067204
1248.000000	0.063252
1249.000000	0.063992
1250.000000	0.068176
1251.000000	0.072936
1252.000000	0.073243
1253.000000	0.065586
1254.000000	0.054687
1255.000000	0.046217
1256.000000	0.041407
1257.000000	0.040023
1258.000000	0.040406
1259.000000	0.041165
1260.000000	0.043395
1261.000000	0.048161
1262.000000	0.053910
1263.000000	0.058518
1264.000000	0.060192
1265.000000	0.058413
1266.000000	0.057431
1267.000000	0.061064
1268.000000	0.066639
1269.000000	0.070172
1270.000000	0.068916
1271.000000	0.061888
1272.000000	0.053920
1273.000000	0.050097
1274.000000	0.050689
1275.000000	0.054612
1276.000000	0.060173
1277.000000	0.065350
1278.000000	0.067414
1279.000000	0.064408
1280.000000	0.058162
1281.000000	0.051322
1282.000000	0.046008
1283.000000	0.044103
1284.000000	0.047053
1285.000000	0.054813
1286.000000	0.061793
1287.000000	0.062624
1288.000000	0.058355
1289.000000	0.052632
1290.000000	0.053059
1291.000000	0.064924
1292.000000	0.080285
1293.000000	0.089811
1294.000000	0.091840
1295.000000	0.087335
1296.000000	0.080095
1297.000000	0.074691
1298.000000	0.075943
1299.000000	0.086983
1300.000000	0.103937
1301.000000	0.121159
1302.000000	0.132907
1303.000000	0.135127
1304.000000	0.130602
1305.000000	0.123813
1306.000000	0.119182
1307.000000	0.120421
1308.000000	0.128468
1309.000000	0.141565
1310.000000	0.149955
1311.000000	0.145750
1312.000000	0.136544
1313.000000	0.132156
1314.000000	0.135833
1315.000000	0.146534
1316.000000	0.152642
1317.000000	0.144691
1318.000000	0.132399
1319.000000	0.127523
1320.000000	0.130804
1321.000000	0.138188
1322.000000	0.137473
1323.000000	0.120249
1324.000000	0.101440
1325.000000	0.097353
1326.000000	0.106500
1327.000000	0.121571
1328.000000	0.129755
1329.000000	0.122768
1330.000000	0.115946
1331.000000	0.125095
1332.000000	0.144283
1333.000000	0.162191
1334.000000	0.167679
1335.000000	0.154973
1336.000000	0.139587
1337.000000	0.137337
1338.000000	0.143949
1339.000000	0.150754
1340.000000	0.151586
1341.000000	0.143252
1342.000000	0.131942
1343.000000	0.124408
1344.000000	0.120277
1345.000000	0.117661
1346.000000	0.115748
1347.000000	0.114364
1348.000000	0.114801
1349.000000	0.117321
1350.000000	0.116595
1351.000000	0.107685
1352.000000	0.092797
1353.000000	0.076802
1354.000000	0.068074
1355.000000	0.072506
1356.000000	0.082567
1357.000000	0.089018
1358.000000	0.089207
1359.000000	0.082735
1360.000000	0.071631
1361.000000	0.059391
1362.000000	0.052968
1363.000000	0.057707
1364.000000	0.069072
1365.000000	0.080421
1366.000000	0.086563
1367.000000	0.084913
1368.000000	0.081860
1369.000000	0.083412
1370.000000	0.085078
1371.000000	0.080960
1372.000000	0.070037
1373.000000	0.054188
1374.000000	0.042023
1375.000000	0.040816
1376.000000	0.045757
1377.000000	0.050168
1378.000000	0.051972
1379.000000	0.050938
1380.000000	0.049616
1381.000000	0.050203
1382.000000	0.050707
1383.000000	0.049023
1384.000000	0.046776
1385.000000	0.046444
1386.000000	0.050184
1387.000000	0.057693
1388.000000	0.059153
1389.000000	0.046377
1390.000000	0.027215
1391.000000	0.012624
1392.000000	0.009959
1393.000000	0.022091
1394.000000	0.037559
1395.000000	0.044850
1396.000000	0.046588
1397.000000	0.048094
1398.000000	0.051349
1399.000000	0.056517
1400.000000	0.059841
1401.000000	0.057905
1402.000000	0.052569
1403.000000	0.046493
1404.000000	0.040266
1405.000000	0.033765
1406.000000	0.026095
1407.000000	0.017589
1408.000000	0.014267
1409.000000	0.021112
1410.000000	0.033265
1411.000000	0.043594
1412.000000	0.045712
1413.000000	0.036525
1414.000000	0.025374
1415.000000	0.021617
1416.000000	0.022252
1417.000000	0.021971
1418.000000	0.018588
1419.000000	0.012561
1420.000000	0.011789
1421.000000	0.022326
1422.000000	0.035400
1423.000000	0.040761
1424.000000	0.037089
1425.000000	0.026863
1426.000000	0.018842
1427.000000	0.020622
1428.000000	0.028855
1429.000000	0.038219
1430.000000	0.046429
1431.000000	0.052213
1432.000000	0.055303
1433.000000	0.055947
1434.000000	0.055465
1435.000000	0.055345
1436.000000	0.056681
1437.000000	0.060281
1438.000000	0.066214
1439.000000	0.073952
1440.000000	0.081320
1441.000000	0.086725
1442.000000	0.092535
1443.000000	0.101304
1444.000000	0.112353
1445.000000	0.123438
1446.000000	0.129290
1447.000000	0.126785
1448.000000	0.124405
1449.000000	0.130788
1450.000000	0.143575
1451.000000	0.157092
1452.000000	0.163396
1453.000000	0.156950
1454.000000	0.144117
1455.000000	0.133016
1456.000000	0.126897
1457.000000	0.127172
1458.000000	0.132780
1459.000000	0.140860
1460.000000	0.143816
1461.000000	0.135686
1462.000000	0.121758
1463.000000	0.109096
1464.000000	0.100602
1465.000000	0.097006
1466.000000	0.094516
1467.000000	0.089829
1468.000000	0.086121
1469.000000	0.086770
1470.000000	0.089474
1471.000000	0.090391
1472.000000	0.085184
1473.000000	0.071748
1474.000000	0.057388
1475.000000	0.049581
1476.000000	0.047088
1477.000000	0.046696
1478.000000	0.046031
1479.000000	0.044106
1480.000000	0.044655
1481.000000	0.050775
1482.000000	0.058284
1483.000000	0.062111
1484.000000	0.060906
1485.000000	0.055010
1486.000000	0.047815
1487.000000	0.042653
1488.000000	0.039576
1489.000000	0.037705
1490.000000	0.035719
1491.000000	0.032283
1492.000000	0.026458
1493.000000	0.018370
1494.000000	0.012007
1495.000000	0.010808
1496.000000	0.012141
1497.000000	0.012312
1498.000000	0.009438
1499.000000	0.003188
1500.000000	-0.002381
1501.000000	-0.003759
1502.000000	-0.004000
1503.000000	-0.006875
1504.000000	-0.012440
1505.000000	-0.019336
1506.000000	-0.024253
1507.000000	-0.024490
1508.000000	-0.021733
1509.000000	-0.018388
1510.000000	-0.015358
1511.000000	-0.013094
1512.000000	-0.011741
1513.000000	-0.011295
1514.000000	-0.011462
1515.000000	-0.012010
1516.000000	-0.013244
1517.000000	-0.015347
1518.000000	-0.017486
1519.000000	-0.018215
1520.000000	-0.014671
1521.000000	-0.005789
1522.000000	0.000870
1523.000000	-0.001801
1524.000000	-0.010475
1525.000000	-0.018751
1526.000000	-0.018365
1527.000000	-0.004794
1528.000000	0.009662
1529.000000	0.012514
1530.000000	0.007335
1531.000000	0.001192
1532.000000	-0.000934
1533.000000	0.003394
1534.000000	0.008509
1535.000000	0.008909
1536.000000	0.007836
1537.000000	0.009717
1538.000000	0.014959
1539.000000	0.022399
1540.000000	0.028604
1541.000000	0.030894
1542.000000	0.031871
1543.000000	0.034337
1544.000000	0.036608
1545.000000	0.036165
1546.000000	0.031620
1547.000000	0.023534
1548.000000	0.019131
1549.000000	0.024276
1550.000000	0.032739
1551.000000	0.036857
1552.000000	0.035332
1553.000000	0.030053
1554.000000	0.029302
1555.000000	0.039664
1556.000000	0.054546
1557.000000	0.065621
1558.000000	0.070809
1559.000000	0.070120
1560.000000	0.065681
1561.000000	0.060161
1562.000000	0.056266
1563.000000	0.056079
1564.000000	0.059148
1565.000000	0.064303
1566.000000	0.070052
1567.000000	0.074867
1568.000000	0.077409
1569.000000	0.077177
1570.000000	0.076836
1571.000000	0.079242
1572.000000	0.084854
1573.000000	0.093222
1574.000000	0.102650
1575.000000	0.111366
1576.000000	0.118542
1577.000000	0.123326
1578.000000	0.123822
1579.000000	0.118565
1580.000000	0.108843
1581.000000	0.097816
1582.000000	0.093369
1583.000000	0.101210
1584.000000	0.113606
1585.000000	0.121362
1586.000000	0.122893
1587.000000	0.119415
1588.000000	0.115760
1589.000000	0.115540
1590.000000	0.113886
1591.000000	0.105883
1592.000000	0.094917
1593.000000	0.085899
1594.000000	0.081537
1595.000000	0.082227
1596.000000	0.081316
1597.000000	0.073214
1598.000000	0.063626
1599.000000	0.059583
1600.000000	0.062110
1601.000000	0.069873
1602.000000	0.078102
1603.000000	0.083167
1604.000000	0.089427
1605.000000	0.100801
1606.000000	0.111452
1607.000000	0.114143
1608.000000	0.105787
1609.000000	0.087616
1610.000000	0.073995
1611.000000	0.076733
1612.000000	0.084300
1613.000000	0.082768
1614.000000	0.071972
1615.000000	0.057023
1616.000000	0.050383
1617.000000	0.060816
1618.000000	0.074934
1619.000000	0.078071
1620.000000	0.072588
1621.000000	0.064912
1622.000000	0.060699
1623.000000	0.063428
1624.000000	0.068626
1625.000000	0.070876
1626.000000	0.068921
1627.000000	0.063003
1628.000000	0.055196
1629.000000	0.048200
1630.000000	0.045381
1631.000000	0.049214
1632.000000	0.057939
1633.000000	0.068489
1634.000000	0.076802
1635.000000	0.079285
1636.000000	0.075219
1637.000000	0.066211
1638.000000	0.060308
1639.000000	0.063969
1640.000000	0.070872
1641.000000	0.073364
1642.000000	0.071245
1643.000000	0.066999
1644.000000	0.066405
1645.000000	0.073746
1646.000000	0.084035
1647.000000	0.091323
1648.000000	0.095073
1649.000000	0.096378
1650.000000	0.097435
1651.000000	0.101073
1652.000000	0.111545
1653.000000	0.130277
1654.000000	0.145971
1655.000000	0.147769
1656.000000	0.139286
1657.000000	0.128686
1658.000000	0.127848
1659.000000	0.143551
1660.000000	0.158456
1661.000000	0.155542
1662.000000	0.143163
1663.000000	0.134393
1664.000000	0.135803
1665.000000	0.149230
1666.000000	0.164078
1667.000000	0.169350
1668.000000	0.164895
1669.000000	0.153595
1670.000000	0.139630
1671.000000	0.127341
1672.000000	0.120418
1673.000000	0.120758
1674.000000	0.123753
1675.000000	0.124509
1676.000000	0.123504
1677.000000	0.122424
1678.000000	0.122414
1679.000000	0.124257
1680.000000	0.127827
1681.000000	0.131984
1682.000000	0.132456
1683.000000	0.125624
1684.000000	0.113630
1685.000000	0.100122
1686.000000	0.089016
1687.000000	0.083222
1688.000000	0.081351
1689.000000	0.081212
1690.000000	0.081698
1691.000000	0.081915
1692.000000	0.080739
1693.000000	0.077071
1694.000000	0.070132
1695.000000	0.060357
1696.000000	0.052713
1697.000000	0.051359
1698.000000	0.052676
1699.000000	0.052396
1700.000000	0.051420
1701.000000	0.051416
1702.000000	0.051956
1703.000000	0.052293
1704.000000	0.052492
1705.000000	0.052755
1706.000000	0.053028
1707.000000	0.053246
1708.000000	0.053564
1709.000000	0.054039
1710.000000	0.054100
1711.000000	0.053592
1712.000000	0.054636
1713.000000	0.057802
1714.000000	0.055172
1715.000000	0.040592
1716.000000	0.023443
1717.000000	0.013933
1718.000000	0.010053
1719.000000	0.007647
1720.000000	0.006196
1721.000000	0.005294
1722.000000	0.001348
1723.000000	-0.007887
1724.000000	-0.016076
1725.000000	-0.017211
1726.000000	-0.015182
1727.000000	-0.015062
1728.000000	-0.016747
1729.000000	-0.018256
1730.000000	-0.015269
1731.000000	-0.004889
1732.000000	0.007759
1733.000000	0.016859
1734.000000	0.021841
1735.000000	0.023490
1736.000000	0.022750
1737.000000	0.020345
1738.000000	0.015957
1739.000000	0.009816
1740.000000	0.005375
1741.000000	0.005467
1742.000000	0.007218
1743.000000	0.006583
1744.000000	0.000529
1745.000000	-0.011153
1746.000000	-0.018393
1747.000000	-0.012342
1748.000000	0.000695
1749.000000	0.011809
1750.000000	0.016818
1751.000000	0.013828
1752.000000	0.005361
1753.000000	-0.004790
1754.000000	-0.012178
1755.000000	-0.013672
1756.000000	-0.012073
1757.000000	-0.011166
1758.000000	-0.012745
1759.000000	-0.016857
1760.000000	-0.018560
1761.000000	-0.013767
1762.000000	-0.006809
1763.000000	-0.002955
1764.000000	-0.002805
1765.000000	-0.005475
1766.000000	-0.008805
1767.000000	-0.010683
1768.000000	-0.010474
1769.000000	-0.008281
1770.000000	-0.005671
1771.000000	-0.004207
1772.000000	-0.003961
1773.000000	-0.004391
1774.000000	-0.003997
1775.000000	-0.001899
1776.000000	-0.000664
1777.000000	-0.002625
1778.000000	-0.005731
1779.000000	-0.007244
1780.000000	-0.006074
1781.000000	-0.002324
1782.000000	0.000775
1783.000000	0.000531
1784.000000	-0.000472
1785.000000	0.000571
1786.000000	0.002073
1787.000000	0.001529
1788.000000	-0.002842
1789.000000	-0.011283
1790.000000	-0.018599
1791.000000	-0.020101
1792.000000	-0.018568
1793.000000	-0.017653
1794.000000	-0.017052
1795.000000	-0.015202
1796.000000	-0.009461
1797.000000	0.001361
1798.000000	0.011564
1799.000000	0.015303
1800.000000	0.013051
1801.000000	0.006898
1802.000000	-0.000908
1803.000000	-0.008296
1804.000000	-0.014057
1805.000000	-0.017110
1806.000000	-0.016019
1807.000000	-0.010258
1808.000000	-0.003287
1809.000000	0.000964
1810.000000	0.000674
1811.000000	-0.004080
1812.000000	-0.007726
1813.000000	-0.005606
1814.000000	-0.002215
1815.000000	-0.002712
1816.000000	-0.005770
1817.000000	-0.008380
1818.000000	-0.007286
1819.000000	-0.001076
1820.000000	0.004032
1821.000000	0.002314
1822.000000	-0.002344
1823.000000	-0.004789
1824.000000	-0.004397
1825.000000	-0.002246
1826.000000	-0.001688
1827.000000	-0.005164
1828.000000	-0.009196
1829.000000	-0.009893
1830.000000	-0.007636
1831.000000	-0.003834
1832.000000	0.000265
1833.000000	0.003641
1834.000000	0.006017
1835.000000	0.007033
1836.000000	0.005238
1837.000000	-0.000202
1838.000000	-0.006563
1839.000000	-0.010658
1840.000000	-0.011008
1841.000000	-0.007558
1842.000000	-0.004227
1843.000000	-0.004563
1844.000000	-0.006651
1845.000000	-0.007721
1846.000000	-0.007057
1847.000000	-0.004666
1848.000000	-0.001381
1849.000000	0.001588
1850.000000	0.002363
1851.000000	-0.000017
1852.000000	-0.002169
1853.000000	-0.000623
1854.000000	0.004108
1855.000000	0.010155
1856.000000	0.014216
1857.000000	0.013438
1858.000000	0.008196
1859.000000	0.000133
1860.000000	-0.007253
1861.000000	-0.010613
1862.000000	-0.009055
1863.000000	-0.002844
1864.000000	0.005587
1865.000000	0.012994
1866.000000	0.015058
1867.000000	0.009395
1868.000000	0.002442
1869.000000	0.001296
1870.000000	0.006877
1871.000000	0.016706
1872.000000	0.020899
1873.000000	0.012024
1874.000000	-0.000136
1875.000000	-0.004566
1876.000000	-0.002528
1877.000000	0.001827
1878.000000	0.005084
1879.000000	0.005288
1880.000000	0.005606
1881.000000	0.009175
1882.000000	0.013906
1883.000000	0.016968
1884.000000	0.017795
1885.000000	0.016502
1886.000000	0.013655
1887.000000	0.009774
1888.000000	0.004731
1889.000000	-0.001258
1890.000000	-0.005952
1891.000000	-0.007442
1892.000000	-0.007183
1893.000000	-0.007378
1894.000000	-0.009868
1895.000000	-0.015071
1896.000000	-0.018077
1897.000000	-0.014306
1898.000000	-0.005813
1899.000000	0.003854
1900.000000	0.011812
1901.000000	0.015716
1902.000000	0.014703
1903.000000	0.008859
1904.000000	0.000597
1905.000000	-0.007092
1906.000000	-0.011227
1907.000000	-0.009823
1908.000000	-0.004877
1909.000000	0.000301
1910.000000	0.001125
1911.000000	-0.005148
1912.000000	-0.012612
1913.000000	-0.014883
1914.000000	-0.012305
1915.000000	-0.006828
1916.000000	-0.000091
1917.000000	0.006566
1918.000000	0.012693
1919.000000	0.017437
1920.000000	0.017451
1921.000000	0.010534
1922.000000	0.001573
1923.000000	-0.003591
1924.000000	-0.002382
1925.000000	0.005790
1926.000000	0.016845
1927.000000	0.025715
1928.000000	0.028055
1929.000000	0.021439
1930.000000	0.010407
1931.000000	0.000636
1932.000000	-0.004610
1933.000000	-0.004011
1934.000000	-0.001603
1935.000000	-0.001320
1936.000000	-0.001319
1937.000000	0.000681
1938.000000	0.002939
1939.000000	0.003200
1940.000000	0.001178
1941.000000	-0.002007
1942.000000	-0.001591
1943.000000	0.005806
1944.000000	0.014375
1945.000000	0.017521
1946.000000	0.014676
1947.000000	0.007228
1948.000000	-0.001650
1949.000000	-0.008316
1950.000000	-0.009047
1951.000000	-0.002586
1952.000000	0.002373
1953.000000	-0.002050
1954.000000	-0.010534
1955.000000	-0.015064
1956.000000	-0.010049
1957.000000	0.006317
1958.000000	0.023120
1959.000000	0.029474
1960.000000	0.027319
1961.000000	0.021276
1962.000000	0.013868
1963.000000	0.006946
1964.000000	0.001777
1965.000000	-0.000667
1966.000000	-0.000000
1967.000000	0.003745
1968.000000	0.009448
1969.000000	0.015492
1970.000000	0.019366
1971.000000	0.018816
1972.000000	0.013501
1973.000000	0.004684
1974.000000	-0.001870
1975.000000	-0.001396
1976.000000	0.002353
1977.000000	0.004502
1978.000000	0.004196
1979.000000	0.001867
1980.000000	-0.000924
1981.000000	-0.002700
1982.000000	-0.003450
1983.000000	-0.003551
1984.000000	-0.003459
1985.000000	-0.003589
1986.000000	-0.004117
1987.000000	-0.005024
1988.000000	-0.005742
1989.000000	-0.005245
1990.000000	-0.001206
1991.000000	0.007449
1992.000000	0.015497
1993.000000	0.018028
1994.000000	0.017694
1995.000000	0.017842
1996.000000	0.017028
1997.000000	0.013546
1998.000000	0.009425
1999.000000	0.006464
2000.000000	0.001823
2001.000000	-0.006628
2002.000000	-0.013526
2003.000000	-0.013415
2004.000000	-0.007966
2005.000000	-0.001011
2006.000000	0.002094
2007.000000	-0.001923
2008.000000	-0.006477
2009.000000	-0.004866
2010.000000	0.000231
2011.000000	0.003969
2012.000000	0.002222
2013.000000	-0.006542
2014.000000	-0.014191
2015.000000	-0.013065
2016.000000	-0.007056
2017.000000	-0.001858
2018.000000	0.001179
2019.000000	0.002081
2020.000000	0.002028
2021.000000	0.002361
2022.000000	0.003907
2023.000000	0.006612
2024.000000	0.007416
2025.000000	0.003862
2026.000000	-0.001074
2027.000000	-0.003494
2028.000000	-0.001241
2029.000000	0.005847
2030.000000	0.011704
2031.000000	0.010888
2032.000000	0.006696
2033.000000	0.003450
2034.000000	0.000848
2035.000000	-0.002299
2036.000000	-0.006112
2037.000000	-0.009640
2038.000000	-0.008723
2039.000000	-0.000650
2040.000000	0.008274
2041.000000	0.011312
2042.000000	0.009012
2043.000000	0.003878
2044.000000	-0.001034
2045.000000	-0.003076
2046.000000	-0.001780
2047.000000	0.002251
2048.000000	0.006314
2049.000000	0.008178
2050.000000	0.009607
2051.000000	0.012768
2052.000000	0.017441
2053.000000	0.022063
2054.000000	0.022085
2055.000000	0.014555
2056.000000	0.005893
2057.000000	0.002820
2058.000000	0.003894
2059.000000	0.006007
2060.000000	0.007553
2061.000000	0.007892
2062.000000	0.008753
2063.000000	0.011355
2064.000000	0.012501
2065.000000	0.009139
2066.000000	0.003200
2067.000000	-0.002317
2068.000000	-0.005118
2069.000000	-0.003576
2070.000000	0.001967
2071.000000	0.009871
2072.000000	0.015268
2073.000000	0.013941
2074.000000	0.007507
2075.000000	-0.001034
2076.000000	-0.008981
2077.000000	-0.014070
2078.000000	-0.015474
2079.000000	-0.013089
2080.000000	-0.008260
2081.000000	-0.002798
2082.000000	0.001062
2083.000000	0.001770
2084.000000	0.000946
2085.000000	0.000882
2086.000000	0.003392
2087.000000	0.008539
2088.000000	0.009866
2089.000000	0.002753
2090.000000	-0.003536
2091.000000	0.000486
2092.000000	0.011332
2093.000000	0.022329
2094.000000	0.027045
2095.000000	0.021997
2096.000000	0.015261
2097.000000	0.014415
2098.000000	0.013479
2099.000000	0.005903
2100.000000	-0.003590
2101.000000	-0.008304
2102.000000	-0.004920
2103.000000	0.006902
2104.000000	0.018955
2105.000000	0.023159
2106.000000	0.020501
2107.000000	0.014278
2108.000000	0.007966
2109.000000	0.004556
2110.000000	0.004927
2111.000000	0.008833
2112.000000	0.013638
2113.000000	0.016421
2114.000000	0.015516
2115.000000	0.010657
2116.000000	0.005913
2117.000000	0.005106
2118.000000	0.006738
2119.000000	0.007579
2120.000000	0.002775
2121.000000	-0.009316
2122.000000	-0.015880
2123.000000	-0.005870
2124.000000	0.010234
2125.000000	0.019440
2126.000000	0.020231
2127.000000	0.015038
2128.000000	0.010607
2129.000000	0.012518
2130.000000	0.017371
2131.000000	0.020591
2132.000000	0.021891
2133.000000	0.021793
2134.000000	0.019778
2135.000000	0.015310
2136.000000	0.008818
2137.000000	0.001315
2138.000000	-0.004814
2139.000000	-0.007293
2140.000000	-0.005650
2141.000000	-0.000562
2142.000000	0.004493
2143.000000	0.006092
2144.000000	0.003817
2145.000000	-0.001101
2146.000000	-0.003851
2147.000000	-0.000753
2148.000000	0.003774
2149.000000	0.005143
2150.000000	0.006196
2151.000000	0.010456
2152.000000	0.016743
2153.000000	0.022218
2154.000000	0.022105
2155.000000	0.013541
2156.000000	0.003250
2157.000000	-0.001619
2158.000000	-0.001795
2159.000000	0.000016
2160.000000	0.001062
2161.000000	-0.000915
2162.000000	-0.006170
2163.000000	-0.013595
2164.000000	-0.018635
2165.000000	-0.017027
2166.000000	-0.009117
2167.000000	0.002982
2168.000000	0.014703
2169.000000	0.021575
2170.000000	0.021961
2171.000000	0.016095
2172.000000	0.008873
2173.000000	0.005219
2174.000000	0.005504
2175.000000	0.008773
2176.000000	0.013311
2177.000000	0.017311
2178.000000	0.019365
2179.000000	0.018482
2180.000000	0.014939
2181.000000	0.009948
2182.000000	0.007198
2183.000000	0.009297
2184.000000	0.012051
2185.000000	0.010777
2186.000000	0.005622
2187.000000	-0.001533
2188.000000	-0.006715
2189.000000	-0.005930
2190.000000	0.002799
2191.000000	0.018387
2192.000000	0.029532
2193.000000	0.026697
2194.000000	0.017637
2195.000000	0.012861
2196.000000	0.016593
2197.000000	0.027839
2198.000000	0.031020
2199.000000	0.014292
2200.000000	-0.004672
2201.000000	-0.007058
2202.000000	0.000994
2203.000000	0.008707
2204.000000	0.011704
2205.000000	0.008875
2206.000000	0.005763
2207.000000	0.007639
2208.000000	0.012018
2209.000000	0.014767
2210.000000	0.012906
2211.000000	0.005177
2212.000000	-0.003943
2213.000000	-0.009171
2214.000000	-0.007738
2215.000000	-0.000034
2216.000000	0.003435
2217.000000	-0.005431
2218.000000	-0.015006
2219.000000	-0.012822
2220.000000	-0.002782
2221.000000	0.007755
2222.000000	0.013973
2223.000000	0.013392
2224.000000	0.010336
2225.000000	0.009423
2226.000000	0.009646
2227.000000	0.009093
2228.000000	0.007862
2229.000000	0.006520
2230.000000	0.005493
2231.000000	0.005154
2232.000000	0.005792
2233.000000	0.007603
2234.000000	0.010490
2235.000000	0.014223
2236.000000	0.018327
2237.000000	0.022030
2238.000000	0.023616
2239.000000	0.021573
2240.000000	0.016154
2241.000000	0.008561
2242.000000	0.002040
2243.000000	-0.000893
2244.000000	-0.002678
2245.000000	-0.005705
2246.000000	-0.007205
2247.000000	-0.004062
2248.000000	0.003081
2249.000000	0.012216
2250.000000	0.019645
2251.000000	0.022287
2252.000000	0.021206
2253.000000	0.018315
2254.000000	0.014760
2255.000000	0.011390
2256.000000	0.008634
2257.000000	0.006910
2258.000000	0.007030
2259.000000	0.009992
2260.000000	0.017157
2261.000000	0.027908
2262.000000	0.033347
2263.000000	0.026125
2264.000000	0.013381
2265.000000	0.004139
2266.000000	0.000492
2267.000000	0.001753
2268.000000	0.003063
2269.000000	0.000833
2270.000000	0.000745
2271.000000	0.007783
2272.000000	0.014879
2273.000000	0.014519
2274.000000	0.009460
2275.000000	0.004616
2276.000000	0.003271
2277.000000	0.006669
2278.000000	0.009525
2279.000000	0.007315
2280.000000	0.005082
2281.000000	0.007958
2282.000000	0.011873
2283.000000	0.011814
2284.000000	0.008208
2285.000000	0.003293
2286.000000	0.001106
2287.000000	0.004153
2288.000000	0.007025
2289.000000	0.005269
2290.000000	0.006177
2291.000000	0.016183
2292.000000	0.026547
2293.000000	0.027056
2294.000000	0.016793
2295.000000	0.000093
2296.000000	-0.006998
2297.000000	0.007393
2298.000000	0.026727
2299.000000	0.032752
2300.000000	0.028769
2301.000000	0.022631
2302.000000	0.018860
2303.000000	0.020101
2304.000000	0.024832
2305.000000	0.030078
2306.000000	0.031219
2307.000000	0.025480
2308.000000	0.019107
2309.000000	0.018715
2310.000000	0.023379
2311.000000	0.029982
2312.000000	0.034174
2313.000000	0.032066
2314.000000	0.022857
2315.000000	0.008666
2316.000000	0.000212
2317.000000	0.005914
2318.000000	0.016379
2319.000000	0.020769
2320.000000	0.020267
2321.000000	0.019000
2322.000000	0.020838
2323.000000	0.027415
2324.000000	0.031681
2325.000000	0.027962
2326.000000	0.024765
2327.000000	0.030051
2328.000000	0.035418
2329.000000	0.031346
2330.000000	0.020201
2331.000000	0.008050
2332.000000	0.003871
2333.000000	0.013142
2334.000000	0.024429
2335.000000	0.025755
2336.000000	0.019891
2337.000000	0.012546
2338.000000	0.006427
2339.000000	0.003128
2340.000000	0.002783
2341.000000	0.004916
2342.000000	0.008066
2343.000000	0.010766
2344.000000	0.012510
2345.000000	0.012783
2346.000000	0.010088
2347.000000	0.003697
2348.000000	-0.003047
2349.000000	-0.006357
2350.000000	-0.004740
2351.000000	0.001439
2352.000000	0.006670
2353.000000	0.005988
2354.000000	0.001753
2355.000000	-0.002139
2356.000000	-0.002970
2357.000000	0.001012
2358.000000	0.008868
2359.000000	0.018561
2360.000000	0.026359
2361.000000	0.028275
2362.000000	0.021005
2363.000000	0.004584
2364.000000	-0.008280
2365.000000	-0.005852
2366.000000	0.007047
2367.000000	0.021706
2368.000000	0.030409
2369.000000	0.027580
2370.000000	0.015196
2371.000000	-0.001580
2372.000000	-0.012401
2373.000000	-0.009203
2374.000000	0.001754
2375.000000	0.011777
2376.000000	0.016764
2377.000000	0.014892
2378.000000	0.008855
2379.000000	0.002672
2380.000000	0.001155
2381.000000	0.007244
2382.000000	0.015596
2383.000000	0.020292
2384.000000	0.021401
2385.000000	0.020411
2386.000000	0.018499
2387.000000	0.016506
2388.000000	0.014226
2389.000000	0.011001
2390.000000	0.005403
2391.000000	-0.002969
2392.000000	-0.009646
2393.000000	-0.010841
2394.000000	-0.010364
2395.000000	-0.012083
2396.000000	-0.012510
2397.000000	-0.006991
2398.000000	0.006439
2399.000000	0.025550
2400.000000	0.034029
2401.000000	0.019799
2402.000000	0.001823
2403.000000	-0.000012
2404.000000	0.006849
2405.000000	0.010454
2406.000000	0.008164
2407.000000	0.001248
2408.000000	-0.002695
2409.000000	0.002033
2410.000000	0.007207
2411.000000	0.004642
2412.000000	0.000243
2413.000000	0.001226
2414.000000	0.005975
2415.000000	0.010979
2416.000000	0.013998
2417.000000	0.013741
2418.000000	0.011451
2419.000000	0.008193
2420.000000	0.001777
2421.000000	-0.008805
2422.000000	-0.016589
2423.000000	-0.015016
2424.000000	-0.007120
2425.000000	0.002068
2426.000000	0.009117
2427.000000	0.012078
2428.000000	0.013327
2429.000000	0.015263
2430.000000	0.016056
2431.000000	0.013297
2432.000000	0.006492
2433.000000	-0.003304
2434.000000	-0.010753
2435.000000	-0.010722
2436.000000	-0.003170
2437.000000	0.009331
2438.000000	0.018849
2439.000000	0.018830
2440.000000	0.013602
2441.000000	0.008818
2442.000000	0.004567
2443.000000	0.000258
2444.000000	-0.001840
2445.000000	0.000476
2446.000000	0.006283
2447.000000	0.013162
2448.000000	0.015819
2449.000000	0.010733
2450.000000	0.004334
2451.000000	0.003846
2452.000000	0.009705
2453.000000	0.019689
2454.000000	0.027720
2455.000000	0.028226
2456.000000	0.021511
2457.000000	0.010953
2458.000000	0.006343
2459.000000	0.014393
2460.000000	0.023073
2461.000000	0.020425
2462.000000	0.013532
2463.000000	0.011440
2464.000000	0.012013
2465.000000	0.010894
2466.000000	0.006031
2467.000000	-0.001963
2468.000000	-0.004126
2469.000000	0.005709
2470.000000	0.014166
2471.000000	0.009039
2472.000000	0.002330
2473.000000	0.007420
2474.000000	0.018985
2475.000000	0.027678
2476.000000	0.026781
2477.000000	0.013794
2478.000000	0.000478
2479.000000	-0.002126
2480.000000	-0.000122
2481.000000	-0.001295
2482.000000	-0.003026
2483.000000	-0.001347
2484.000000	0.002690
2485.000000	0.006835
2486.000000	0.009075
2487.000000	0.008196
2488.000000	0.005955
2489.000000	0.003951
2490.000000	0.000192
2491.000000	-0.006818
2492.000000	-0.013009
2493.000000	-0.014011
2494.000000	-0.009813
2495.000000	-0.002044
2496.000000	0.005480
2497.000000	0.008911
2498.000000	0.006453
2499.000000	-0.000822
2500.000000	-0.002415
2501.000000	0.009214
2502.000000	0.020331
2503.000000	0.016997
2504.000000	0.005714
2505.000000	-0.003126
2506.000000	-0.004014
2507.000000	0.004436
2508.000000	0.012007
2509.000000	0.009487
2510.000000	0.003281
2511.000000	0.001431
2512.000000	0.002909
2513.000000	0.005456
2514.000000	0.010949
2515.000000	0.020914
2516.000000	0.031324
2517.000000	0.036691
2518.000000	0.031226
2519.000000	0.013310
2520.000000	-0.001706
2521.000000	0.000120
2522.000000	0.010110
2523.000000	0.016261
2524.000000	0.015877
2525.000000	0.009406
2526.000000	0.000554
2527.000000	-0.006466
2528.000000	-0.008678
2529.000000	-0.004271
2530.000000	0.005155
2531.000000	0.016647
2532.000000	0.025254
2533.000000	0.027152
2534.000000	0.025028
2535.000000	0.022664
2536.000000	0.021706
2537.000000	0.022549
2538.000000	0.022701
2539.000000	0.019145
2540.000000	0.009635
2541.000000	-0.004860
2542.000000	-0.011277
2543.000000	0.000721
2544.000000	0.018466
2545.000000	0.027127
2546.000000	0.026207
2547.000000	0.019682
2548.000000	0.015076
2549.000000	0.017947
2550.000000	0.022443
2551.000000	0.021990
2552.000000	0.018519
2553.000000	0.014882
2554.000000	0.009092
2555.000000	-0.000580
2556.000000	-0.009994
2557.000000	-0.014160
2558.000000	-0.010552
2559.000000	0.001243
2560.000000	0.015647
2561.000000	0.025726
2562.000000	0.025101
2563.000000	0.011112
2564.000000	-0.004580
2565.000000	-0.010195
2566.000000	-0.007801
2567.000000	-0.002531
2568.000000	0.002067
2569.000000	0.003937
2570.000000	0.005401
2571.000000	0.007957
2572.000000	0.005417
2573.000000	-0.005712
2574.000000	-0.010468
2575.000000	0.003843
2576.000000	0.022392
2577.000000	0.027872
2578.000000	0.020572
2579.000000	0.006468
2580.000000	-0.003330
2581.000000	-0.001572
2582.000000	-0.001588
2583.000000	-0.014323
2584.000000	-0.020604
2585.000000	-0.002859
2586.000000	0.019951
2587.000000	0.026443
2588.000000	0.022071
2589.000000	0.017878
2590.000000	0.020424
2591.000000	0.030548
2592.000000	0.030676
2593.000000	0.008152
2594.000000	-0.011596
2595.000000	-0.004089
2596.000000	0.013286
2597.000000	0.018746
2598.000000	0.014805
2599.000000	0.009236
2600.000000	0.006547
2601.000000	0.008635
2602.000000	0.010230
2603.000000	0.006933
2604.000000	0.005005
2605.000000	0.010212
2606.000000	0.015681
2607.000000	0.014146
2608.000000	0.009407
2609.000000	0.006928
2610.000000	0.007756
2611.000000	0.011382
2612.000000	0.015494
2613.000000	0.018144
2614.000000	0.020656
2615.000000	0.024482
2616.000000	0.028326
2617.000000	0.029902
2618.000000	0.025723
2619.000000	0.014228
2620.000000	0.002749
2621.000000	-0.001198
2622.000000	0.001733
2623.000000	0.007590
2624.000000	0.007395
2625.000000	-0.004350
2626.000000	-0.014192
2627.000000	-0.008957
2628.000000	0.004473
2629.000000	0.015492
2630.000000	0.018657
2631.000000	0.012000
2632.000000	0.002298
2633.000000	-0.002628
2634.000000	0.000483
2635.000000	0.010784
2636.000000	0.015571
2637.000000	0.005070
2638.000000	-0.006907
2639.000000	-0.005848
2640.000000	0.001982
2641.000000	0.006884
2642.000000	0.006212
2643.000000	0.000051
2644.000000	-0.007656
2645.000000	-0.012569
2646.000000	-0.012638
2647.000000	-0.007703
2648.000000	-0.002893
2649.000000	-0.002437
2650.000000	-0.001679
2651.000000	0.004065
2652.000000	0.010712
2653.000000	0.013263
2654.000000	0.011812
2655.000000	0.008224
2656.000000	0.006353
2657.000000	0.009411
2658.000000	0.016062
2659.000000	0.023427
2660.000000	0.027004
2661.000000	0.023547
2662.000000	0.016458
2663.000000	0.010308
2664.000000	0.007695
2665.000000	0.010201
2666.000000	0.017327
2667.000000	0.027552
2668.000000	0.037346
2669.000000	0.042291
2670.000000	0.036427
2671.000000	0.018280
2672.000000	0.005870
2673.000000	0.013708
2674.000000	0.022775
2675.000000	0.012997
2676.000000	-0.006399
2677.000000	-0.020430
2678.000000	-0.020384
2679.000000	-0.004268
2680.000000	0.009305
2681.000000	0.004102
2682.000000	-0.005972
2683.000000	-0.004579
2684.000000	0.004218
2685.000000	0.012501
2686.000000	0.017327
2687.000000	0.017405
2688.000000	0.013064
2689.000000	0.005426
2690.000000	-0.002839
2691.000000	-0.008714
2692.000000	-0.009352
2693.000000	-0.003937
2694.000000	0.000402
2695.000000	-0.001841
2696.000000	-0.001740
2697.000000	0.008555
2698.000000	0.018157
2699.000000	0.015275
2700.000000	0.003235
2701.000000	-0.009819
2702.000000	-0.011579
2703.000000	0.004785
2704.000000	0.020021
2705.000000	0.016516
2706.000000	0.009305
2707.000000	0.014871
2708.000000	0.022846
2709.000000	0.020239
2710.000000	0.010424
2711.000000	0.000492
2712.000000	-0.003949
2713.000000	0.000253
2714.000000	0.007918
2715.000000	0.013494
2716.000000	0.018261
2717.000000	0.023646
2718.000000	0.024827
2719.000000	0.017955
2720.000000	0.009327
2721.000000	0.005524
2722.000000	0.004117
2723.000000	0.001220
2724.000000	-0.003876
2725.000000	-0.009627
2726.000000	-0.008661
2727.000000	0.004426
2728.000000	0.021352
2729.000000	0.032289
2730.000000	0.034924
2731.000000	0.029573
2732.000000	0.019551
2733.000000	0.009346
2734.000000	0.005125
2735.000000	0.011514
2736.000000	0.025294
2737.000000	0.040263
2738.000000	0.046132
2739.000000	0.036385
2740.000000	0.023684
2741.000000	0.020824
2742.000000	0.021944
2743.000000	0.019598
2744.000000	0.018641
2745.000000	0.023948
2746.000000	0.028179
2747.000000	0.022770
2748.000000	0.006486
2749.000000	-0.016482
2750.000000	-0.027578
2751.000000	-0.012616
2752.000000	0.010733
2753.000000	0.021659
2754.000000	0.018657
2755.000000	0.006781
2756.000000	-0.001984
2757.000000	0.002396
2758.000000	0.015220
2759.000000	0.028147
2760.000000	0.033004
2761.000000	0.025233
2762.000000	0.014572
2763.000000	0.010556
2764.000000	0.007628
2765.000000	0.000227
2766.000000	-0.002117
2767.000000	0.008825
2768.000000	0.021004
2769.000000	0.021089
2770.000000	0.010908
2771.000000	-0.003010
2772.000000	-0.010492
2773.000000	-0.004165
2774.000000	0.008509
2775.000000	0.017438
2776.000000	0.016838
2777.000000	0.004789
2778.000000	-0.009498
2779.000000	-0.016865
2780.000000	-0.019508
2781.000000	-0.021464
2782.000000	-0.022773
2783.000000	-0.022187
2784.000000	-0.017293
2785.000000	-0.006710
2786.000000	0.005641
2787.000000	0.014741
2788.000000	0.016480
2789.000000	0.008751
2790.000000	-0.003438
2791.000000	-0.014214
2792.000000	-0.021358
2793.000000	-0.024131
2794.000000	-0.024049
2795.000000	-0.022757
2796.000000	-0.020148
2797.000000	-0.015647
2798.000000	-0.008556
2799.000000	0.000009
2800.000000	0.001548
2801.000000	-0.009598
2802.000000	-0.020335
2803.000000	-0.017602
2804.000000	-0.007212
2805.000000	0.001510
2806.000000	0.004084
2807.000000	-0.001164
2808.000000	-0.009517
2809.000000	-0.015360
2810.000000	-0.015884
2811.000000	-0.010930
2812.000000	-0.008136
2813.000000	-0.013520
2814.000000	-0.018812
2815.000000	-0.015523
2816.000000	-0.008565
2817.000000	-0.004706
2818.000000	-0.004745
2819.000000	-0.007662
2820.000000	-0.011140
2821.000000	-0.013185
2822.000000	-0.014383
2823.000000	-0.015849
2824.000000	-0.018233
2825.000000	-0.021841
2826.000000	-0.026075
2827.000000	-0.028698
2828.000000	-0.021807
2829.000000	-0.000794
2830.000000	0.020118
2831.000000	0.026336
2832.000000	0.020617
2833.000000	0.010566
2834.000000	0.005837
2835.000000	0.011875
2836.000000	0.015248
2837.000000	0.004861
2838.000000	-0.002158
2839.000000	0.010886
2840.000000	0.030744
2841.000000	0.040832
2842.000000	0.041166
2843.000000	0.036659
2844.000000	0.035198
2845.000000	0.043381
2846.000000	0.059666
2847.000000	0.079774
2848.000000	0.096610
2849.000000	0.105369
2850.000000	0.113232
2851.000000	0.126562
2852.000000	0.136457
2853.000000	0.135099
2854.000000	0.134277
2855.000000	0.147660
2856.000000	0.176848
2857.000000	0.217393
2858.000000	0.252732
2859.000000	0.266905
2860.000000	0.258473
2861.000000	0.234957
2862.000000	0.225209
2863.000000	0.250794
2864.000000	0.282816
2865.000000	0.291249
2866.000000	0.292017
2867.000000	0.306548
2868.000000	0.332350
2869.000000	0.361820
2870.000000	0.390834
2871.000000	0.416841
2872.000000	0.440106
2873.000000	0.460803
2874.000000	0.475926
2875.000000	0.483936
2876.000000	0.492328
2877.000000	0.506512
2878.000000	0.514515
2879.000000	0.505406
2880.000000	0.489815
2881.000000	0.480767
2882.000000	0.479325
2883.000000	0.482996
2884.000000	0.487041
2885.000000	0.487659
2886.000000	0.487043
2887.000000	0.488701
2888.000000	0.495405
2889.000000	0.507589
2890.000000	0.517082
2891.000000	0.517447
2892.000000	0.517803
2893.000000	0.527605
2894.000000	0.542099
2895.000000	0.554281
2896.000000	0.562358
2897.000000	0.566700
2898.000000	0.571132
2899.000000	0.579476
2900.000000	0.592099
2901.000000	0.608439
2902.000000	0.627685
2903.000000	0.647661
2904.000000	0.660990
2905.000000	0.661960
2906.000000	0.656731
2907.000000	0.654543
2908.000000	0.665090
2909.000000	0.693690
2910.000000	0.727694
2911.000000	0.751879
2912.000000	0.758701
2913.000000	0.747647
2914.000000	0.738643
2915.000000	0.749466
2916.000000	0.768851
2917.000000	0.784442
2918.000000	0.808564
2919.000000	0.851412
2920.000000	0.889992
2921.000000	0.902488
2922.000000	0.904981
2923.000000	0.918204
2924.000000	0.943590
2925.000000	0.974733
2926.000000	0.993181
2927.000000	0.985969
2928.000000	0.974138
2929.000000	0.979068
2930.000000	0.989486
2931.000000	0.990692
2932.000000	0.986944
2933.000000	0.985605
2934.000000	0.987509
2935.000000	0.991744
2936.000000	0.996942
2937.000000	1.001085
2938.000000	1.000000
2939.000000	0.989938
2940.000000	0.970991
2941.000000	0.945977
2942.000000	0.924774
2943.000000	0.915530
2944.000000	0.912405
2945.000000	0.905873
2946.000000	0.885659
2947.000000	0.846755
2948.000000	0.805973
2949.000000	0.780488
2950.000000	0.767093
2951.000000	0.757688
2952.000000	0.744965
2953.000000	0.724737
2954.000000	0.704498
2955.000000	0.691645
2956.000000	0.681488
2957.000000	0.668996
2958.000000	0.659843
2959.000000	0.659132
2960.000000	0.658962
2961.000000	0.651627
2962.000000	0.643210
2963.000000	0.641284
2964.000000	0.645609
2965.000000	0.652330
2966.000000	0.650963
2967.000000	0.632288
2968.000000	0.598773
2969.000000	0.558791
2970.000000	0.532645
2971.000000	0.534278
2972.000000	0.540269
2973.000000	0.527918
2974.000000	0.514789
2975.000000	0.519093
2976.000000	0.521372
2977.000000	0.499966
2978.000000	0.462080
2979.000000	0.422489
2980.000000	0.397389
2981.000000	0.397692
2982.000000	0.411749
2983.000000	0.423871
2984.000000	0.424769
2985.000000	0.410090
2986.000000	0.388819
2987.000000	0.370525
2988.000000	0.353789
2989.000000	0.335984
2990.000000	0.320647
2991.000000	0.310955
2992.000000	0.302488
2993.000000	0.289806
2994.000000	0.270998
2995.000000	0.246325
2996.000000	0.221217
2997.000000	0.201121
2998.000000	0.186394
2999.000000	0.176112
3000.000000	0.169322
3001.000000	0.164795
3002.000000	0.160232
3003.000000	0.153493
3004.000000	0.144157
3005.000000	0.132249
3006.000000	0.117864
3007.000000	0.101853
3008.000000	0.088012
3009.000000	0.079772
3010.000000	0.076162
3011.000000	0.074346
3012.000000	0.068430
3013.000000	0.055488
3014.000000	0.047515
3015.000000	0.054497
3016.000000	0.063473
3017.000000	0.060805
3018.000000	0.053105
3019.000000	0.048744
3020.000000	0.042881
3021.000000	0.029855
3022.000000	0.013923
3023.000000	0.001612
3024.000000	-0.001397
3025.000000	0.007357
3026.000000	0.018299
3027.000000	0.020601
3028.000000	0.010451
3029.000000	-0.010616
3030.000000	-0.026711
3031.000000	-0.024064
3032.000000	-0.011749
3033.000000	-0.002489
3034.000000	-0.000772
3035.000000	-0.006719
3036.000000	-0.011222
3037.000000	-0.005825
3038.000000	0.006093
3039.000000	0.017948
3040.000000	0.022160
3041.000000	0.014661
3042.000000	0.006425
3043.000000	0.008100
3044.000000	0.013974
3045.000000	0.016474
3046.000000	0.016928
3047.000000	0.018260
3048.000000	0.020886
3049.000000	0.023722
3050.000000	0.022206
3051.000000	0.013168
3052.000000	0.002488
3053.000000	-0.002642
3054.000000	0.001170
3055.000000	0.014369
3056.000000	0.029406
3057.000000	0.039039
3058.000000	0.045247
3059.000000	0.052139
3060.000000	0.063115
3061.000000	0.078037
3062.000000	0.083326
3063.000000	0.068752
3064.000000	0.050917
3065.000000	0.047048
3066.000000	0.050048
3067.000000	0.049663
3068.000000	0.047325
3069.000000	0.047188
3070.000000	0.052597
3071.000000	0.062847
3072.000000	0.061832
3073.000000	0.038160
3074.000000	0.014689
3075.000000	0.013030
3076.000000	0.015551
3077.000000	0.003005
3078.000000	-0.011083
3079.000000	-0.010802
3080.000000	-0.003487
3081.000000	0.000395
3082.000000	0.001082
3083.000000	0.000936
3084.000000	0.000092
3085.000000	-0.002140
3086.000000	-0.007533
3087.000000	-0.016056
3088.000000	-0.019372
3089.000000	-0.011724
3090.000000	-0.005978
3091.000000	-0.013340
3092.000000	-0.019745
3093.000000	-0.011979
3094.000000	-0.005502
3095.000000	-0.016129
3096.000000	-0.032432
3097.000000	-0.039105
3098.000000	-0.032573
3099.000000	-0.014973
3100.000000	0.000448
3101.000000	0.001180
3102.000000	-0.011225
3103.000000	-0.029744
3104.000000	-0.039518
3105.000000	-0.029615
3106.000000	-0.012631
3107.000000	-0.003098
3108.000000	0.000230
3109.000000	0.001262
3110.000000	-0.001219
3111.000000	-0.007378
3112.000000	-0.008035
3113.000000	0.003768
3114.000000	0.016754
3115.000000	0.018233
3116.000000	0.008098
3117.000000	-0.008422
3118.000000	-0.017338
3119.000000	-0.007972
3120.000000	0.008356
3121.000000	0.017052
3122.000000	0.012420
3123.000000	-0.004315
3124.000000	-0.013136
3125.000000	0.001957
3126.000000	0.022103
3127.000000	0.025892
3128.000000	0.016590
3129.000000	0.003197
3130.000000	-0.007022
3131.000000	-0.008997
3132.000000	-0.004702
3133.000000	0.002047
3134.000000	0.007112
3135.000000	0.007019
3136.000000	0.001267
3137.000000	-0.008820
3138.000000	-0.017601
3139.000000	-0.020133
3140.000000	-0.018591
3141.000000	-0.016510
3142.000000	-0.015766
3143.000000	-0.016854
3144.000000	-0.016419
3145.000000	-0.011059
3146.000000	-0.001038
3147.000000	0.011796
3148.000000	0.022929
3149.000000	0.028132
3150.000000	0.026980
3151.000000	0.020580
3152.000000	0.012352
3153.000000	0.005390
3154.000000	-0.000846
3155.000000	-0.006929
3156.000000	-0.009933
3157.000000	-0.007789
3158.000000	-0.005343
3159.000000	-0.006934
3160.000000	-0.007944
3161.000000	-0.003290
3162.000000	0.005015
3163.000000	0.012654
3164.000000	0.013197
3165.000000	0.002491
3166.000000	-0.012400
3167.000000	-0.022461
3168.000000	-0.022080
3169.000000	-0.009660
3170.000000	0.003741
3171.000000	0.008163
3172.000000	0.010705
3173.000000	0.018599
3174.000000	0.022542
3175.000000	0.014006
3176.000000	0.004087
3177.000000	0.004081
3178.000000	0.006468
3179.000000	0.002430
3180.000000	-0.003217
3181.000000	-0.004272
3182.000000	-0.002630
3183.000000	-0.002008
3184.000000	-0.005321
3185.000000	-0.013006
3186.000000	-0.016385
3187.000000	-0.007762
3188.000000	0.007520
3189.000000	0.021783
3190.000000	0.031035
3191.000000	0.032905
3192.000000	0.027815
3193.000000	0.016839
3194.000000	0.000875
3195.000000	-0.016523
3196.000000	-0.020990
3197.000000	-0.002348
3198.000000	0.022014
3199.000000	0.032205
3200.000000	0.025893
3201.000000	0.007899
3202.000000	-0.005910
3203.000000	-0.002721
3204.000000	0.007014
3205.000000	0.010384
3206.000000	0.007911
3207.000000	0.003641
3208.000000	0.002285
3209.000000	0.007615
3210.000000	0.018974
3211.000000	0.032465
3212.000000	0.035664
3213.000000	0.019730
3214.000000	-0.001320
3215.000000	-0.011369
3216.000000	-0.008773
3217.000000	0.003451
3218.000000	0.018111
3219.000000	0.027630
3220.000000	0.027072
3221.000000	0.014922
3222.000000	0.000706
3223.000000	-0.005765
3224.000000	-0.004596
3225.000000	0.000785
3226.000000	0.003572
3227.000000	-0.000613
3228.000000	-0.003063
3229.000000	0.004259
3230.000000	0.013615
3231.000000	0.016303
3232.000000	0.015546
3233.000000	0.015968
3234.000000	0.015880
3235.000000	0.012424
3236.000000	0.004370
3237.000000	-0.007293
3238.000000	-0.014341
3239.000000	-0.009444
3240.000000	0.003903
3241.000000	0.017955
3242.000000	0.018786
3243.000000	-0.000892
3244.000000	-0.015647
3245.000000	-0.002745
3246.000000	0.017036
3247.000000	0.019860
3248.000000	0.013179
3249.000000	0.009877
3250.000000	0.013265
3251.000000	0.022188
3252.000000	0.027188
3253.000000	0.020858
3254.000000	0.012300
3255.000000	0.011941
3256.000000	0.018985
3257.000000	0.028768
3258.000000	0.032359
3259.000000	0.024483
3260.000000	0.018742
3261.000000	0.027399
3262.000000	0.038470
3263.000000	0.039315
3264.000000	0.038898
3265.000000	0.046599
3266.000000	0.051849
3267.000000	0.044001
3268.000000	0.032052
3269.000000	0.026836
3270.000000	0.026879
3271.000000	0.028319
3272.000000	0.030048
3273.000000	0.032372
3274.000000	0.038509
3275.000000	0.050605
3276.000000	0.063606
3277.000000	0.071468
3278.000000	0.071376
3279.000000	0.063639
3280.000000	0.057830
3281.000000	0.061913
3282.000000	0.068164
3283.000000	0.067824
3284.000000	0.063697
3285.000000	0.060931
3286.000000	0.062494
3287.000000	0.068275
3288.000000	0.068019
3289.000000	0.054382
3290.000000	0.041814
3291.000000	0.045112
3292.000000	0.058663
3293.000000	0.072476
3294.000000	0.079445
3295.000000	0.076143
3296.000000	0.070968
3297.000000	0.072136
3298.000000	0.075323
3299.000000	0.073928
3300.000000	0.064797
3301.000000	0.049159
3302.000000	0.042333
3303.000000	0.056282
3304.000000	0.075447
3305.000000	0.082208
3306.000000	0.078212
3307.000000	0.069503
3308.000000	0.060449
3309.000000	0.054527
3310.000000	0.053326
3311.000000	0.056995
3312.000000	0.061822
3313.000000	0.064247
3314.000000	0.065190
3315.000000	0.066825
3316.000000	0.071875
3317.000000	0.081048
3318.000000	0.086430
3319.000000	0.081072
3320.000000	0.070495
3321.000000	0.061989
3322.000000	0.057441
3323.000000	0.056607
3324.000000	0.056120
3325.000000	0.053733
3326.000000	0.054799
3327.000000	0.063305
3328.000000	0.070178
3329.000000	0.067525
3330.000000	0.065245
3331.000000	0.073275
3332.000000	0.083904
3333.000000	0.087514
3334.000000	0.084506
3335.000000	0.078406
3336.000000	0.075210
3337.000000	0.078500
3338.000000	0.079741
3339.000000	0.071256
3340.000000	0.060922
3341.000000	0.058260
3342.000000	0.063795
3343.000000	0.074514
3344.000000	0.082227
3345.000000	0.080497
3346.000000	0.075066
3347.000000	0.072305
3348.000000	0.068928
3349.000000	0.061388
3350.000000	0.054753
3351.000000	0.054061
3352.000000	0.055623
3353.000000	0.054356
3354.000000	0.048347
3355.000000	0.038230
3356.000000	0.031672
3357.000000	0.035585
3358.000000	0.046820
3359.000000	0.059639
3360.000000	0.068016
3361.000000	0.068326
3362.000000	0.066840
3363.000000	0.068460
3364.000000	0.062706
3365.000000	0.042013
3366.000000	0.025858
3367.000000	0.032200
3368.000000	0.045880
3369.000000	0.049753
3370.000000	0.051834
3371.000000	0.061223
3372.000000	0.066186
3373.000000	0.056563
3374.000000	0.049337
3375.000000	0.060704
3376.000000	0.076585
3377.000000	0.079658
3378.000000	0.069910
3379.000000	0.053293
3380.000000	0.042323
3381.000000	0.046133
3382.000000	0.053771
3383.000000	0.053719
3384.000000	0.052293
3385.000000	0.056900
3386.000000	0.061474
3387.000000	0.059649
3388.000000	0.057317
3389.000000	0.059429
3390.000000	0.054907
3391.000000	0.035972
3392.000000	0.024066
3393.000000	0.037500
3394.000000	0.052843
3395.000000	0.046325
3396.000000	0.034554
3397.000000	0.037005
3398.000000	0.044237
3399.000000	0.043535
3400.000000	0.038015
3401.000000	0.033850
3402.000000	0.033607
3403.000000	0.036993
3404.000000	0.035879
3405.000000	0.024862
3406.000000	0.017265
3407.000000	0.024670
3408.000000	0.032966
3409.000000	0.027464
3410.000000	0.016860
3411.000000	0.012643
3412.000000	0.014088
3413.000000	0.017905
3414.000000	0.022750
3415.000000	0.026910
3416.000000	0.025243
3417.000000	0.015005
3418.000000	0.006482
3419.000000	0.009312
3420.000000	0.017523
3421.000000	0.022293
3422.000000	0.019014
3423.000000	0.006687
3424.000000	-0.005454
3425.000000	-0.007908
3426.000000	-0.000352
3427.000000	0.013662
3428.000000	0.024252
3429.000000	0.023225
3430.000000	0.015478
3431.000000	0.009119
3432.000000	0.012006
3433.000000	0.027213
3434.000000	0.038933
3435.000000	0.034047
3436.000000	0.029073
3437.000000	0.038793
3438.000000	0.041397
3439.000000	0.017025
3440.000000	-0.009792
3441.000000	-0.011840
3442.000000	0.004438
3443.000000	0.024873
3444.000000	0.038044
3445.000000	0.036685
3446.000000	0.027410
3447.000000	0.018455
3448.000000	0.010673
3449.000000	0.003877
3450.000000	0.001099
3451.000000	0.005423
3452.000000	0.016921
3453.000000	0.032579
3454.000000	0.040067
3455.000000	0.029347
3456.000000	0.008878
3457.000000	-0.008526
3458.000000	-0.011118
3459.000000	0.006329
3460.000000	0.024029
3461.000000	0.023922
3462.000000	0.019867
3463.000000	0.026463
3464.000000	0.029342
3465.000000	0.014735
3466.000000	0.000235
3467.000000	0.003785
3468.000000	0.013353
3469.000000	0.013716
3470.000000	0.006853
3471.000000	-0.000735
3472.000000	-0.001668
3473.000000	0.007889
3474.000000	0.016701
3475.000000	0.013485
3476.000000	0.001829
3477.000000	-0.010785
3478.000000	-0.016168
3479.000000	-0.009557
3480.000000	-0.000610
3481.000000	0.001093
3482.000000	0.000720
3483.000000	0.005230
3484.000000	0.014016
3485.000000	0.022890
3486.000000	0.020910
3487.000000	0.002296
3488.000000	-0.011338
3489.000000	-0.000436
3490.000000	0.018933
3491.000000	0.026822
3492.000000	0.023393
3493.000000	0.014345
3494.000000	0.007413
3495.000000	0.008471
3496.000000	0.013921
3497.000000	0.018415
3498.000000	0.019073
3499.000000	0.014899
3500.000000	0.009954
3501.000000	0.007604
3502.000000	0.003365
3503.000000	-0.006447
3504.000000	-0.014464
3505.000000	-0.012394
3506.000000	0.000712
3507.000000	0.020641
3508.000000	0.029874
3509.000000	0.015363
3510.000000	-0.004758
3511.000000	-0.010608
3512.000000	-0.006515
3513.000000	-0.000674
3514.000000	0.007450
3515.000000	0.018498
3516.000000	0.024809
3517.000000	0.020535
3518.000000	0.015372
3519.000000	0.018629
3520.000000	0.022517
3521.000000	0.018717
3522.000000	0.013875
3523.000000	0.014653
3524.000000	0.012801
3525.000000	0.000894
3526.000000	-0.010297
3527.000000	-0.009787
3528.000000	-0.003931
3529.000000	-0.001682
3530.000000	-0.005029
3531.000000	-0.012822
3532.000000	-0.018313
3533.000000	-0.016006
3534.000000	-0.011017
3535.000000	-0.009577
3536.000000	-0.011766
3537.000000	-0.015140
3538.000000	-0.013307
3539.000000	-0.002236
3540.000000	0.008717
3541.000000	0.010649
3542.000000	0.009855
3543.000000	0.012746
3544.000000	0.010992
3545.000000	-0.002274
3546.000000	-0.013336
3547.000000	-0.008901
3548.000000	0.002046
3549.000000	0.007881
3550.000000	0.008690
3551.000000	0.007043
3552.000000	0.003720
3553.000000	-0.000187
3554.000000	-0.000565
3555.000000	0.005291
3556.000000	0.011425
3557.000000	0.011557
3558.000000	0.006782
3559.000000	0.000430
3560.000000	-0.002586
3561.000000	0.001227
3562.000000	0.008109
3563.000000	0.013293
3564.000000	0.015238
3565.000000	0.013918
3566.000000	0.012136
3567.000000	0.012052
3568.000000	0.010438
3569.000000	0.004027
3570.000000	-0.005211
3571.000000	-0.012853
3572.000000	-0.009908
3573.000000	0.007074
3574.000000	0.014811
3575.000000	-0.005006
3576.000000	-0.024055
3577.000000	-0.014528
3578.000000	0.002683
3579.000000	0.003051
3580.000000	-0.003799
3581.000000	-0.004058
3582.000000	-0.001344
3583.000000	-0.001499
3584.000000	-0.001849
3585.000000	0.001329
3586.000000	0.007438
3587.000000	0.013708
3588.000000	0.013006
3589.000000	0.001182
3590.000000	-0.009623
3591.000000	-0.007780
3592.000000	-0.000007
3593.000000	0.004196
3594.000000	0.002532
3595.000000	-0.004061
3596.000000	-0.008910
3597.000000	-0.006219
3598.000000	0.000565
3599.000000	0.005687
3600.000000	0.003392
