400.000000	0.015476
401.000000	0.007478
402.000000	-0.000736
403.000000	-0.007614
404.000000	-0.011601
405.000000	-0.011336
406.000000	-0.006220
407.000000	0.003376
408.000000	0.013966
409.000000	0.021854
410.000000	0.025609
411.000000	0.024913
412.000000	0.021621
413.000000	0.017744
414.000000	0.013747
415.000000	0.009725
416.000000	0.005855
417.000000	0.002534
418.000000	0.000960
419.000000	0.002173
420.000000	0.005766
421.000000	0.010801
422.000000	0.015650
423.000000	0.018646
424.000000	0.018655
425.000000	0.014908
426.000000	0.007577
427.000000	-0.002422
428.000000	-0.012133
429.000000	-0.018635
430.000000	-0.021184
431.000000	-0.019710
432.000000	-0.014666
433.000000	-0.006801
434.000000	0.002466
435.000000	0.011567
436.000000	0.019016
437.000000	0.023249
438.000000	0.022305
439.000000	0.015147
440.000000	0.004832
441.000000	-0.004786
442.000000	-0.010747
443.000000	-0.011269
444.000000	-0.008396
445.000000	-0.004757
446.000000	-0.001493
447.000000	0.000701
448.000000	0.001424
449.000000	0.000548
450.000000	-0.001268
451.000000	-0.003276
452.000000	-0.005170
453.000000	-0.006965
454.000000	-0.009515
455.000000	-0.013480
456.000000	-0.017900
457.000000	-0.021429
458.000000	-0.022801
459.000000	-0.021043
460.000000	-0.016271
461.000000	-0.009126
462.000000	-0.001249
463.000000	0.005177
464.000000	0.006813
465.000000	0.001461
466.000000	-0.007367
467.000000	-0.015175
468.000000	-0.019236
469.000000	-0.018289
470.000000	-0.015166
471.000000	-0.012951
472.000000	-0.011640
473.000000	-0.010359
474.000000	-0.007838
475.000000	-0.003401
476.000000	0.000854
477.000000	0.002610
478.000000	0.001458
479.000000	-0.002128
480.000000	-0.006055
481.000000	-0.008261
482.000000	-0.008417
483.000000	-0.006673
484.000000	-0.003367
485.000000	0.001044
486.000000	0.005805
487.000000	0.010045
488.000000	0.012726
489.000000	0.012761
490.000000	0.009022
491.000000	0.001383
492.000000	-0.006230
493.000000	-0.009631
494.000000	-0.007634
495.000000	-0.000740
496.000000	0.006808
497.000000	0.010975
498.000000	0.012286
499.000000	0.012368
500.000000	0.012694
501.000000	0.014077
502.000000	0.014852
503.000000	0.013299
504.000000	0.009953
505.000000	0.006150
506.000000	0.004191
507.000000	0.005661
508.000000	0.008333
509.000000	0.009479
510.000000	0.008189
511.000000	0.004722
512.000000	0.002191
513.000000	0.003347
514.000000	0.006643
515.000000	0.009526
516.000000	0.009724
517.000000	0.006362
518.000000	0.003870
519.000000	0.006640
520.000000	0.013614
521.000000	0.021627
522.000000	0.024540
523.000000	0.018069
524.000000	0.008313
525.000000	0.002873
526.000000	0.004967
527.000000	0.014963
528.000000	0.026209
529.000000	0.032008
530.000000	0.032500
531.000000	0.029642
532.000000	0.025818
533.000000	0.022883
534.000000	0.020151
535.000000	0.016662
536.000000	0.012904
537.000000	0.009909
538.000000	0.009424
539.000000	0.012559
540.000000	0.017145
541.000000	0.020542
542.000000	0.021498
543.000000	0.019627
544.000000	0.016621
545.000000	0.014476
546.000000	0.014333
547.000000	0.016983
548.000000	0.022685
549.000000	0.030460
550.000000	0.034901
551.000000	0.031026
552.000000	0.019985
553.000000	0.005340
554.000000	-0.005820
555.000000	-0.007853
556.000000	-0.004420
557.000000	-0.000815
558.000000	0.000427
559.000000	-0.001514
560.000000	-0.003372
561.000000	-0.001909
562.000000	0.001907
563.000000	0.006102
564.000000	0.008873
565.000000	0.008888
566.000000	0.006516
567.000000	0.002930
568.000000	0.000809
569.000000	0.002092
570.000000	0.004233
571.000000	0.004432
572.000000	0.003342
573.000000	0.002366
574.000000	0.002452
575.000000	0.003486
576.000000	0.001562
577.000000	-0.006141
578.000000	-0.014301
579.000000	-0.017170
580.000000	-0.015430
581.000000	-0.011373
582.000000	-0.007298
583.000000	-0.005077
584.000000	-0.004862
585.000000	-0.006133
586.000000	-0.007385
587.000000	-0.007482
588.000000	-0.007739
589.000000	-0.009643
590.000000	-0.012920
591.000000	-0.016245
592.000000	-0.015843
593.000000	-0.009050
594.000000	-0.000104
595.000000	0.005522
596.000000	0.004321
597.000000	-0.004826
598.000000	-0.015455
599.000000	-0.020758
600.000000	-0.020130
601.000000	-0.014858
602.000000	-0.007579
603.000000	-0.001097
604.000000	0.002471
605.000000	0.001695
606.000000	-0.002805
607.000000	-0.009341
608.000000	-0.014006
609.000000	-0.013654
610.000000	-0.010389
611.000000	-0.007334
612.000000	-0.006422
613.000000	-0.008668
614.000000	-0.012600
615.000000	-0.016429
616.000000	-0.019590
617.000000	-0.021842
618.000000	-0.023030
619.000000	-0.022821
620.000000	-0.020087
621.000000	-0.013980
622.000000	-0.005553
623.000000	0.003385
624.000000	0.009906
625.000000	0.011710
626.000000	0.010115
627.000000	0.007135
628.000000	0.003950
629.000000	0.001324
630.000000	-0.000821
631.000000	-0.002760
632.000000	-0.004725
633.000000	-0.006908
634.000000	-0.009393
635.000000	-0.012112
636.000000	-0.014482
637.000000	-0.015854
638.000000	-0.015815
639.000000	-0.014045
640.000000	-0.010360
641.000000	-0.004761
642.000000	0.002150
643.000000	0.009566
644.000000	0.016472
645.000000	0.021737
646.000000	0.023993
647.000000	0.022127
648.000000	0.016300
649.000000	0.007189
650.000000	-0.003739
651.000000	-0.014113
652.000000	-0.018743
653.000000	-0.013841
654.000000	-0.004047
655.000000	0.004032
656.000000	0.004349
657.000000	-0.005932
658.000000	-0.017357
659.000000	-0.019898
660.000000	-0.013535
661.000000	-0.001686
662.000000	0.008476
663.000000	0.010820
664.000000	0.007144
665.000000	0.001022
666.000000	-0.004782
667.000000	-0.007498
668.000000	-0.003526
669.000000	0.008850
670.000000	0.022969
671.000000	0.030984
672.000000	0.028664
673.000000	0.015484
674.000000	0.002116
675.000000	-0.001133
676.000000	0.003385
677.000000	0.009924
678.000000	0.011812
679.000000	0.004734
680.000000	-0.005270
681.000000	-0.011110
682.000000	-0.011835
683.000000	-0.008660
684.000000	-0.005318
685.000000	-0.005121
686.000000	-0.007188
687.000000	-0.009779
688.000000	-0.011906
689.000000	-0.012834
690.000000	-0.012100
691.000000	-0.009686
692.000000	-0.007095
693.000000	-0.006037
694.000000	-0.007547
695.000000	-0.011157
696.000000	-0.011076
697.000000	-0.003125
698.000000	0.005114
699.000000	0.006002
700.000000	0.003441
701.000000	0.002550
702.000000	0.001768
703.000000	-0.000734
704.000000	-0.001171
705.000000	0.003795
706.000000	0.010108
707.000000	0.012872
708.000000	0.011237
709.000000	0.005607
710.000000	-0.002643
711.000000	-0.011245
712.000000	-0.015318
713.000000	-0.011372
714.000000	-0.004074
715.000000	0.000540
716.000000	-0.000869
717.000000	-0.009171
718.000000	-0.018064
719.000000	-0.021100
720.000000	-0.018411
721.000000	-0.011906
722.000000	-0.004013
723.000000	0.003511
724.000000	0.012099
725.000000	0.023128
726.000000	0.034546
727.000000	0.043205
728.000000	0.044993
729.000000	0.037255
730.000000	0.024127
731.000000	0.010802
732.000000	-0.000092
733.000000	-0.007035
734.000000	-0.010386
735.000000	-0.010624
736.000000	-0.006841
737.000000	0.001744
738.000000	0.014027
739.000000	0.027333
740.000000	0.034592
741.000000	0.030378
742.000000	0.020238
743.000000	0.012050
744.000000	0.012039
745.000000	0.023373
746.000000	0.038637
747.000000	0.049643
748.000000	0.055707
749.000000	0.058336
750.000000	0.060304
751.000000	0.063625
752.000000	0.065997
753.000000	0.064713
754.000000	0.059759
755.000000	0.052126
756.000000	0.044126
757.000000	0.037656
758.000000	0.031634
759.000000	0.024629
760.000000	0.016795
761.000000	0.009180
762.000000	0.004811
763.000000	0.005909
764.000000	0.009498
765.000000	0.011760
766.000000	0.010715
767.000000	0.005966
768.000000	0.001610
769.000000	0.001649
770.000000	0.005216
771.000000	0.010223
772.000000	0.014557
773.000000	0.016602
774.000000	0.016743
775.000000	0.015891
776.000000	0.015052
777.000000	0.015253
778.000000	0.017523
779.000000	0.022134
780.000000	0.026347
781.000000	0.027424
782.000000	0.025648
783.000000	0.022839
784.000000	0.023943
785.000000	0.031893
786.000000	0.038439
787.000000	0.035859
788.000000	0.029737
789.000000	0.026299
790.000000	0.021035
791.000000	0.009372
792.000000	-0.002770
793.000000	-0.008420
794.000000	-0.006905
795.000000	-0.000044
796.000000	0.006669
797.000000	0.008273
798.000000	0.005620
799.000000	0.001049
800.000000	-0.002978
801.000000	-0.004450
802.000000	-0.003285
803.000000	-0.000021
804.000000	0.004250
805.000000	0.008286
806.000000	0.010787
807.000000	0.010864
808.000000	0.009343
809.000000	0.007430
810.000000	0.006146
811.000000	0.006488
812.000000	0.009538
813.000000	0.015187
814.000000	0.018480
815.000000	0.014654
816.000000	0.004567
817.000000	-0.008264
818.000000	-0.015296
819.000000	-0.009768
820.000000	0.002927
821.000000	0.015249
822.000000	0.023222
823.000000	0.024865
824.000000	0.022605
825.000000	0.019633
826.000000	0.017789
827.000000	0.018348
828.000000	0.021661
829.000000	0.027112
830.000000	0.031135
831.000000	0.030541
832.000000	0.026604
833.000000	0.021704
834.000000	0.018182
835.000000	0.017834
836.000000	0.020327
837.000000	0.024500
838.000000	0.028019
839.000000	0.028302
840.000000	0.022956
841.000000	0.011203
842.000000	-0.001449
843.000000	-0.009128
844.000000	-0.010793
845.000000	-0.007124
846.000000	-0.000865
847.000000	0.005315
848.000000	0.011121
849.000000	0.016771
850.000000	0.022180
851.000000	0.027214
852.000000	0.031860
853.000000	0.035897
854.000000	0.038160
855.000000	0.037602
856.000000	0.034609
857.000000	0.030467
858.000000	0.028641
859.000000	0.031726
860.000000	0.036662
861.000000	0.039477
862.000000	0.038205
863.000000	0.032511
864.000000	0.026573
865.000000	0.024313
866.000000	0.024115
867.000000	0.023201
868.000000	0.019701
869.000000	0.013087
870.000000	0.007308
871.000000	0.006186
872.000000	0.008555
873.000000	0.011982
874.000000	0.013948
875.000000	0.013097
876.000000	0.012826
877.000000	0.016426
878.000000	0.022030
879.000000	0.026312
880.000000	0.025276
881.000000	0.016789
882.000000	0.006841
883.000000	0.001981
884.000000	0.002883
885.000000	0.008176
886.000000	0.014184
887.000000	0.017388
888.000000	0.017218
889.000000	0.014118
890.000000	0.009655
891.000000	0.006018
892.000000	0.006760
893.000000	0.013903
894.000000	0.021977
895.000000	0.024872
896.000000	0.021407
897.000000	0.012940
898.000000	0.006068
899.000000	0.006502
900.000000	0.011181
901.000000	0.015441
902.000000	0.016979
903.000000	0.014899
904.000000	0.011556
905.000000	0.009573
906.000000	0.009376
907.000000	0.010739
908.000000	0.013005
909.000000	0.014946
910.000000	0.013471
911.000000	0.006600
912.000000	-0.001331
913.000000	-0.004905
914.000000	-0.000701
915.000000	0.012064
916.000000	0.025608
917.000000	0.032149
918.000000	0.032455
919.000000	0.029552
920.000000	0.026943
921.000000	0.027444
922.000000	0.030660
923.000000	0.035299
924.000000	0.039693
925.000000	0.042125
926.000000	0.041046
927.000000	0.035813
928.000000	0.029232
929.000000	0.024355
930.000000	0.021759
931.000000	0.021200
932.000000	0.021636
933.000000	0.022327
934.000000	0.024545
935.000000	0.029328
936.000000	0.034762
937.000000	0.037892
938.000000	0.034566
939.000000	0.022889
940.000000	0.011203
941.000000	0.008233
942.000000	0.013990
943.000000	0.024928
944.000000	0.031990
945.000000	0.028109
946.000000	0.019685
947.000000	0.014975
948.000000	0.016199
949.000000	0.022932
950.000000	0.030193
951.000000	0.033198
952.000000	0.032494
953.000000	0.029815
954.000000	0.026318
955.000000	0.022959
956.000000	0.020461
957.000000	0.019299
958.000000	0.019172
959.000000	0.019556
960.000000	0.019794
961.000000	0.019061
962.000000	0.015974
963.000000	0.009936
964.000000	0.004040
965.000000	0.001726
966.000000	0.004128
967.000000	0.010480
968.000000	0.014719
969.000000	0.011974
970.000000	0.007432
971.000000	0.007846
972.000000	0.016176
973.000000	0.031724
974.000000	0.042940
975.000000	0.039707
976.000000	0.028482
977.000000	0.019098
978.000000	0.018327
979.000000	0.028800
980.000000	0.039661
981.000000	0.040244
982.000000	0.034128
983.000000	0.028141
984.000000	0.027857
985.000000	0.036046
986.000000	0.045525
987.000000	0.048640
988.000000	0.045821
989.000000	0.039684
990.000000	0.033498
991.000000	0.030546
992.000000	0.033503
993.000000	0.043528
994.000000	0.056323
995.000000	0.066427
996.000000	0.069176
997.000000	0.062598
998.000000	0.054702
999.000000	0.054472
1000.000000	0.064810
1001.000000	0.084352
1002.000000	0.100741
1003.000000	0.103300
1004.000000	0.099065
1005.000000	0.097164
1006.000000	0.097389
1007.000000	0.097406
1008.000000	0.095713
1009.000000	0.091660
1010.000000	0.087156
1011.000000	0.083897
1012.000000	0.080156
1013.000000	0.073881
1014.000000	0.065135
1015.000000	0.054799
1016.000000	0.044909
1017.000000	0.037499
1018.000000	0.033425
1019.000000	0.033077
1020.000000	0.036152
1021.000000	0.041548
1022.000000	0.045656
1023.000000	0.045242
1024.000000	0.041073
1025.000000	0.035321
1026.000000	0.031760
1027.000000	0.033270
1028.000000	0.037540
1029.000000	0.041671
1030.000000	0.045604
1031.000000	0.050234
1032.000000	0.057439
1033.000000	0.067985
1034.000000	0.077197
1035.000000	0.080246
1036.000000	0.077139
1037.000000	0.069653
1038.000000	0.061820
1039.000000	0.057609
1040.000000	0.058480
1041.000000	0.064655
1042.000000	0.073909
1043.000000	0.083004
1044.000000	0.087103
1045.000000	0.083257
1046.000000	0.077682
1047.000000	0.077119
1048.000000	0.081252
1049.000000	0.087009
1050.000000	0.087347
1051.000000	0.077680
1052.000000	0.067207
1053.000000	0.065956
1054.000000	0.073472
1055.000000	0.085170
1056.000000	0.090441
1057.000000	0.081390
1058.000000	0.067024
1059.000000	0.058222
1060.000000	0.056467
1061.000000	0.059523
1062.000000	0.059685
1063.000000	0.051381
1064.000000	0.043036
1065.000000	0.044094
1066.000000	0.054068
1067.000000	0.068512
1068.000000	0.077074
1069.000000	0.071892
1070.000000	0.060957
1071.000000	0.054196
1072.000000	0.053413
1073.000000	0.057222
1074.000000	0.059595
1075.000000	0.055740
1076.000000	0.050441
1077.000000	0.049701
1078.000000	0.054833
1079.000000	0.065348
1080.000000	0.078235
1081.000000	0.089936
1082.000000	0.097216
1083.000000	0.097706
1084.000000	0.092175
1085.000000	0.082688
1086.000000	0.073356
1087.000000	0.068099
1088.000000	0.068040
1089.000000	0.073041
1090.000000	0.080724
1091.000000	0.087799
1092.000000	0.089561
1093.000000	0.082913
1094.000000	0.072611
1095.000000	0.064422
1096.000000	0.060294
1097.000000	0.060729
1098.000000	0.064257
1099.000000	0.068815
1100.000000	0.071923
1101.000000	0.071624
1102.000000	0.068456
1103.000000	0.063889
1104.000000	0.060616
1105.000000	0.061284
1106.000000	0.067122
1107.000000	0.078015
1108.000000	0.089891
1109.000000	0.097332
1110.000000	0.093483
1111.000000	0.075065
1112.000000	0.054531
1113.000000	0.045130
1114.000000	0.047558
1115.000000	0.058142
1116.000000	0.068293
1117.000000	0.070843
1118.000000	0.069225
1119.000000	0.068346
1120.000000	0.068405
1121.000000	0.068183
1122.000000	0.065508
1123.000000	0.059278
1124.000000	0.053620
1125.000000	0.052940
1126.000000	0.057522
1127.000000	0.066266
1128.000000	0.076640
1129.000000	0.086067
1130.000000	0.093210
1131.000000	0.096907
1132.000000	0.095443
1133.000000	0.087185
1134.000000	0.071376
1135.000000	0.048972
1136.000000	0.026900
1137.000000	0.011967
1138.000000	0.004533
1139.000000	0.002988
1140.000000	0.004302
1141.000000	0.006008
1142.000000	0.009308
1143.000000	0.015402
1144.000000	0.021819
1145.000000	0.025328
1146.000000	0.023344
1147.000000	0.015022
1148.000000	0.005828
1149.000000	0.001235
1150.000000	0.000422
1151.000000	0.001020
1152.000000	0.000760
1153.000000	-0.001307
1154.000000	-0.000942
1155.000000	0.005873
1156.000000	0.017083
1157.000000	0.029112
1158.000000	0.038370
1159.000000	0.041465
1160.000000	0.035813
1161.000000	0.020915
1162.000000	0.003807
1163.000000	-0.007409
1164.000000	-0.007897
1165.000000	0.003697
1166.000000	0.018067
1167.000000	0.025782
1168.000000	0.027557
1169.000000	0.026475
1170.000000	0.024932
1171.000000	0.024545
1172.000000	0.024493
1173.000000	0.023612
1174.000000	0.021809
1175.000000	0.019218
1176.000000	0.015817
1177.000000	0.011425
1178.000000	0.005398
1179.000000	-0.002269
1180.000000	-0.008543
1181.000000	-0.010248
1182.000000	-0.006671
1183.000000	0.001573
1184.000000	0.011016
1185.000000	0.017751
1186.000000	0.018976
1187.000000	0.012956
1188.000000	0.001109
1189.000000	-0.013604
1190.000000	-0.025209
1191.000000	-0.028651
1192.000000	-0.025579
1193.000000	-0.019188
1194.000000	-0.012164
1195.000000	-0.007069
1196.000000	-0.006481
1197.000000	-0.010841
1198.000000	-0.012021
1199.000000	-0.002309
1200.000000	0.015763
1201.000000	0.035893
1202.000000	0.046931
1203.000000	0.041419
1204.000000	0.031517
1205.000000	0.030852
1206.000000	0.039304
1207.000000	0.052317
1208.000000	0.061347
1209.000000	0.059854
1210.000000	0.053303
1211.000000	0.048774
1212.000000	0.047788
1213.000000	0.050192
1214.000000	0.054691
1215.000000	0.060030
1216.000000	0.066263
1217.000000	0.073385
1218.000000	0.079844
1219.000000	0.083842
1220.000000	0.084159
1221.000000	0.080301
1222.000000	0.074119
1223.000000	0.068047
1224.000000	0.064518
1225.000000	0.065562
1226.000000	0.071608
1227.000000	0.081442
1228.000000	0.088889
1229.000000	0.088786
1230.000000	0.084998
1231.000000	0.082990
1232.000000	0.085616
1233.000000	0.093512
1234.000000	0.101061
1235.000000	0.102817
1236.000000	0.100279
1237.000000	0.096422
1238.000000	0.093176
1239.000000	0.091824
1240.000000	0.092090
1241.000000	0.093606
1242.000000	0.097187
1243.000000	0.103407
1244.000000	0.110694
1245.000000	0.116465
1246.000000	0.116239
1247.000000	0.107496
1248.000000	0.097467
1249.000000	0.093996
1250.000000	0.097632
1251.000000	0.106141
1252.000000	0.113440
1253.000000	0.114121
1254.000000	0.109313
1255.000000	0.101793
1256.000000	0.094383
1257.000000	0.089815
1258.000000	0.090401
1259.000000	0.096805
1260.000000	0.103512
1261.000000	0.104846
1262.000000	0.100665
1263.000000	0.092534
1264.000000	0.083318
1265.000000	0.076217
1266.000000	0.074480
1267.000000	0.080128
1268.000000	0.090240
1269.000000	0.100817
1270.000000	0.108510
1271.000000	0.111213
1272.000000	0.111156
1273.000000	0.111055
1274.000000	0.111229
1275.000000	0.111361
1276.000000	0.110968
1277.000000	0.109312
1278.000000	0.104784
1279.000000	0.096888
1280.000000	0.090439
1281.000000	0.090292
1282.000000	0.096159
1283.000000	0.104875
1284.000000	0.106905
1285.000000	0.095821
1286.000000	0.083996
1287.000000	0.085044
1288.000000	0.098730
1289.000000	0.119232
1290.000000	0.132226
1291.000000	0.126897
1292.000000	0.114973
1293.000000	0.110479
1294.000000	0.114090
1295.000000	0.122229
1296.000000	0.127664
1297.000000	0.125413
1298.000000	0.123156
1299.000000	0.129234
1300.000000	0.141963
1301.000000	0.156962
1302.000000	0.169077
1303.000000	0.174238
1304.000000	0.173473
1305.000000	0.169203
1306.000000	0.164316
1307.000000	0.161552
1308.000000	0.162585
1309.000000	0.168167
1310.000000	0.176428
1311.000000	0.184697
1312.000000	0.189717
1313.000000	0.188792
1314.000000	0.182046
1315.000000	0.171328
1316.000000	0.162564
1317.000000	0.160738
1318.000000	0.162976
1319.000000	0.165073
1320.000000	0.165364
1321.000000	0.163305
1322.000000	0.160303
1323.000000	0.157841
1324.000000	0.155739
1325.000000	0.153720
1326.000000	0.152762
1327.000000	0.154141
1328.000000	0.159059
1329.000000	0.167928
1330.000000	0.178067
1331.000000	0.186253
1332.000000	0.190181
1333.000000	0.188211
1334.000000	0.180433
1335.000000	0.169209
1336.000000	0.164267
1337.000000	0.173367
1338.000000	0.189041
1339.000000	0.200855
1340.000000	0.201751
1341.000000	0.188109
1342.000000	0.166687
1343.000000	0.145936
1344.000000	0.130704
1345.000000	0.124107
1346.000000	0.125923
1347.000000	0.134119
1348.000000	0.142742
1349.000000	0.145973
1350.000000	0.142457
1351.000000	0.132561
1352.000000	0.119061
1353.000000	0.105672
1354.000000	0.097442
1355.000000	0.097651
1356.000000	0.101183
1357.000000	0.102572
1358.000000	0.103343
1359.000000	0.106804
1360.000000	0.116404
1361.000000	0.132652
1362.000000	0.144159
1363.000000	0.140273
1364.000000	0.125183
1365.000000	0.106636
1366.000000	0.091758
1367.000000	0.085824
1368.000000	0.087332
1369.000000	0.092784
1370.000000	0.097476
1371.000000	0.097292
1372.000000	0.091674
1373.000000	0.082337
1374.000000	0.076541
1375.000000	0.079859
1376.000000	0.085573
1377.000000	0.085873
1378.000000	0.080885
1379.000000	0.073815
1380.000000	0.072253
1381.000000	0.081728
1382.000000	0.095135
1383.000000	0.103939
1384.000000	0.106512
1385.000000	0.103426
1386.000000	0.097156
1387.000000	0.090390
1388.000000	0.084765
1389.000000	0.081260
1390.000000	0.079279
1391.000000	0.077911
1392.000000	0.076555
1393.000000	0.075206
1394.000000	0.075931
1395.000000	0.080257
1396.000000	0.085488
1397.000000	0.088468
1398.000000	0.088424
1399.000000	0.085902
1400.000000	0.084333
1401.000000	0.086438
1402.000000	0.089228
1403.000000	0.089031
1404.000000	0.085172
1405.000000	0.078110
1406.000000	0.069845
1407.000000	0.062278
1408.000000	0.055360
1409.000000	0.049037
1410.000000	0.045190
1411.000000	0.045835
1412.000000	0.051592
1413.000000	0.061223
1414.000000	0.067446
1415.000000	0.064111
1416.000000	0.055651
1417.000000	0.048561
1418.000000	0.047017
1419.000000	0.053341
1420.000000	0.064761
1421.000000	0.077048
1422.000000	0.085231
1423.000000	0.085455
1424.000000	0.079083
1425.000000	0.069736
1426.000000	0.064865
1427.000000	0.069952
1428.000000	0.078778
1429.000000	0.083930
1430.000000	0.084933
1431.000000	0.083417
1432.000000	0.082506
1433.000000	0.084562
1434.000000	0.087404
1435.000000	0.088667
1436.000000	0.089780
1437.000000	0.092769
1438.000000	0.098244
1439.000000	0.105327
1440.000000	0.108601
1441.000000	0.104351
1442.000000	0.100197
1443.000000	0.104777
1444.000000	0.119471
1445.000000	0.142192
1446.000000	0.164246
1447.000000	0.177487
1448.000000	0.182577
1449.000000	0.182359
1450.000000	0.179607
1451.000000	0.176986
1452.000000	0.176802
1453.000000	0.179799
1454.000000	0.180820
1455.000000	0.175401
1456.000000	0.167753
1457.000000	0.163501
1458.000000	0.165255
1459.000000	0.172176
1460.000000	0.172660
1461.000000	0.157167
1462.000000	0.135185
1463.000000	0.118789
1464.000000	0.111374
1465.000000	0.111990
1466.000000	0.110995
1467.000000	0.100659
1468.000000	0.089600
1469.000000	0.087608
1470.000000	0.092807
1471.000000	0.099855
1472.000000	0.101204
1473.000000	0.092044
1474.000000	0.080730
1475.000000	0.076231
1476.000000	0.076806
1477.000000	0.078330
1478.000000	0.077858
1479.000000	0.074231
1480.000000	0.072259
1481.000000	0.075792
1482.000000	0.078877
1483.000000	0.074699
1484.000000	0.062808
1485.000000	0.045638
1486.000000	0.030778
1487.000000	0.024502
1488.000000	0.022654
1489.000000	0.019937
1490.000000	0.016929
1491.000000	0.015731
1492.000000	0.018663
1493.000000	0.026216
1494.000000	0.031339
1495.000000	0.027555
1496.000000	0.018236
1497.000000	0.008602
1498.000000	0.001426
1499.000000	-0.002788
1500.000000	-0.010149
1501.000000	-0.025081
1502.000000	-0.038644
1503.000000	-0.041036
1504.000000	-0.032384
1505.000000	-0.016665
1506.000000	-0.003336
1507.000000	-0.000421
1508.000000	-0.004742
1509.000000	-0.010975
1510.000000	-0.016405
1511.000000	-0.019223
1512.000000	-0.018631
1513.000000	-0.014578
1514.000000	-0.008985
1515.000000	-0.004080
1516.000000	-0.001348
1517.000000	-0.001840
1518.000000	-0.005601
1519.000000	-0.012209
1520.000000	-0.020374
1521.000000	-0.028118
1522.000000	-0.031567
1523.000000	-0.027532
1524.000000	-0.017443
1525.000000	-0.004250
1526.000000	0.007644
1527.000000	0.014678
1528.000000	0.018097
1529.000000	0.019738
1530.000000	0.018985
1531.000000	0.014925
1532.000000	0.007918
1533.000000	-0.000695
1534.000000	-0.006929
1535.000000	-0.007581
1536.000000	-0.005215
1537.000000	-0.003224
1538.000000	-0.002553
1539.000000	-0.003150
1540.000000	-0.003423
1541.000000	-0.001887
1542.000000	0.000975
1543.000000	0.004239
1544.000000	0.007184
1545.000000	0.009297
1546.000000	0.010700
1547.000000	0.012315
1548.000000	0.017645
1549.000000	0.028902
1550.000000	0.040554
1551.000000	0.046439
1552.000000	0.045613
1553.000000	0.039710
1554.000000	0.035462
1555.000000	0.038838
1556.000000	0.047660
1557.000000	0.057726
1558.000000	0.064874
1559.000000	0.065440
1560.000000	0.057710
1561.000000	0.042782
1562.000000	0.031056
1563.000000	0.031752
1564.000000	0.040072
1565.000000	0.048539
1566.000000	0.052986
1567.000000	0.051612
1568.000000	0.048772
1569.000000	0.049292
1570.000000	0.053737
1571.000000	0.061240
1572.000000	0.069475
1573.000000	0.075787
1574.000000	0.077654
1575.000000	0.074614
1576.000000	0.074309
1577.000000	0.083180
1578.000000	0.094757
1579.000000	0.100609
1580.000000	0.097372
1581.000000	0.085845
1582.000000	0.078413
1583.000000	0.085633
1584.000000	0.099172
1585.000000	0.108018
1586.000000	0.109329
1587.000000	0.103344
1588.000000	0.094465
1589.000000	0.086851
1590.000000	0.079536
1591.000000	0.071201
1592.000000	0.064238
1593.000000	0.061372
1594.000000	0.062934
1595.000000	0.067172
1596.000000	0.066382
1597.000000	0.055123
1598.000000	0.042966
1599.000000	0.040720
1600.000000	0.049139
1601.000000	0.065074
1602.000000	0.079816
1603.000000	0.086112
1604.000000	0.088108
1605.000000	0.091263
1606.000000	0.094904
1607.000000	0.097033
1608.000000	0.096497
1609.000000	0.093400
1610.000000	0.092028
1611.000000	0.095347
1612.000000	0.096853
1613.000000	0.089763
1614.000000	0.075645
1615.000000	0.059208
1616.000000	0.049376
1617.000000	0.052677
1618.000000	0.061848
1619.000000	0.068081
1620.000000	0.070163
1621.000000	0.068994
1622.000000	0.066317
1623.000000	0.063876
1624.000000	0.062589
1625.000000	0.062738
1626.000000	0.062902
1627.000000	0.061764
1628.000000	0.060123
1629.000000	0.059524
1630.000000	0.062378
1631.000000	0.069445
1632.000000	0.074033
1633.000000	0.070132
1634.000000	0.061929
1635.000000	0.055660
1636.000000	0.055551
1637.000000	0.063445
1638.000000	0.073655
1639.000000	0.079945
1640.000000	0.081426
1641.000000	0.078929
1642.000000	0.074821
1643.000000	0.071944
1644.000000	0.073493
1645.000000	0.081440
1646.000000	0.092507
1647.000000	0.102986
1648.000000	0.112692
1649.000000	0.122172
1650.000000	0.131369
1651.000000	0.139576
1652.000000	0.144096
1653.000000	0.143133
1654.000000	0.140475
1655.000000	0.140349
1656.000000	0.143158
1657.000000	0.147971
1658.000000	0.152354
1659.000000	0.154297
1660.000000	0.154986
1661.000000	0.155966
1662.000000	0.157007
1663.000000	0.157570
1664.000000	0.157648
1665.000000	0.157579
1666.000000	0.158560
1667.000000	0.161229
1668.000000	0.163136
1669.000000	0.161692
1670.000000	0.156835
1671.000000	0.149380
1672.000000	0.141136
1673.000000	0.133990
1674.000000	0.129153
1675.000000	0.127497
1676.000000	0.129205
1677.000000	0.133957
1678.000000	0.140104
1679.000000	0.145485
1680.000000	0.147217
1681.000000	0.143133
1682.000000	0.134650
1683.000000	0.124154
1684.000000	0.114330
1685.000000	0.107570
1686.000000	0.104810
1687.000000	0.105754
1688.000000	0.106631
1689.000000	0.103410
1690.000000	0.094490
1691.000000	0.079908
1692.000000	0.063820
1693.000000	0.051727
1694.000000	0.050378
1695.000000	0.062711
1696.000000	0.075157
1697.000000	0.074374
1698.000000	0.064425
1699.000000	0.053058
1700.000000	0.045370
1701.000000	0.044196
1702.000000	0.045986
1703.000000	0.046686
1704.000000	0.046601
1705.000000	0.046820
1706.000000	0.047216
1707.000000	0.047484
1708.000000	0.047832
1709.000000	0.048387
1710.000000	0.048447
1711.000000	0.047806
1712.000000	0.049062
1713.000000	0.052916
1714.000000	0.049678
1715.000000	0.031954
1716.000000	0.011935
1717.000000	0.002393
1718.000000	-0.001151
1719.000000	-0.005402
1720.000000	-0.008709
1721.000000	-0.008204
1722.000000	-0.004504
1723.000000	0.000747
1724.000000	0.005285
1725.000000	0.007087
1726.000000	0.005708
1727.000000	0.001419
1728.000000	-0.004223
1729.000000	-0.009293
1730.000000	-0.011662
1731.000000	-0.010137
1732.000000	-0.007455
1733.000000	-0.006313
1734.000000	-0.005315
1735.000000	-0.002495
1736.000000	0.002309
1737.000000	0.007972
1738.000000	0.010029
1739.000000	0.005267
1740.000000	-0.001163
1741.000000	-0.003749
1742.000000	-0.003891
1743.000000	-0.004702
1744.000000	-0.009232
1745.000000	-0.018162
1746.000000	-0.022759
1747.000000	-0.015912
1748.000000	-0.006416
1749.000000	-0.004522
1750.000000	-0.010386
1751.000000	-0.020061
1752.000000	-0.023271
1753.000000	-0.012960
1754.000000	-0.001277
1755.000000	-0.000915
1756.000000	-0.007533
1757.000000	-0.013403
1758.000000	-0.014289
1759.000000	-0.009184
1760.000000	-0.006511
1761.000000	-0.013423
1762.000000	-0.022576
1763.000000	-0.025293
1764.000000	-0.022061
1765.000000	-0.016010
1766.000000	-0.011686
1767.000000	-0.012502
1768.000000	-0.015938
1769.000000	-0.018570
1770.000000	-0.019300
1771.000000	-0.017831
1772.000000	-0.014745
1773.000000	-0.010973
1774.000000	-0.007967
1775.000000	-0.006649
1776.000000	-0.005320
1777.000000	-0.002353
1778.000000	0.000949
1779.000000	0.002726
1780.000000	0.001814
1781.000000	-0.002463
1782.000000	-0.009519
1783.000000	-0.017498
1784.000000	-0.020733
1785.000000	-0.014842
1786.000000	-0.004386
1787.000000	0.004100
1788.000000	0.005134
1789.000000	-0.003822
1790.000000	-0.014577
1791.000000	-0.018772
1792.000000	-0.018104
1793.000000	-0.016127
1794.000000	-0.013757
1795.000000	-0.011032
1796.000000	-0.007103
1797.000000	-0.001922
1798.000000	0.000472
1799.000000	-0.003286
1800.000000	-0.009789
1801.000000	-0.014610
1802.000000	-0.016013
1803.000000	-0.013758
1804.000000	-0.010905
1805.000000	-0.010398
1806.000000	-0.011432
1807.000000	-0.012452
1808.000000	-0.012671
1809.000000	-0.011673
1810.000000	-0.009774
1811.000000	-0.007739
1812.000000	-0.007402
1813.000000	-0.009942
1814.000000	-0.012861
1815.000000	-0.013044
1816.000000	-0.008579
1817.000000	0.000526
1818.000000	0.007792
1819.000000	0.007609
1820.000000	0.004317
1821.000000	0.002882
1822.000000	0.000841
1823.000000	-0.004400
1824.000000	-0.008520
1825.000000	-0.007431
1826.000000	-0.004900
1827.000000	-0.005000
1828.000000	-0.005181
1829.000000	-0.002427
1830.000000	0.001515
1831.000000	0.004105
1832.000000	0.004400
1833.000000	0.002306
1834.000000	-0.000468
1835.000000	-0.002277
1836.000000	-0.003528
1837.000000	-0.005009
1838.000000	-0.006967
1839.000000	-0.009340
1840.000000	-0.011369
1841.000000	-0.011855
1842.000000	-0.008530
1843.000000	-0.000504
1844.000000	0.006536
1845.000000	0.006822
1846.000000	0.000827
1847.000000	-0.008910
1848.000000	-0.017845
1849.000000	-0.020991
1850.000000	-0.013610
1851.000000	0.005659
1852.000000	0.024913
1853.000000	0.031911
1854.000000	0.026311
1855.000000	0.011997
1856.000000	-0.002159
1857.000000	-0.008593
1858.000000	-0.009971
1859.000000	-0.010331
1860.000000	-0.008968
1861.000000	-0.004626
1862.000000	0.001403
1863.000000	0.006940
1864.000000	0.008802
1865.000000	0.005478
1866.000000	0.003161
1867.000000	0.007226
1868.000000	0.012070
1869.000000	0.010875
1870.000000	0.002934
1871.000000	-0.009114
1872.000000	-0.015345
1873.000000	-0.008278
1874.000000	0.002523
1875.000000	0.006100
1876.000000	0.002978
1877.000000	-0.003334
1878.000000	-0.008856
1879.000000	-0.010144
1880.000000	-0.006357
1881.000000	0.001295
1882.000000	0.005993
1883.000000	0.002697
1884.000000	-0.000908
1885.000000	0.002722
1886.000000	0.007843
1887.000000	0.007941
1888.000000	0.006697
1889.000000	0.007899
1890.000000	0.005550
1891.000000	-0.005245
1892.000000	-0.015198
1893.000000	-0.014926
1894.000000	-0.008853
1895.000000	-0.003360
1896.000000	0.001147
1897.000000	0.005301
1898.000000	0.007911
1899.000000	0.007756
1900.000000	0.005323
1901.000000	0.001633
1902.000000	-0.001876
1903.000000	-0.003915
1904.000000	-0.004220
1905.000000	-0.002986
1906.000000	-0.001205
1907.000000	0.000026
1908.000000	-0.000000
1909.000000	-0.001714
1910.000000	-0.004842
1911.000000	-0.008318
1912.000000	-0.008622
1913.000000	-0.003254
1914.000000	0.003746
1915.000000	0.007729
1916.000000	0.008160
1917.000000	0.006397
1918.000000	0.007247
1919.000000	0.013576
1920.000000	0.017021
1921.000000	0.009954
1922.000000	-0.001095
1923.000000	-0.007454
1924.000000	-0.006044
1925.000000	0.002930
1926.000000	0.011715
1927.000000	0.012833
1928.000000	0.007449
1929.000000	-0.001014
1930.000000	-0.008740
1931.000000	-0.012519
1932.000000	-0.011953
1933.000000	-0.008327
1934.000000	-0.006843
1935.000000	-0.011173
1936.000000	-0.014964
1937.000000	-0.011912
1938.000000	-0.005935
1939.000000	-0.002643
1940.000000	-0.004189
1941.000000	-0.009810
1942.000000	-0.010524
1943.000000	0.000627
1944.000000	0.014296
1945.000000	0.019762
1946.000000	0.017118
1947.000000	0.009410
1948.000000	0.000675
1949.000000	-0.005758
1950.000000	-0.010374
1951.000000	-0.014042
1952.000000	-0.015341
1953.000000	-0.012927
1954.000000	-0.008046
1955.000000	-0.002562
1956.000000	0.001769
1957.000000	0.003613
1958.000000	0.003217
1959.000000	0.001505
1960.000000	0.000531
1961.000000	0.001893
1962.000000	0.004240
1963.000000	0.005643
1964.000000	0.004815
1965.000000	0.001584
1966.000000	-0.000410
1967.000000	0.001932
1968.000000	0.005724
1969.000000	0.007599
1970.000000	0.008236
1971.000000	0.009229
1972.000000	0.011778
1973.000000	0.015937
1974.000000	0.017556
1975.000000	0.013129
1976.000000	0.005924
1977.000000	0.000244
1978.000000	-0.002231
1979.000000	-0.000912
1980.000000	0.003047
1981.000000	0.007647
1982.000000	0.009246
1983.000000	0.005766
1984.000000	0.003015
1985.000000	0.006706
1986.000000	0.014286
1987.000000	0.021112
1988.000000	0.022442
1989.000000	0.015447
1990.000000	0.005048
1991.000000	-0.002699
1992.000000	-0.004935
1993.000000	-0.000782
1994.000000	0.005910
1995.000000	0.010405
1996.000000	0.009145
1997.000000	0.000806
1998.000000	-0.008186
1999.000000	-0.011492
2000.000000	-0.010876
2001.000000	-0.009513
2002.000000	-0.008127
2003.000000	-0.006659
2004.000000	-0.004373
2005.000000	-0.000375
2006.000000	0.006188
2007.000000	0.014869
2008.000000	0.020056
2009.000000	0.016853
2010.000000	0.008382
2011.000000	-0.000333
2012.000000	-0.004665
2013.000000	-0.002008
2014.000000	0.002570
2015.000000	0.003507
2016.000000	0.000940
2017.000000	-0.003228
2018.000000	-0.005737
2019.000000	-0.003651
2020.000000	0.003307
2021.000000	0.013308
2022.000000	0.018759
2023.000000	0.013352
2024.000000	0.001700
2025.000000	-0.009417
2026.000000	-0.015456
2027.000000	-0.013497
2028.000000	-0.004885
2029.000000	0.006569
2030.000000	0.011443
2031.000000	0.003217
2032.000000	-0.007410
2033.000000	-0.009107
2034.000000	-0.005244
2035.000000	-0.002278
2036.000000	-0.004300
2037.000000	-0.012263
2038.000000	-0.016922
2039.000000	-0.010430
2040.000000	-0.000735
2041.000000	0.002767
2042.000000	0.000681
2043.000000	-0.003822
2044.000000	-0.007325
2045.000000	-0.007133
2046.000000	-0.003702
2047.000000	0.001491
2048.000000	0.006029
2049.000000	0.008135
2050.000000	0.009527
2051.000000	0.012274
2052.000000	0.016360
2053.000000	0.020603
2054.000000	0.021245
2055.000000	0.015374
2056.000000	0.006040
2057.000000	-0.002352
2058.000000	-0.005932
2059.000000	-0.002234
2060.000000	0.006121
2061.000000	0.014541
2062.000000	0.015638
2063.000000	0.005030
2064.000000	-0.006854
2065.000000	-0.009476
2066.000000	-0.006690
2067.000000	-0.004755
2068.000000	-0.005173
2069.000000	-0.006886
2070.000000	-0.003353
2071.000000	0.009551
2072.000000	0.020802
2073.000000	0.020028
2074.000000	0.014618
2075.000000	0.012805
2076.000000	0.008434
2077.000000	-0.004094
2078.000000	-0.013774
2079.000000	-0.010170
2080.000000	-0.001728
2081.000000	0.001297
2082.000000	0.000283
2083.000000	-0.001278
2084.000000	-0.003090
2085.000000	-0.005602
2086.000000	-0.009059
2087.000000	-0.012560
2088.000000	-0.010822
2089.000000	-0.000135
2090.000000	0.012528
2091.000000	0.019544
2092.000000	0.021372
2093.000000	0.020610
2094.000000	0.020335
2095.000000	0.022204
2096.000000	0.021707
2097.000000	0.015251
2098.000000	0.009082
2099.000000	0.009721
2100.000000	0.014944
2101.000000	0.020500
2102.000000	0.022765
2103.000000	0.019497
2104.000000	0.013342
2105.000000	0.007304
2106.000000	0.000921
2107.000000	-0.006331
2108.000000	-0.011775
2109.000000	-0.012738
2110.000000	-0.009774
2111.000000	-0.004895
2112.000000	-0.002711
2113.000000	-0.006522
2114.000000	-0.011797
2115.000000	-0.013129
2116.000000	-0.009439
2117.000000	-0.001527
2118.000000	0.006623
2119.000000	0.010445
2120.000000	0.006241
2121.000000	-0.006098
2122.000000	-0.013180
2123.000000	-0.004109
2124.000000	0.008523
2125.000000	0.010167
2126.000000	0.001941
2127.000000	-0.010084
2128.000000	-0.015691
2129.000000	-0.007529
2130.000000	0.006132
2131.000000	0.015396
2132.000000	0.019469
2133.000000	0.019605
2134.000000	0.016150
2135.000000	0.009485
2136.000000	0.001057
2137.000000	-0.007140
2138.000000	-0.011972
2139.000000	-0.011199
2140.000000	-0.007276
2141.000000	-0.003374
2142.000000	-0.000819
2143.000000	-0.000182
2144.000000	-0.000872
2145.000000	-0.001890
2146.000000	-0.001780
2147.000000	0.000248
2148.000000	0.001866
2149.000000	0.001004
2150.000000	-0.000247
2151.000000	0.000639
2152.000000	0.003773
2153.000000	0.008249
2154.000000	0.011505
2155.000000	0.011270
2156.000000	0.008095
2157.000000	0.003428
2158.000000	-0.000511
2159.000000	-0.001786
2160.000000	-0.000365
2161.000000	0.003078
2162.000000	0.006950
2163.000000	0.009601
2164.000000	0.010063
2165.000000	0.008139
2166.000000	0.006016
2167.000000	0.005589
2168.000000	0.005190
2169.000000	0.002726
2170.000000	-0.002019
2171.000000	-0.007861
2172.000000	-0.009873
2173.000000	-0.004634
2174.000000	0.001515
2175.000000	0.002255
2176.000000	0.001103
2177.000000	0.002878
2178.000000	0.007754
2179.000000	0.013831
2180.000000	0.015555
2181.000000	0.009360
2182.000000	0.003288
2183.000000	0.004675
2184.000000	0.006412
2185.000000	0.000686
2186.000000	-0.008690
2187.000000	-0.014998
2188.000000	-0.011525
2189.000000	0.004288
2190.000000	0.018391
2191.000000	0.017731
2192.000000	0.009864
2193.000000	0.005182
2194.000000	0.004824
2195.000000	0.007247
2196.000000	0.009424
2197.000000	0.008578
2198.000000	0.004420
2199.000000	-0.002092
2200.000000	-0.007488
2201.000000	-0.008747
2202.000000	-0.007165
2203.000000	-0.004759
2204.000000	-0.002114
2205.000000	0.000779
2206.000000	0.004888
2207.000000	0.010347
2208.000000	0.013013
2209.000000	0.009398
2210.000000	0.002918
2211.000000	-0.002218
2212.000000	-0.005530
2213.000000	-0.007632
2214.000000	-0.009779
2215.000000	-0.012668
2216.000000	-0.014127
2217.000000	-0.012242
2218.000000	-0.009014
2219.000000	-0.006397
2220.000000	-0.002259
2221.000000	0.005624
2222.000000	0.015743
2223.000000	0.024966
2224.000000	0.027390
2225.000000	0.019557
2226.000000	0.010568
2227.000000	0.009728
2228.000000	0.014589
2229.000000	0.020039
2230.000000	0.022063
2231.000000	0.017843
2232.000000	0.008244
2233.000000	-0.003763
2234.000000	-0.010458
2235.000000	-0.006130
2236.000000	0.002141
2237.000000	0.006003
2238.000000	0.004794
2239.000000	0.000179
2240.000000	-0.004568
2241.000000	-0.006292
2242.000000	-0.003937
2243.000000	0.001693
2244.000000	0.004446
2245.000000	-0.000298
2246.000000	-0.005689
2247.000000	-0.004052
2248.000000	0.004112
2249.000000	0.015338
2250.000000	0.022484
2251.000000	0.019953
2252.000000	0.012005
2253.000000	0.004506
2254.000000	-0.000108
2255.000000	-0.000964
2256.000000	-0.000005
2257.000000	0.000491
2258.000000	-0.000284
2259.000000	-0.002012
2260.000000	-0.001329
2261.000000	0.004259
2262.000000	0.010732
2263.000000	0.013352
2264.000000	0.011017
2265.000000	0.004371
2266.000000	-0.002587
2267.000000	-0.005412
2268.000000	-0.001217
2269.000000	0.010117
2270.000000	0.019215
2271.000000	0.017554
2272.000000	0.009532
2273.000000	0.001839
2274.000000	-0.002576
2275.000000	-0.002351
2276.000000	0.001274
2277.000000	0.006248
2278.000000	0.009888
2279.000000	0.010049
2280.000000	0.007370
2281.000000	0.003737
2282.000000	0.003246
2283.000000	0.008752
2284.000000	0.015923
2285.000000	0.018921
2286.000000	0.013059
2287.000000	-0.002217
2288.000000	-0.012090
2289.000000	-0.003780
2290.000000	0.011971
2291.000000	0.021359
2292.000000	0.021868
2293.000000	0.014742
2294.000000	0.004991
2295.000000	-0.001887
2296.000000	-0.002206
2297.000000	0.005322
2298.000000	0.014200
2299.000000	0.017961
2300.000000	0.018039
2301.000000	0.017336
2302.000000	0.016733
2303.000000	0.016391
2304.000000	0.015612
2305.000000	0.013824
2306.000000	0.011819
2307.000000	0.010948
2308.000000	0.013450
2309.000000	0.020209
2310.000000	0.025817
2311.000000	0.024717
2312.000000	0.017059
2313.000000	0.005519
2314.000000	-0.002835
2315.000000	-0.002752
2316.000000	-0.000649
2317.000000	-0.002693
2318.000000	-0.002379
2319.000000	0.006978
2320.000000	0.020123
2321.000000	0.029610
2322.000000	0.031184
2323.000000	0.024167
2324.000000	0.018996
2325.000000	0.024775
2326.000000	0.034152
2327.000000	0.037671
2328.000000	0.033898
2329.000000	0.024183
2330.000000	0.012978
2331.000000	0.005064
2332.000000	0.003446
2333.000000	0.008914
2334.000000	0.015185
2335.000000	0.015728
2336.000000	0.010089
2337.000000	-0.000023
2338.000000	-0.010331
2339.000000	-0.016511
2340.000000	-0.016633
2341.000000	-0.010244
2342.000000	-0.000399
2343.000000	0.008899
2344.000000	0.013376
2345.000000	0.010664
2346.000000	0.006283
2347.000000	0.006060
2348.000000	0.009160
2349.000000	0.012906
2350.000000	0.013925
2351.000000	0.009817
2352.000000	0.002772
2353.000000	-0.003874
2354.000000	-0.006805
2355.000000	-0.003716
2356.000000	0.003673
2357.000000	0.012524
2358.000000	0.019555
2359.000000	0.021847
2360.000000	0.018386
2361.000000	0.009230
2362.000000	-0.003186
2363.000000	-0.015026
2364.000000	-0.019240
2365.000000	-0.010817
2366.000000	0.003888
2367.000000	0.016599
2368.000000	0.022721
2369.000000	0.020127
2370.000000	0.012877
2371.000000	0.005803
2372.000000	0.000626
2373.000000	-0.001337
2374.000000	0.002733
2375.000000	0.013837
2376.000000	0.024201
2377.000000	0.025612
2378.000000	0.016880
2379.000000	0.000756
2380.000000	-0.011255
2381.000000	-0.009413
2382.000000	0.000219
2383.000000	0.008987
2384.000000	0.013680
2385.000000	0.013469
2386.000000	0.011600
2387.000000	0.011653
2388.000000	0.014455
2389.000000	0.018683
2390.000000	0.017154
2391.000000	0.004719
2392.000000	-0.009774
2393.000000	-0.016475
2394.000000	-0.015508
2395.000000	-0.009486
2396.000000	-0.000988
2397.000000	0.007651
2398.000000	0.015051
2399.000000	0.020167
2400.000000	0.022329
2401.000000	0.021405
2402.000000	0.019031
2403.000000	0.017038
2404.000000	0.016278
2405.000000	0.016993
2406.000000	0.017977
2407.000000	0.017777
2408.000000	0.015391
2409.000000	0.010848
2410.000000	0.007849
2411.000000	0.008963
2412.000000	0.008564
2413.000000	0.001843
2414.000000	-0.004541
2415.000000	-0.003128
2416.000000	0.005288
2417.000000	0.016537
2418.000000	0.021201
2419.000000	0.012592
2420.000000	0.000181
2421.000000	-0.005694
2422.000000	-0.007382
2423.000000	-0.009035
2424.000000	-0.009341
2425.000000	-0.006280
2426.000000	-0.000481
2427.000000	0.006178
2428.000000	0.009467
2429.000000	0.006483
2430.000000	0.001984
2431.000000	0.000813
2432.000000	0.000501
2433.000000	-0.001913
2434.000000	-0.004042
2435.000000	-0.002880
2436.000000	0.001705
2437.000000	0.008259
2438.000000	0.011851
2439.000000	0.009064
2440.000000	0.006011
2441.000000	0.009160
2442.000000	0.016870
2443.000000	0.025461
2444.000000	0.031215
2445.000000	0.031100
2446.000000	0.024873
2447.000000	0.013752
2448.000000	0.001993
2449.000000	-0.005556
2450.000000	-0.004732
2451.000000	0.006590
2452.000000	0.023081
2453.000000	0.037896
2454.000000	0.045593
2455.000000	0.042395
2456.000000	0.029779
2457.000000	0.011420
2458.000000	-0.005453
2459.000000	-0.013961
2460.000000	-0.012162
2461.000000	-0.001086
2462.000000	0.011293
2463.000000	0.016949
2464.000000	0.014605
2465.000000	0.005675
2466.000000	-0.004401
2467.000000	-0.009734
2468.000000	-0.006673
2469.000000	0.005346
2470.000000	0.016763
2471.000000	0.019076
2472.000000	0.018123
2473.000000	0.020863
2474.000000	0.024389
2475.000000	0.024021
2476.000000	0.017858
2477.000000	0.006715
2478.000000	-0.000501
2479.000000	0.002926
2480.000000	0.006845
2481.000000	0.001150
2482.000000	-0.007216
2483.000000	-0.009044
2484.000000	-0.003097
2485.000000	0.008799
2486.000000	0.020552
2487.000000	0.025789
2488.000000	0.021291
2489.000000	0.007672
2490.000000	-0.002270
2491.000000	0.002494
2492.000000	0.013717
2493.000000	0.020271
2494.000000	0.018760
2495.000000	0.009044
2496.000000	-0.003732
2497.000000	-0.013526
2498.000000	-0.015990
2499.000000	-0.009382
2500.000000	-0.000676
2501.000000	0.002699
2502.000000	0.000225
2503.000000	-0.006190
2504.000000	-0.011855
2505.000000	-0.012380
2506.000000	-0.007381
2507.000000	0.001628
2508.000000	0.009539
2509.000000	0.012315
2510.000000	0.013795
2511.000000	0.017924
2512.000000	0.021200
2513.000000	0.020139
2514.000000	0.018774
2515.000000	0.021479
2516.000000	0.026481
2517.000000	0.029816
2518.000000	0.024917
2519.000000	0.008884
2520.000000	-0.003909
2521.000000	-0.000506
2522.000000	0.009106
2523.000000	0.012360
2524.000000	0.009317
2525.000000	0.003104
2526.000000	-0.003504
2527.000000	-0.008420
2528.000000	-0.011971
2529.000000	-0.014234
2530.000000	-0.011889
2531.000000	-0.003426
2532.000000	0.002035
2533.000000	-0.003157
2534.000000	-0.010136
2535.000000	-0.008610
2536.000000	0.000895
2537.000000	0.014067
2538.000000	0.022274
2539.000000	0.018909
2540.000000	0.009786
2541.000000	0.002538
2542.000000	-0.000345
2543.000000	0.001260
2544.000000	0.003152
2545.000000	0.001316
2546.000000	-0.003185
2547.000000	-0.007818
2548.000000	-0.009238
2549.000000	-0.005123
2550.000000	0.001943
2551.000000	0.008544
2552.000000	0.012840
2553.000000	0.013426
2554.000000	0.009067
2555.000000	-0.000009
2556.000000	-0.007898
2557.000000	-0.008624
2558.000000	-0.001598
2559.000000	0.010848
2560.000000	0.020095
2561.000000	0.018631
2562.000000	0.009648
2563.000000	-0.000921
2564.000000	-0.006895
2565.000000	-0.004481
2566.000000	0.000313
2567.000000	0.000801
2568.000000	-0.002614
2569.000000	-0.006831
2570.000000	-0.005045
2571.000000	0.006457
2572.000000	0.015309
2573.000000	0.010157
2574.000000	-0.000235
2575.000000	-0.004473
2576.000000	-0.000751
2577.000000	0.009394
2578.000000	0.020648
2579.000000	0.027466
2580.000000	0.027160
2581.000000	0.019258
2582.000000	0.009296
2583.000000	0.003589
2584.000000	0.005553
2585.000000	0.015620
2586.000000	0.025178
2587.000000	0.026123
2588.000000	0.021422
2589.000000	0.016198
2590.000000	0.013139
2591.000000	0.012400
2592.000000	0.006449
2593.000000	-0.009820
2594.000000	-0.024129
2595.000000	-0.024318
2596.000000	-0.016086
2597.000000	-0.008072
2598.000000	-0.002806
2599.000000	-0.000825
2600.000000	-0.000792
2601.000000	-0.001135
2602.000000	-0.001199
2603.000000	-0.000769
2604.000000	-0.000462
2605.000000	-0.001143
2606.000000	-0.003833
2607.000000	-0.008906
2608.000000	-0.013977
2609.000000	-0.016297
2610.000000	-0.014410
2611.000000	-0.007929
2612.000000	0.000552
2613.000000	0.007519
2614.000000	0.008772
2615.000000	0.002012
2616.000000	-0.006762
2617.000000	-0.011320
2618.000000	-0.012797
2619.000000	-0.013264
2620.000000	-0.011159
2621.000000	-0.004866
2622.000000	0.003818
2623.000000	0.011828
2624.000000	0.014435
2625.000000	0.008837
2626.000000	0.001618
2627.000000	-0.000483
2628.000000	0.000521
2629.000000	0.001725
2630.000000	0.005425
2631.000000	0.013583
2632.000000	0.021631
2633.000000	0.024077
2634.000000	0.018275
2635.000000	0.004785
2636.000000	-0.005864
2637.000000	-0.004436
2638.000000	0.003156
2639.000000	0.008957
2640.000000	0.011999
2641.000000	0.013193
2642.000000	0.013963
2643.000000	0.015412
2644.000000	0.016831
2645.000000	0.016923
2646.000000	0.013853
2647.000000	0.006649
2648.000000	-0.001685
2649.000000	-0.008025
2650.000000	-0.012761
2651.000000	-0.016618
2652.000000	-0.018149
2653.000000	-0.016105
2654.000000	-0.012194
2655.000000	-0.008596
2656.000000	-0.006409
2657.000000	-0.005637
2658.000000	-0.002994
2659.000000	0.003374
2660.000000	0.006291
2661.000000	0.000156
2662.000000	-0.005293
2663.000000	-0.000388
2664.000000	0.008916
2665.000000	0.014386
2666.000000	0.014292
2667.000000	0.009806
2668.000000	0.007195
2669.000000	0.010790
2670.000000	0.012070
2671.000000	0.003216
2672.000000	-0.007947
2673.000000	-0.012529
2674.000000	-0.013026
2675.000000	-0.013770
2676.000000	-0.015057
2677.000000	-0.015928
2678.000000	-0.014446
2679.000000	-0.009119
2680.000000	-0.001213
2681.000000	0.007352
2682.000000	0.014801
2683.000000	0.018959
2684.000000	0.015913
2685.000000	0.003619
2686.000000	-0.010747
2687.000000	-0.019087
2688.000000	-0.018848
2689.000000	-0.010218
2690.000000	0.001182
2691.000000	0.009106
2692.000000	0.010225
2693.000000	0.003785
2694.000000	-0.003598
2695.000000	-0.005194
2696.000000	-0.001205
2697.000000	0.005719
2698.000000	0.010049
2699.000000	0.007312
2700.000000	0.000131
2701.000000	-0.006953
2702.000000	-0.008825
2703.000000	-0.002911
2704.000000	0.002614
2705.000000	0.000271
2706.000000	-0.003890
2707.000000	-0.003069
2708.000000	-0.000995
2709.000000	-0.001896
2710.000000	-0.001482
2711.000000	0.004791
2712.000000	0.013954
2713.000000	0.020602
2714.000000	0.017081
2715.000000	0.000543
2716.000000	-0.010405
2717.000000	-0.000054
2718.000000	0.014260
2719.000000	0.014035
2720.000000	0.009160
2721.000000	0.012581
2722.000000	0.021096
2723.000000	0.028002
2724.000000	0.028741
2725.000000	0.021910
2726.000000	0.016577
2727.000000	0.020119
2728.000000	0.022686
2729.000000	0.014868
2730.000000	0.006247
2731.000000	0.007186
2732.000000	0.012188
2733.000000	0.013929
2734.000000	0.013639
2735.000000	0.014444
2736.000000	0.018505
2737.000000	0.025983
2738.000000	0.029995
2739.000000	0.025350
2740.000000	0.020665
2741.000000	0.023839
2742.000000	0.026076
2743.000000	0.018241
2744.000000	0.006522
2745.000000	-0.000708
2746.000000	-0.001670
2747.000000	0.003018
2748.000000	0.009732
2749.000000	0.015213
2750.000000	0.020665
2751.000000	0.026970
2752.000000	0.029268
2753.000000	0.023256
2754.000000	0.012595
2755.000000	0.002697
2756.000000	-0.001983
2757.000000	0.001114
2758.000000	0.007908
2759.000000	0.013177
2760.000000	0.013769
2761.000000	0.008698
2762.000000	0.003582
2763.000000	0.003157
2764.000000	0.002033
2765.000000	-0.004811
2766.000000	-0.010808
2767.000000	-0.008898
2768.000000	-0.001649
2769.000000	0.005854
2770.000000	0.008080
2771.000000	0.001525
2772.000000	-0.008760
2773.000000	-0.015237
2774.000000	-0.008979
2775.000000	0.012721
2776.000000	0.026308
2777.000000	0.011425
2778.000000	-0.013232
2779.000000	-0.025117
2780.000000	-0.025348
2781.000000	-0.020250
2782.000000	-0.013321
2783.000000	-0.007053
2784.000000	-0.002756
2785.000000	-0.001925
2786.000000	-0.007994
2787.000000	-0.021237
2788.000000	-0.027369
2789.000000	-0.014453
2790.000000	0.005490
2791.000000	0.017298
2792.000000	0.017212
2793.000000	0.006053
2794.000000	-0.008440
2795.000000	-0.018199
2796.000000	-0.020748
2797.000000	-0.016447
2798.000000	-0.011407
2799.000000	-0.010257
2800.000000	-0.005949
2801.000000	0.006471
2802.000000	0.011891
2803.000000	-0.002651
2804.000000	-0.021446
2805.000000	-0.026701
2806.000000	-0.020954
2807.000000	-0.011604
2808.000000	-0.005178
2809.000000	-0.005494
2810.000000	-0.006420
2811.000000	-0.003234
2812.000000	-0.006798
2813.000000	-0.024665
2814.000000	-0.035570
2815.000000	-0.021433
2816.000000	-0.005742
2817.000000	-0.012866
2818.000000	-0.029143
2819.000000	-0.034887
2820.000000	-0.024337
2821.000000	0.000325
2822.000000	0.019070
2823.000000	0.014412
2824.000000	-0.003121
2825.000000	-0.018926
2826.000000	-0.030112
2827.000000	-0.035920
2828.000000	-0.032411
2829.000000	-0.017280
2830.000000	0.002060
2831.000000	0.017360
2832.000000	0.026752
2833.000000	0.030720
2834.000000	0.032774
2835.000000	0.035739
2836.000000	0.036670
2837.000000	0.032611
2838.000000	0.026324
2839.000000	0.022164
2840.000000	0.025141
2841.000000	0.038483
2842.000000	0.057623
2843.000000	0.076035
2844.000000	0.087135
2845.000000	0.086686
2846.000000	0.079878
2847.000000	0.074498
2848.000000	0.079280
2849.000000	0.098520
2850.000000	0.117807
2851.000000	0.125292
2852.000000	0.138094
2853.000000	0.171616
2854.000000	0.205438
2855.000000	0.217575
2856.000000	0.215615
2857.000000	0.213541
2858.000000	0.221351
2859.000000	0.243847
2860.000000	0.269036
2861.000000	0.283051
2862.000000	0.281314
2863.000000	0.266131
2864.000000	0.258045
2865.000000	0.273910
2866.000000	0.297573
2867.000000	0.311237
2868.000000	0.323517
2869.000000	0.345372
2870.000000	0.370709
2871.000000	0.390141
2872.000000	0.398155
2873.000000	0.394477
2874.000000	0.395929
2875.000000	0.416376
2876.000000	0.440780
2877.000000	0.452075
2878.000000	0.454004
2879.000000	0.454199
2880.000000	0.455058
2881.000000	0.457643
2882.000000	0.462920
2883.000000	0.470331
2884.000000	0.473323
2885.000000	0.465886
2886.000000	0.450166
2887.000000	0.433442
2888.000000	0.435369
2889.000000	0.467266
2890.000000	0.494726
2891.000000	0.486440
2892.000000	0.469228
2893.000000	0.474483
2894.000000	0.493778
2895.000000	0.512098
2896.000000	0.527908
2897.000000	0.542632
2898.000000	0.556058
2899.000000	0.566040
2900.000000	0.564325
2901.000000	0.548452
2902.000000	0.545247
2903.000000	0.575516
2904.000000	0.606706
2905.000000	0.607175
2906.000000	0.602274
2907.000000	0.620816
2908.000000	0.648466
2909.000000	0.665034
2910.000000	0.670060
2911.000000	0.669685
2912.000000	0.676707
2913.000000	0.699383
2914.000000	0.721135
2915.000000	0.726509
2916.000000	0.729389
2917.000000	0.746925
2918.000000	0.780002
2919.000000	0.822338
2920.000000	0.855257
2921.000000	0.864412
2922.000000	0.865177
2923.000000	0.876337
2924.000000	0.900606
2925.000000	0.933483
2926.000000	0.957683
2927.000000	0.959251
2928.000000	0.950348
2929.000000	0.947561
2930.000000	0.959075
2931.000000	0.984807
2932.000000	1.000000
2933.000000	0.984217
2934.000000	0.958972
2935.000000	0.949479
2936.000000	0.953809
2937.000000	0.962863
2938.000000	0.966008
2939.000000	0.955699
2940.000000	0.938276
2941.000000	0.920792
2942.000000	0.899278
2943.000000	0.869346
2944.000000	0.835947
2945.000000	0.806009
2946.000000	0.785023
2947.000000	0.774934
2948.000000	0.764934
2949.000000	0.745295
2950.000000	0.723372
2951.000000	0.708822
2952.000000	0.703425
2953.000000	0.704510
2954.000000	0.699481
2955.000000	0.678472
2956.000000	0.652454
2957.000000	0.634547
2958.000000	0.625628
2959.000000	0.622314
2960.000000	0.616419
2961.000000	0.600928
2962.000000	0.578310
2963.000000	0.555358
2964.000000	0.546667
2965.000000	0.562301
2966.000000	0.586386
2967.000000	0.597532
2968.000000	0.578232
2969.000000	0.524078
2970.000000	0.479189
2971.000000	0.481983
2972.000000	0.499562
2973.000000	0.493116
2974.000000	0.471519
2975.000000	0.452449
2976.000000	0.441114
2977.000000	0.437341
2978.000000	0.431887
2979.000000	0.416429
2980.000000	0.395381
2981.000000	0.376589
2982.000000	0.368887
2983.000000	0.375952
2984.000000	0.379847
2985.000000	0.364481
2986.000000	0.342770
2987.000000	0.329264
2988.000000	0.316048
2989.000000	0.294741
2990.000000	0.277574
2991.000000	0.275897
2992.000000	0.276943
2993.000000	0.265447
2994.000000	0.240285
2995.000000	0.206333
2996.000000	0.178341
2997.000000	0.167543
2998.000000	0.161249
2999.000000	0.146293
3000.000000	0.131526
3001.000000	0.127549
3002.000000	0.129957
3003.000000	0.131150
3004.000000	0.125752
3005.000000	0.111050
3006.000000	0.092758
3007.000000	0.077660
3008.000000	0.068391
3009.000000	0.065257
3010.000000	0.063397
3011.000000	0.057991
3012.000000	0.049549
3013.000000	0.041165
3014.000000	0.040943
3015.000000	0.053493
3016.000000	0.064435
3017.000000	0.060074
3018.000000	0.048443
3019.000000	0.039685
3020.000000	0.030672
3021.000000	0.017142
3022.000000	0.003587
3023.000000	-0.004333
3024.000000	-0.005032
3025.000000	0.000275
3026.000000	0.003232
3027.000000	-0.002296
3028.000000	-0.006421
3029.000000	-0.000871
3030.000000	0.000147
3031.000000	-0.014985
3032.000000	-0.025047
3033.000000	-0.010545
3034.000000	0.008275
3035.000000	0.008614
3036.000000	-0.002797
3037.000000	-0.012919
3038.000000	-0.012999
3039.000000	0.000659
3040.000000	0.015819
3041.000000	0.020098
3042.000000	0.016449
3043.000000	0.011663
3044.000000	0.012539
3045.000000	0.021320
3046.000000	0.022007
3047.000000	0.002580
3048.000000	-0.014834
3049.000000	-0.007663
3050.000000	0.014297
3051.000000	0.035061
3052.000000	0.046265
3053.000000	0.044141
3054.000000	0.035696
3055.000000	0.028925
3056.000000	0.025006
3057.000000	0.023479
3058.000000	0.024162
3059.000000	0.026726
3060.000000	0.029982
3061.000000	0.033260
3062.000000	0.038828
3063.000000	0.048375
3064.000000	0.058348
3065.000000	0.064101
3066.000000	0.061867
3067.000000	0.049959
3068.000000	0.034121
3069.000000	0.021272
3070.000000	0.015598
3071.000000	0.018589
3072.000000	0.023698
3073.000000	0.024036
3074.000000	0.019393
3075.000000	0.011877
3076.000000	0.006190
3077.000000	0.005632
3078.000000	0.005294
3079.000000	0.000680
3080.000000	-0.002830
3081.000000	-0.000046
3082.000000	0.003602
3083.000000	0.001678
3084.000000	-0.005664
3085.000000	-0.015796
3086.000000	-0.022787
3087.000000	-0.022319
3088.000000	-0.019832
3089.000000	-0.019991
3090.000000	-0.014614
3091.000000	0.002695
3092.000000	0.018335
3093.000000	0.018371
3094.000000	0.007531
3095.000000	-0.005596
3096.000000	-0.015640
3097.000000	-0.019104
3098.000000	-0.016760
3099.000000	-0.010538
3100.000000	-0.002728
3101.000000	0.004377
3102.000000	0.008829
3103.000000	0.008882
3104.000000	0.003243
3105.000000	-0.008116
3106.000000	-0.020611
3107.000000	-0.028888
3108.000000	-0.029134
3109.000000	-0.019580
3110.000000	-0.005085
3111.000000	0.007924
3112.000000	0.013383
3113.000000	0.008217
3114.000000	0.000950
3115.000000	0.000561
3116.000000	0.006255
3117.000000	0.013824
3118.000000	0.015172
3119.000000	0.004830
3120.000000	-0.008279
3121.000000	-0.014166
3122.000000	-0.012968
3123.000000	-0.008036
3124.000000	-0.005443
3125.000000	-0.008108
3126.000000	-0.003620
3127.000000	0.016919
3128.000000	0.033009
3129.000000	0.024961
3130.000000	0.005709
3131.000000	-0.006796
3132.000000	-0.007174
3133.000000	0.003410
3134.000000	0.010171
3135.000000	0.000769
3136.000000	-0.013746
3137.000000	-0.019712
3138.000000	-0.016424
3139.000000	-0.007527
3140.000000	-0.001107
3141.000000	-0.004188
3142.000000	-0.015091
3143.000000	-0.028227
3144.000000	-0.031065
3145.000000	-0.014532
3146.000000	0.009660
3147.000000	0.026287
3148.000000	0.026863
3149.000000	0.009708
3150.000000	-0.006385
3151.000000	-0.004661
3152.000000	0.002999
3153.000000	0.002235
3154.000000	-0.002597
3155.000000	-0.004946
3156.000000	-0.008194
3157.000000	-0.015785
3158.000000	-0.021482
3159.000000	-0.019349
3160.000000	-0.014342
3161.000000	-0.011836
3162.000000	-0.007981
3163.000000	0.000999
3164.000000	0.009370
3165.000000	0.010755
3166.000000	0.005717
3167.000000	-0.002635
3168.000000	-0.007949
3169.000000	-0.005840
3170.000000	-0.003035
3171.000000	-0.006352
3172.000000	-0.011857
3173.000000	-0.013490
3174.000000	-0.007427
3175.000000	0.006402
3176.000000	0.015280
3177.000000	0.008748
3178.000000	-0.001825
3179.000000	-0.003364
3180.000000	0.002198
3181.000000	0.008775
3182.000000	0.008671
3183.000000	-0.002746
3184.000000	-0.016246
3185.000000	-0.020986
3186.000000	-0.013535
3187.000000	0.003958
3188.000000	0.014448
3189.000000	0.004987
3190.000000	-0.006079
3191.000000	-0.000761
3192.000000	0.006200
3193.000000	-0.000836
3194.000000	-0.008377
3195.000000	-0.001666
3196.000000	0.009996
3197.000000	0.014535
3198.000000	0.012856
3199.000000	0.008673
3200.000000	0.003954
3201.000000	-0.000080
3202.000000	-0.003458
3203.000000	-0.005658
3204.000000	-0.002700
3205.000000	0.007051
3206.000000	0.012389
3207.000000	0.004310
3208.000000	-0.004545
3209.000000	-0.000948
3210.000000	0.009029
3211.000000	0.016650
3212.000000	0.021816
3213.000000	0.026032
3214.000000	0.028593
3215.000000	0.028148
3216.000000	0.022980
3217.000000	0.012713
3218.000000	0.002692
3219.000000	-0.001454
3220.000000	0.001310
3221.000000	0.009317
3222.000000	0.014680
3223.000000	0.010610
3224.000000	0.000928
3225.000000	-0.008308
3226.000000	-0.012688
3227.000000	-0.009301
3228.000000	0.000427
3229.000000	0.013188
3230.000000	0.022489
3231.000000	0.023530
3232.000000	0.021472
3233.000000	0.021690
3234.000000	0.020456
3235.000000	0.014495
3236.000000	0.011451
3237.000000	0.017450
3238.000000	0.021619
3239.000000	0.013596
3240.000000	0.002068
3241.000000	-0.002575
3242.000000	-0.002168
3243.000000	-0.001228
3244.000000	-0.002773
3245.000000	-0.007797
3246.000000	-0.010692
3247.000000	-0.005610
3248.000000	0.007657
3249.000000	0.025501
3250.000000	0.034700
3251.000000	0.025607
3252.000000	0.012502
3253.000000	0.011157
3254.000000	0.019394
3255.000000	0.030132
3256.000000	0.034621
3257.000000	0.027441
3258.000000	0.018163
3259.000000	0.016827
3260.000000	0.020369
3261.000000	0.023313
3262.000000	0.023631
3263.000000	0.020950
3264.000000	0.018072
3265.000000	0.017750
3266.000000	0.019357
3267.000000	0.021193
3268.000000	0.020642
3269.000000	0.016953
3270.000000	0.017759
3271.000000	0.028634
3272.000000	0.038553
3273.000000	0.036671
3274.000000	0.029484
3275.000000	0.026038
3276.000000	0.028253
3277.000000	0.034850
3278.000000	0.038889
3279.000000	0.034816
3280.000000	0.028295
3281.000000	0.025320
3282.000000	0.021980
3283.000000	0.015620
3284.000000	0.018505
3285.000000	0.040357
3286.000000	0.065813
3287.000000	0.077307
3288.000000	0.073538
3289.000000	0.058694
3290.000000	0.042662
3291.000000	0.034546
3292.000000	0.034621
3293.000000	0.040181
3294.000000	0.045416
3295.000000	0.045761
3296.000000	0.044742
3297.000000	0.047024
3298.000000	0.053747
3299.000000	0.063018
3300.000000	0.064344
3301.000000	0.050529
3302.000000	0.036175
3303.000000	0.036017
3304.000000	0.043537
3305.000000	0.048944
3306.000000	0.050615
3307.000000	0.049516
3308.000000	0.048787
3309.000000	0.050838
3310.000000	0.052974
3311.000000	0.053306
3312.000000	0.058265
3313.000000	0.072422
3314.000000	0.084589
3315.000000	0.083015
3316.000000	0.069456
3317.000000	0.051495
3318.000000	0.046510
3319.000000	0.065600
3320.000000	0.084940
3321.000000	0.080728
3322.000000	0.064159
3323.000000	0.052233
3324.000000	0.050159
3325.000000	0.057570
3326.000000	0.063576
3327.000000	0.058455
3328.000000	0.047686
3329.000000	0.040073
3330.000000	0.042521
3331.000000	0.057680
3332.000000	0.073081
3333.000000	0.076283
3334.000000	0.070085
3335.000000	0.061135
3336.000000	0.056241
3337.000000	0.059584
3338.000000	0.064680
3339.000000	0.064598
3340.000000	0.061281
3341.000000	0.058027
3342.000000	0.054684
3343.000000	0.051009
3344.000000	0.049835
3345.000000	0.053042
3346.000000	0.055617
3347.000000	0.052942
3348.000000	0.048877
3349.000000	0.048103
3350.000000	0.050110
3351.000000	0.053193
3352.000000	0.056051
3353.000000	0.057871
3354.000000	0.059404
3355.000000	0.061212
3356.000000	0.061555
3357.000000	0.058431
3358.000000	0.051096
3359.000000	0.040109
3360.000000	0.029968
3361.000000	0.025491
3362.000000	0.028831
3363.000000	0.040200
3364.000000	0.054709
3365.000000	0.066554
3366.000000	0.071365
3367.000000	0.066151
3368.000000	0.051995
3369.000000	0.033386
3370.000000	0.024369
3371.000000	0.034546
3372.000000	0.046208
3373.000000	0.041669
3374.000000	0.030658
3375.000000	0.026287
3376.000000	0.027783
3377.000000	0.031207
3378.000000	0.033847
3379.000000	0.034487
3380.000000	0.036672
3381.000000	0.043389
3382.000000	0.050623
3383.000000	0.054030
3384.000000	0.054940
3385.000000	0.054642
3386.000000	0.048579
3387.000000	0.034421
3388.000000	0.024602
3389.000000	0.029589
3390.000000	0.037229
3391.000000	0.034427
3392.000000	0.026939
3393.000000	0.022074
3394.000000	0.014506
3395.000000	0.000445
3396.000000	-0.005128
3397.000000	0.010600
3398.000000	0.033009
3399.000000	0.044468
3400.000000	0.042733
3401.000000	0.031710
3402.000000	0.024513
3403.000000	0.031440
3404.000000	0.042318
3405.000000	0.044472
3406.000000	0.035678
3407.000000	0.018952
3408.000000	0.007815
3409.000000	0.012386
3410.000000	0.018684
3411.000000	0.013405
3412.000000	0.010068
3413.000000	0.021938
3414.000000	0.034454
3415.000000	0.031986
3416.000000	0.022459
3417.000000	0.016719
3418.000000	0.013747
3419.000000	0.010954
3420.000000	0.011337
3421.000000	0.017333
3422.000000	0.023544
3423.000000	0.024403
3424.000000	0.021498
3425.000000	0.018229
3426.000000	0.018096
3427.000000	0.022862
3428.000000	0.027234
3429.000000	0.026012
3430.000000	0.021420
3431.000000	0.017285
3432.000000	0.016417
3433.000000	0.020270
3434.000000	0.025877
3435.000000	0.029155
3436.000000	0.025969
3437.000000	0.015174
3438.000000	0.007619
3439.000000	0.012118
3440.000000	0.017338
3441.000000	0.012097
3442.000000	0.005974
3443.000000	0.010285
3444.000000	0.022533
3445.000000	0.036382
3446.000000	0.043958
3447.000000	0.039507
3448.000000	0.027287
3449.000000	0.014348
3450.000000	0.008887
3451.000000	0.016361
3452.000000	0.030124
3453.000000	0.040534
3454.000000	0.038068
3455.000000	0.017836
3456.000000	-0.006631
3457.000000	-0.019331
3458.000000	-0.012810
3459.000000	0.012456
3460.000000	0.032808
3461.000000	0.028733
3462.000000	0.020467
3463.000000	0.027768
3464.000000	0.028715
3465.000000	0.003608
3466.000000	-0.016692
3467.000000	-0.002940
3468.000000	0.017095
3469.000000	0.012829
3470.000000	-0.000570
3471.000000	-0.002157
3472.000000	0.006378
3473.000000	0.017907
3474.000000	0.026181
3475.000000	0.026792
3476.000000	0.021827
3477.000000	0.014737
3478.000000	0.007944
3479.000000	0.004013
3480.000000	0.007106
3481.000000	0.018016
3482.000000	0.022468
3483.000000	0.009544
3484.000000	-0.003177
3485.000000	0.001939
3486.000000	0.014251
3487.000000	0.019023
3488.000000	0.013428
3489.000000	-0.000644
3490.000000	-0.014330
3491.000000	-0.018542
3492.000000	-0.010259
3493.000000	0.008737
3494.000000	0.023504
3495.000000	0.021273
3496.000000	0.011115
3497.000000	0.004259
3498.000000	-0.001275
3499.000000	-0.008660
3500.000000	-0.012621
3501.000000	-0.008301
3502.000000	-0.000968
3503.000000	0.003249
3504.000000	0.004902
3505.000000	0.005657
3506.000000	0.004965
3507.000000	0.001940
3508.000000	-0.003428
3509.000000	-0.010073
3510.000000	-0.013489
3511.000000	-0.010139
3512.000000	-0.003789
3513.000000	0.000523
3514.000000	-0.000010
3515.000000	-0.005777
3516.000000	-0.009722
3517.000000	-0.005612
3518.000000	0.002034
3519.000000	0.007200
3520.000000	0.008627
3521.000000	0.007710
3522.000000	0.011709
3523.000000	0.023748
3524.000000	0.024539
3525.000000	-0.000464
3526.000000	-0.024442
3527.000000	-0.020267
3528.000000	-0.000957
3529.000000	0.013511
3530.000000	0.015473
3531.000000	0.003919
3532.000000	-0.007846
3533.000000	-0.007682
3534.000000	-0.002431
3535.000000	-0.000782
3536.000000	0.000163
3537.000000	0.004312
3538.000000	0.008016
3539.000000	0.007888
3540.000000	0.009158
3541.000000	0.015921
3542.000000	0.019134
3543.000000	0.010836
3544.000000	0.000548
3545.000000	-0.001144
3546.000000	0.003114
3547.000000	0.007794
3548.000000	0.009054
3549.000000	0.004793
3550.000000	-0.001825
3551.000000	-0.006015
3552.000000	-0.001789
3553.000000	0.013485
3554.000000	0.027814
3555.000000	0.030054
3556.000000	0.027088
3557.000000	0.027603
3558.000000	0.029469
3559.000000	0.028321
3560.000000	0.021680
3561.000000	0.008592
3562.000000	-0.007674
3563.000000	-0.021977
3564.000000	-0.025914
3565.000000	-0.012975
3566.000000	0.012522
3567.000000	0.040824
3568.000000	0.051271
3569.000000	0.030005
3570.000000	0.001294
3571.000000	-0.008933
3572.000000	-0.006239
3573.000000	-0.001461
3574.000000	0.004939
3575.000000	0.013344
3576.000000	0.017124
3577.000000	0.011558
3578.000000	0.006570
3579.000000	0.010614
3580.000000	0.011617
3581.000000	-0.001187
3582.000000	-0.012802
3583.000000	-0.008028
3584.000000	0.003374
3585.000000	0.008863
3586.000000	0.009726
3587.000000	0.009712
3588.000000	0.008598
3589.000000	0.005283
3590.000000	-0.000876
3591.000000	-0.009269
3592.000000	-0.014747
3593.000000	-0.013050
3594.000000	-0.008014
3595.000000	-0.004888
3596.000000	-0.006482
3597.000000	-0.013533
3598.000000	-0.020929
3599.000000	-0.022093
3600.000000	-0.010450
