400.000000	-0.001958
401.000000	-0.001185
402.000000	0.000120
403.000000	0.001257
404.000000	0.001524
405.000000	0.000220
406.000000	-0.003367
407.000000	-0.009081
408.000000	-0.013298
409.000000	-0.012383
410.000000	-0.006139
411.000000	0.003825
412.000000	0.012112
413.000000	0.013901
414.000000	0.010449
415.000000	0.004494
416.000000	-0.001399
417.000000	-0.005301
418.000000	-0.007664
419.000000	-0.009329
420.000000	-0.010327
421.000000	-0.010272
422.000000	-0.007924
423.000000	-0.002855
424.000000	0.001266
425.000000	0.001179
426.000000	-0.000636
427.000000	-0.001359
428.000000	-0.002539
429.000000	-0.005929
430.000000	-0.009726
431.000000	-0.011781
432.000000	-0.012109
433.000000	-0.011297
434.000000	-0.010064
435.000000	-0.009081
436.000000	-0.008695
437.000000	-0.009060
438.000000	-0.009893
439.000000	-0.010880
440.000000	-0.012021
441.000000	-0.013354
442.000000	-0.014757
443.000000	-0.015727
444.000000	-0.014392
445.000000	-0.009364
446.000000	-0.002570
447.000000	0.002873
448.000000	0.002394
449.000000	-0.006705
450.000000	-0.018189
451.000000	-0.024745
452.000000	-0.023699
453.000000	-0.015227
454.000000	-0.006268
455.000000	-0.003542
456.000000	-0.006125
457.000000	-0.011095
458.000000	-0.015196
459.000000	-0.015895
460.000000	-0.013896
461.000000	-0.010624
462.000000	-0.007171
463.000000	-0.004606
464.000000	-0.004258
465.000000	-0.007008
466.000000	-0.011691
467.000000	-0.016723
468.000000	-0.020887
469.000000	-0.023180
470.000000	-0.023077
471.000000	-0.020467
472.000000	-0.016401
473.000000	-0.012278
474.000000	-0.009713
475.000000	-0.009665
476.000000	-0.010248
477.000000	-0.009293
478.000000	-0.006350
479.000000	-0.001730
480.000000	0.002934
481.000000	0.005865
482.000000	0.006029
483.000000	0.002767
484.000000	-0.003816
485.000000	-0.012617
486.000000	-0.019313
487.000000	-0.019954
488.000000	-0.015308
489.000000	-0.007716
490.000000	-0.001091
491.000000	0.001412
492.000000	0.001234
493.000000	0.000639
494.000000	0.000574
495.000000	0.001316
496.000000	0.001789
497.000000	0.001119
498.000000	0.000600
499.000000	0.001928
500.000000	0.006231
501.000000	0.013659
502.000000	0.021023
503.000000	0.024970
504.000000	0.024828
505.000000	0.020849
506.000000	0.014305
507.000000	0.006830
508.000000	0.000487
509.000000	-0.002873
510.000000	-0.002680
511.000000	0.000831
512.000000	0.005485
513.000000	0.008925
514.000000	0.010017
515.000000	0.008068
516.000000	0.002929
517.000000	-0.004603
518.000000	-0.010490
519.000000	-0.010930
520.000000	-0.006303
521.000000	0.001413
522.000000	0.008019
523.000000	0.009907
524.000000	0.008052
525.000000	0.004451
526.000000	0.000609
527.000000	-0.002106
528.000000	-0.002375
529.000000	0.000582
530.000000	0.005448
531.000000	0.010386
532.000000	0.013580
533.000000	0.013909
534.000000	0.012998
535.000000	0.012714
536.000000	0.013143
537.000000	0.013709
538.000000	0.012959
539.000000	0.009793
540.000000	0.005407
541.000000	0.001404
542.000000	-0.001275
543.000000	-0.002036
544.000000	-0.001015
545.000000	0.001280
546.000000	0.003576
547.000000	0.004468
548.000000	0.002785
549.000000	-0.001972
550.000000	-0.007836
551.000000	-0.012600
552.000000	-0.015544
553.000000	-0.016517
554.000000	-0.016138
555.000000	-0.014811
556.000000	-0.011298
557.000000	-0.004368
558.000000	0.005547
559.000000	0.016798
560.000000	0.024534
561.000000	0.024594
562.000000	0.018773
563.000000	0.010381
564.000000	0.002842
565.000000	-0.001246
566.000000	-0.002706
567.000000	-0.002999
568.000000	-0.002716
569.000000	-0.002210
570.000000	-0.001748
571.000000	-0.001462
572.000000	-0.001034
573.000000	-0.000148
574.000000	0.001038
575.000000	0.001985
576.000000	0.001097
577.000000	-0.002706
578.000000	-0.007375
579.000000	-0.010267
580.000000	-0.009495
581.000000	-0.004699
582.000000	-0.000887
583.000000	-0.002953
584.000000	-0.009983
585.000000	-0.019114
586.000000	-0.025491
587.000000	-0.025347
588.000000	-0.021264
589.000000	-0.016860
590.000000	-0.013550
591.000000	-0.011708
592.000000	-0.009757
593.000000	-0.006121
594.000000	-0.001173
595.000000	0.004227
596.000000	0.009214
597.000000	0.012769
598.000000	0.013261
599.000000	0.009644
600.000000	0.003826
601.000000	-0.001406
602.000000	-0.002704
603.000000	0.001753
604.000000	0.007123
605.000000	0.008027
606.000000	0.003587
607.000000	-0.005077
608.000000	-0.013369
609.000000	-0.017131
610.000000	-0.017443
611.000000	-0.016515
612.000000	-0.015846
613.000000	-0.016458
614.000000	-0.018173
615.000000	-0.020498
616.000000	-0.022880
617.000000	-0.024742
618.000000	-0.025483
619.000000	-0.024278
620.000000	-0.019445
621.000000	-0.009896
622.000000	0.002205
623.000000	0.013364
624.000000	0.018001
625.000000	0.012424
626.000000	0.002558
627.000000	-0.004394
628.000000	-0.005749
629.000000	-0.001557
630.000000	0.001715
631.000000	-0.001811
632.000000	-0.009241
633.000000	-0.015767
634.000000	-0.017686
635.000000	-0.013169
636.000000	-0.006771
637.000000	-0.003488
638.000000	-0.003698
639.000000	-0.006351
640.000000	-0.009317
641.000000	-0.010646
642.000000	-0.010209
643.000000	-0.008344
644.000000	-0.005455
645.000000	-0.002031
646.000000	0.001160
647.000000	0.003388
648.000000	0.004350
649.000000	0.003927
650.000000	0.002293
651.000000	-0.000060
652.000000	-0.001671
653.000000	-0.001456
654.000000	-0.000796
655.000000	-0.001617
656.000000	-0.005542
657.000000	-0.013052
658.000000	-0.020352
659.000000	-0.023508
660.000000	-0.022318
661.000000	-0.017883
662.000000	-0.012788
663.000000	-0.009183
664.000000	-0.005985
665.000000	-0.001665
666.000000	0.003844
667.000000	0.009889
668.000000	0.014390
669.000000	0.015518
670.000000	0.013871
671.000000	0.010636
672.000000	0.006921
673.000000	0.003858
674.000000	0.002743
675.000000	0.004301
676.000000	0.006793
677.000000	0.007886
678.000000	0.005330
679.000000	-0.001679
680.000000	-0.008245
681.000000	-0.009388
682.000000	-0.005491
683.000000	0.001082
684.000000	0.005407
685.000000	0.003538
686.000000	-0.002011
687.000000	-0.007602
688.000000	-0.011560
689.000000	-0.013155
690.000000	-0.013482
691.000000	-0.013764
692.000000	-0.013911
693.000000	-0.013527
694.000000	-0.012309
695.000000	-0.009907
696.000000	-0.005693
697.000000	0.000526
698.000000	0.006911
699.000000	0.011166
700.000000	0.011188
701.000000	0.006304
702.000000	0.001376
703.000000	0.001334
704.000000	0.005831
705.000000	0.012613
706.000000	0.017063
707.000000	0.015329
708.000000	0.008986
709.000000	0.000804
710.000000	-0.007088
711.000000	-0.012664
712.000000	-0.013653
713.000000	-0.008859
714.000000	-0.001628
715.000000	0.003979
716.000000	0.005573
717.000000	0.002316
718.000000	-0.002099
719.000000	-0.003813
720.000000	-0.002839
721.000000	-0.000225
722.000000	0.002724
723.000000	0.005138
724.000000	0.008145
725.000000	0.012835
726.000000	0.018153
727.000000	0.022339
728.000000	0.022956
729.000000	0.018589
730.000000	0.012588
731.000000	0.008707
732.000000	0.007543
733.000000	0.008151
734.000000	0.006578
735.000000	0.000188
736.000000	-0.005378
737.000000	-0.003553
738.000000	0.007658
739.000000	0.026895
740.000000	0.043951
741.000000	0.049619
742.000000	0.047537
743.000000	0.044337
744.000000	0.045780
745.000000	0.055787
746.000000	0.071794
747.000000	0.089665
748.000000	0.105475
749.000000	0.115440
750.000000	0.116133
751.000000	0.106107
752.000000	0.091463
753.000000	0.078880
754.000000	0.069786
755.000000	0.063634
756.000000	0.057221
757.000000	0.047709
758.000000	0.036361
759.000000	0.025307
760.000000	0.016043
761.000000	0.009919
762.000000	0.008338
763.000000	0.011801
764.000000	0.017143
765.000000	0.020668
766.000000	0.020222
767.000000	0.014872
768.000000	0.007038
769.000000	-0.000337
770.000000	-0.005570
771.000000	-0.007442
772.000000	-0.005326
773.000000	0.000646
774.000000	0.007894
775.000000	0.013800
776.000000	0.018036
777.000000	0.020995
778.000000	0.023660
779.000000	0.026732
780.000000	0.029184
781.000000	0.029958
782.000000	0.029587
783.000000	0.029236
784.000000	0.030991
785.000000	0.036091
786.000000	0.041452
787.000000	0.043461
788.000000	0.040708
789.000000	0.032808
790.000000	0.021259
791.000000	0.008355
792.000000	-0.002317
793.000000	-0.007406
794.000000	-0.005796
795.000000	0.001791
796.000000	0.009522
797.000000	0.011905
798.000000	0.009919
799.000000	0.006116
800.000000	0.002858
801.000000	0.001381
802.000000	-0.001402
803.000000	-0.008241
804.000000	-0.016215
805.000000	-0.020940
806.000000	-0.017837
807.000000	-0.005040
808.000000	0.008281
809.000000	0.012662
810.000000	0.008500
811.000000	-0.000319
812.000000	-0.005820
813.000000	-0.001718
814.000000	0.007423
815.000000	0.015276
816.000000	0.019312
817.000000	0.018509
818.000000	0.014066
819.000000	0.007907
820.000000	0.002620
821.000000	0.000497
822.000000	0.001971
823.000000	0.006155
824.000000	0.008751
825.000000	0.006283
826.000000	0.001974
827.000000	0.000191
828.000000	0.003186
829.000000	0.011045
830.000000	0.017311
831.000000	0.015982
832.000000	0.009417
833.000000	0.002003
834.000000	-0.002132
835.000000	-0.000282
836.000000	0.004836
837.000000	0.009620
838.000000	0.012338
839.000000	0.011868
840.000000	0.007653
841.000000	-0.000054
842.000000	-0.008324
843.000000	-0.014080
844.000000	-0.016338
845.000000	-0.014860
846.000000	-0.010293
847.000000	-0.003886
848.000000	0.001579
849.000000	0.003603
850.000000	0.002348
851.000000	-0.000821
852.000000	-0.002375
853.000000	0.000735
854.000000	0.007475
855.000000	0.015903
856.000000	0.024518
857.000000	0.032014
858.000000	0.037431
859.000000	0.039957
860.000000	0.039026
861.000000	0.034351
862.000000	0.026508
863.000000	0.016691
864.000000	0.007707
865.000000	0.002175
866.000000	0.000345
867.000000	0.001765
868.000000	0.005533
869.000000	0.010485
870.000000	0.014860
871.000000	0.017060
872.000000	0.016745
873.000000	0.014016
874.000000	0.009475
875.000000	0.004449
876.000000	0.002674
877.000000	0.007021
878.000000	0.014508
879.000000	0.020477
880.000000	0.019433
881.000000	0.008451
882.000000	-0.004263
883.000000	-0.009787
884.000000	-0.007472
885.000000	0.000437
886.000000	0.008384
887.000000	0.011337
888.000000	0.009676
889.000000	0.005117
890.000000	-0.000683
891.000000	-0.005950
892.000000	-0.008378
893.000000	-0.006459
894.000000	-0.002397
895.000000	0.001040
896.000000	0.002543
897.000000	0.001467
898.000000	-0.001639
899.000000	-0.005690
900.000000	-0.008663
901.000000	-0.008671
902.000000	-0.005319
903.000000	0.000755
904.000000	0.006275
905.000000	0.008371
906.000000	0.008437
907.000000	0.008676
908.000000	0.010273
909.000000	0.013422
910.000000	0.015384
911.000000	0.013796
912.000000	0.010732
913.000000	0.009144
914.000000	0.011055
915.000000	0.017299
916.000000	0.024885
917.000000	0.030423
918.000000	0.032769
919.000000	0.031526
920.000000	0.027056
921.000000	0.020550
922.000000	0.015767
923.000000	0.016054
924.000000	0.020546
925.000000	0.027156
926.000000	0.033112
927.000000	0.036272
928.000000	0.037702
929.000000	0.038956
930.000000	0.040340
931.000000	0.041778
932.000000	0.042918
933.000000	0.043340
934.000000	0.042642
935.000000	0.040444
936.000000	0.036442
937.000000	0.030360
938.000000	0.021963
939.000000	0.012100
940.000000	0.005916
941.000000	0.008137
942.000000	0.017503
943.000000	0.030253
944.000000	0.038602
945.000000	0.036732
946.000000	0.030721
947.000000	0.028124
948.000000	0.030507
949.000000	0.036755
950.000000	0.041029
951.000000	0.038177
952.000000	0.030516
953.000000	0.021878
954.000000	0.014687
955.000000	0.010788
956.000000	0.011130
957.000000	0.015754
958.000000	0.021976
959.000000	0.026867
960.000000	0.029243
961.000000	0.029077
962.000000	0.029221
963.000000	0.032176
964.000000	0.036149
965.000000	0.038573
966.000000	0.038071
967.000000	0.034060
968.000000	0.027947
969.000000	0.021578
970.000000	0.016568
971.000000	0.014257
972.000000	0.015106
973.000000	0.018842
974.000000	0.023129
975.000000	0.025638
976.000000	0.026138
977.000000	0.025038
978.000000	0.023219
979.000000	0.022115
980.000000	0.024914
981.000000	0.033717
982.000000	0.044536
983.000000	0.052199
984.000000	0.052887
985.000000	0.045037
986.000000	0.034759
987.000000	0.028537
988.000000	0.026692
989.000000	0.027903
990.000000	0.030447
991.000000	0.033100
992.000000	0.037050
993.000000	0.043577
994.000000	0.051927
995.000000	0.060848
996.000000	0.069123
997.000000	0.075352
998.000000	0.077353
999.000000	0.074291
1000.000000	0.071487
1001.000000	0.073737
1002.000000	0.077594
1003.000000	0.078850
1004.000000	0.078510
1005.000000	0.078526
1006.000000	0.079427
1007.000000	0.080858
1008.000000	0.080343
1009.000000	0.075818
1010.000000	0.068973
1011.000000	0.061813
1012.000000	0.053830
1013.000000	0.044502
1014.000000	0.035747
1015.000000	0.029581
1016.000000	0.025968
1017.000000	0.024375
1018.000000	0.024334
1019.000000	0.025359
1020.000000	0.026822
1021.000000	0.027952
1022.000000	0.027539
1023.000000	0.024733
1024.000000	0.020575
1025.000000	0.016741
1026.000000	0.015553
1027.000000	0.018575
1028.000000	0.023681
1029.000000	0.028224
1030.000000	0.031168
1031.000000	0.032048
1032.000000	0.031065
1033.000000	0.028840
1034.000000	0.027001
1035.000000	0.026976
1036.000000	0.028398
1037.000000	0.030213
1038.000000	0.030419
1039.000000	0.027672
1040.000000	0.024209
1041.000000	0.022482
1042.000000	0.022232
1043.000000	0.022143
1044.000000	0.019394
1045.000000	0.012841
1046.000000	0.009545
1047.000000	0.016335
1048.000000	0.030905
1049.000000	0.047435
1050.000000	0.055180
1051.000000	0.046380
1052.000000	0.030150
1053.000000	0.017828
1054.000000	0.012781
1055.000000	0.015243
1056.000000	0.020903
1057.000000	0.025545
1058.000000	0.029893
1059.000000	0.035312
1060.000000	0.040784
1061.000000	0.044412
1062.000000	0.043165
1063.000000	0.035556
1064.000000	0.027397
1065.000000	0.024926
1066.000000	0.028792
1067.000000	0.037394
1068.000000	0.045733
1069.000000	0.049139
1070.000000	0.047664
1071.000000	0.042618
1072.000000	0.035633
1073.000000	0.028535
1074.000000	0.023612
1075.000000	0.022830
1076.000000	0.026402
1077.000000	0.033882
1078.000000	0.043935
1079.000000	0.054842
1080.000000	0.064249
1081.000000	0.070245
1082.000000	0.073322
1083.000000	0.074439
1084.000000	0.074001
1085.000000	0.072218
1086.000000	0.069053
1087.000000	0.064716
1088.000000	0.060642
1089.000000	0.058222
1090.000000	0.057453
1091.000000	0.057786
1092.000000	0.057873
1093.000000	0.056569
1094.000000	0.054324
1095.000000	0.051904
1096.000000	0.049751
1097.000000	0.048168
1098.000000	0.047244
1099.000000	0.047258
1100.000000	0.049471
1101.000000	0.054686
1102.000000	0.060886
1103.000000	0.065041
1104.000000	0.062889
1105.000000	0.052400
1106.000000	0.041696
1107.000000	0.039325
1108.000000	0.045385
1109.000000	0.056937
1110.000000	0.067347
1111.000000	0.070816
1112.000000	0.068587
1113.000000	0.063386
1114.000000	0.056819
1115.000000	0.050189
1116.000000	0.044699
1117.000000	0.041223
1118.000000	0.039414
1119.000000	0.038939
1120.000000	0.040752
1121.000000	0.046207
1122.000000	0.056972
1123.000000	0.073308
1124.000000	0.089528
1125.000000	0.100363
1126.000000	0.108154
1127.000000	0.116546
1128.000000	0.126781
1129.000000	0.138258
1130.000000	0.145408
1131.000000	0.142932
1132.000000	0.131589
1133.000000	0.114341
1134.000000	0.096916
1135.000000	0.083918
1136.000000	0.072699
1137.000000	0.059927
1138.000000	0.046784
1139.000000	0.035600
1140.000000	0.028793
1141.000000	0.028008
1142.000000	0.031710
1143.000000	0.037305
1144.000000	0.041135
1145.000000	0.039623
1146.000000	0.030572
1147.000000	0.014521
1148.000000	0.001560
1149.000000	0.000770
1150.000000	0.007649
1151.000000	0.014526
1152.000000	0.014630
1153.000000	0.005027
1154.000000	-0.002773
1155.000000	0.002220
1156.000000	0.014464
1157.000000	0.024861
1158.000000	0.026632
1159.000000	0.017047
1160.000000	0.007267
1161.000000	0.008623
1162.000000	0.019221
1163.000000	0.033925
1164.000000	0.047840
1165.000000	0.056952
1166.000000	0.060526
1167.000000	0.058946
1168.000000	0.053794
1169.000000	0.046922
1170.000000	0.040055
1171.000000	0.034712
1172.000000	0.031708
1173.000000	0.031226
1174.000000	0.031628
1175.000000	0.031108
1176.000000	0.029000
1177.000000	0.025479
1178.000000	0.022932
1179.000000	0.023380
1180.000000	0.025170
1181.000000	0.025980
1182.000000	0.024479
1183.000000	0.019846
1184.000000	0.012294
1185.000000	0.002743
1186.000000	-0.006107
1187.000000	-0.011697
1188.000000	-0.013818
1189.000000	-0.013447
1190.000000	-0.013967
1191.000000	-0.017966
1192.000000	-0.022457
1193.000000	-0.023752
1194.000000	-0.020926
1195.000000	-0.014224
1196.000000	-0.005809
1197.000000	0.002221
1198.000000	0.009934
1199.000000	0.017608
1200.000000	0.024192
1201.000000	0.028214
1202.000000	0.027851
1203.000000	0.022558
1204.000000	0.017242
1205.000000	0.016903
1206.000000	0.021458
1207.000000	0.029139
1208.000000	0.036511
1209.000000	0.040265
1210.000000	0.039249
1211.000000	0.033714
1212.000000	0.027365
1213.000000	0.024673
1214.000000	0.029730
1215.000000	0.044087
1216.000000	0.059509
1217.000000	0.067589
1218.000000	0.069012
1219.000000	0.066927
1220.000000	0.065245
1221.000000	0.067119
1222.000000	0.071894
1223.000000	0.077972
1224.000000	0.083782
1225.000000	0.087901
1226.000000	0.089470
1227.000000	0.088162
1228.000000	0.085217
1229.000000	0.082373
1230.000000	0.081809
1231.000000	0.085314
1232.000000	0.092684
1233.000000	0.102157
1234.000000	0.107731
1235.000000	0.104579
1236.000000	0.096801
1237.000000	0.090016
1238.000000	0.086982
1239.000000	0.088775
1240.000000	0.092592
1241.000000	0.095158
1242.000000	0.095193
1243.000000	0.092266
1244.000000	0.087351
1245.000000	0.082170
1246.000000	0.080038
1247.000000	0.082893
1248.000000	0.085566
1249.000000	0.082619
1250.000000	0.074647
1251.000000	0.064523
1252.000000	0.058209
1253.000000	0.060164
1254.000000	0.065757
1255.000000	0.069273
1256.000000	0.069760
1257.000000	0.067797
1258.000000	0.065309
1259.000000	0.064060
1260.000000	0.063809
1261.000000	0.063718
1262.000000	0.062562
1263.000000	0.059174
1264.000000	0.053011
1265.000000	0.044797
1266.000000	0.039691
1267.000000	0.042186
1268.000000	0.049658
1269.000000	0.057881
1270.000000	0.063327
1271.000000	0.063850
1272.000000	0.062131
1273.000000	0.061420
1274.000000	0.062406
1275.000000	0.064978
1276.000000	0.068372
1277.000000	0.071260
1278.000000	0.070703
1279.000000	0.064945
1280.000000	0.058584
1281.000000	0.056690
1282.000000	0.059870
1283.000000	0.066266
1284.000000	0.068630
1285.000000	0.061647
1286.000000	0.053110
1287.000000	0.051998
1288.000000	0.058914
1289.000000	0.071075
1290.000000	0.080528
1291.000000	0.081074
1292.000000	0.078683
1293.000000	0.080467
1294.000000	0.085918
1295.000000	0.092186
1296.000000	0.094662
1297.000000	0.090876
1298.000000	0.088666
1299.000000	0.095909
1300.000000	0.110338
1301.000000	0.127016
1302.000000	0.140466
1303.000000	0.146919
1304.000000	0.149978
1305.000000	0.154139
1306.000000	0.160111
1307.000000	0.167474
1308.000000	0.175095
1309.000000	0.181393
1310.000000	0.183704
1311.000000	0.179887
1312.000000	0.170967
1313.000000	0.158838
1314.000000	0.145691
1315.000000	0.133842
1316.000000	0.125818
1317.000000	0.123174
1318.000000	0.123370
1319.000000	0.123434
1320.000000	0.122773
1321.000000	0.121884
1322.000000	0.123250
1323.000000	0.128282
1324.000000	0.132126
1325.000000	0.130004
1326.000000	0.123707
1327.000000	0.117133
1328.000000	0.116035
1329.000000	0.124049
1330.000000	0.134482
1331.000000	0.140157
1332.000000	0.142300
1333.000000	0.144286
1334.000000	0.149676
1335.000000	0.160405
1336.000000	0.171714
1337.000000	0.178385
1338.000000	0.180067
1339.000000	0.177664
1340.000000	0.172239
1341.000000	0.164678
1342.000000	0.154987
1343.000000	0.143419
1344.000000	0.132095
1345.000000	0.123260
1346.000000	0.117792
1347.000000	0.115876
1348.000000	0.116290
1349.000000	0.117216
1350.000000	0.115866
1351.000000	0.110021
1352.000000	0.100726
1353.000000	0.090287
1354.000000	0.082804
1355.000000	0.081568
1356.000000	0.084838
1357.000000	0.089972
1358.000000	0.095748
1359.000000	0.101358
1360.000000	0.106229
1361.000000	0.109836
1362.000000	0.111600
1363.000000	0.110915
1364.000000	0.107114
1365.000000	0.099817
1366.000000	0.089866
1367.000000	0.079379
1368.000000	0.074377
1369.000000	0.079123
1370.000000	0.086961
1371.000000	0.089841
1372.000000	0.085060
1373.000000	0.073250
1374.000000	0.063030
1375.000000	0.061812
1376.000000	0.064198
1377.000000	0.063201
1378.000000	0.058278
1379.000000	0.051377
1380.000000	0.047971
1381.000000	0.052274
1382.000000	0.059953
1383.000000	0.065674
1384.000000	0.068648
1385.000000	0.069438
1386.000000	0.069477
1387.000000	0.069686
1388.000000	0.068055
1389.000000	0.062754
1390.000000	0.055586
1391.000000	0.049132
1392.000000	0.045448
1393.000000	0.045997
1394.000000	0.050404
1395.000000	0.057342
1396.000000	0.063521
1397.000000	0.065845
1398.000000	0.063945
1399.000000	0.058990
1400.000000	0.055570
1401.000000	0.057170
1402.000000	0.059444
1403.000000	0.057363
1404.000000	0.050996
1405.000000	0.042253
1406.000000	0.035300
1407.000000	0.033042
1408.000000	0.031080
1409.000000	0.025045
1410.000000	0.017998
1411.000000	0.014564
1412.000000	0.018196
1413.000000	0.029321
1414.000000	0.037432
1415.000000	0.032964
1416.000000	0.021058
1417.000000	0.009802
1418.000000	0.004374
1419.000000	0.007487
1420.000000	0.014902
1421.000000	0.021555
1422.000000	0.026031
1423.000000	0.028038
1424.000000	0.028118
1425.000000	0.027189
1426.000000	0.026854
1427.000000	0.028729
1428.000000	0.033816
1429.000000	0.042228
1430.000000	0.051139
1431.000000	0.057086
1432.000000	0.056989
1433.000000	0.049757
1434.000000	0.041853
1435.000000	0.039813
1436.000000	0.042898
1437.000000	0.048567
1438.000000	0.054347
1439.000000	0.058178
1440.000000	0.059570
1441.000000	0.059416
1442.000000	0.062559
1443.000000	0.073511
1444.000000	0.091507
1445.000000	0.113349
1446.000000	0.131386
1447.000000	0.138406
1448.000000	0.133416
1449.000000	0.118318
1450.000000	0.100386
1451.000000	0.088102
1452.000000	0.089403
1453.000000	0.107322
1454.000000	0.125812
1455.000000	0.129109
1456.000000	0.121660
1457.000000	0.112431
1458.000000	0.108263
1459.000000	0.112304
1460.000000	0.115069
1461.000000	0.107628
1462.000000	0.095921
1463.000000	0.088039
1464.000000	0.085814
1465.000000	0.088013
1466.000000	0.087417
1467.000000	0.078585
1468.000000	0.069193
1469.000000	0.067663
1470.000000	0.072298
1471.000000	0.078382
1472.000000	0.079245
1473.000000	0.070800
1474.000000	0.061233
1475.000000	0.058952
1476.000000	0.060973
1477.000000	0.062020
1478.000000	0.059034
1479.000000	0.051607
1480.000000	0.047732
1481.000000	0.053985
1482.000000	0.062888
1483.000000	0.065200
1484.000000	0.058683
1485.000000	0.044298
1486.000000	0.028803
1487.000000	0.018838
1488.000000	0.014785
1489.000000	0.015247
1490.000000	0.017963
1491.000000	0.020516
1492.000000	0.020735
1493.000000	0.017770
1494.000000	0.015804
1495.000000	0.018484
1496.000000	0.022287
1497.000000	0.022526
1498.000000	0.017017
1499.000000	0.005492
1500.000000	-0.007168
1501.000000	-0.015835
1502.000000	-0.019535
1503.000000	-0.018764
1504.000000	-0.015744
1505.000000	-0.013309
1506.000000	-0.015023
1507.000000	-0.022650
1508.000000	-0.030019
1509.000000	-0.030953
1510.000000	-0.027176
1511.000000	-0.022366
1512.000000	-0.020109
1513.000000	-0.022290
1514.000000	-0.024066
1515.000000	-0.020761
1516.000000	-0.015076
1517.000000	-0.010866
1518.000000	-0.009220
1519.000000	-0.009638
1520.000000	-0.008032
1521.000000	-0.001437
1522.000000	0.005045
1523.000000	0.006034
1524.000000	0.003101
1525.000000	-0.000105
1526.000000	0.001413
1527.000000	0.010827
1528.000000	0.022658
1529.000000	0.030474
1530.000000	0.032676
1531.000000	0.029301
1532.000000	0.022088
1533.000000	0.013793
1534.000000	0.009525
1535.000000	0.012878
1536.000000	0.019030
1537.000000	0.022297
1538.000000	0.021955
1539.000000	0.019279
1540.000000	0.018566
1541.000000	0.023164
1542.000000	0.029610
1543.000000	0.033764
1544.000000	0.035604
1545.000000	0.036211
1546.000000	0.036972
1547.000000	0.038989
1548.000000	0.041910
1549.000000	0.045067
1550.000000	0.047995
1551.000000	0.050467
1552.000000	0.053016
1553.000000	0.056548
1554.000000	0.062703
1555.000000	0.072064
1556.000000	0.080244
1557.000000	0.082896
1558.000000	0.080801
1559.000000	0.076257
1560.000000	0.072515
1561.000000	0.072119
1562.000000	0.073844
1563.000000	0.075825
1564.000000	0.077400
1565.000000	0.078234
1566.000000	0.078102
1567.000000	0.076828
1568.000000	0.074335
1569.000000	0.071185
1570.000000	0.070414
1571.000000	0.074837
1572.000000	0.083930
1573.000000	0.096016
1574.000000	0.108163
1575.000000	0.117493
1576.000000	0.122609
1577.000000	0.123310
1578.000000	0.122684
1579.000000	0.124232
1580.000000	0.129807
1581.000000	0.140004
1582.000000	0.152024
1583.000000	0.162213
1584.000000	0.166895
1585.000000	0.163537
1586.000000	0.154190
1587.000000	0.142472
1588.000000	0.133690
1589.000000	0.131388
1590.000000	0.130367
1591.000000	0.124921
1592.000000	0.116071
1593.000000	0.106336
1594.000000	0.097517
1595.000000	0.090230
1596.000000	0.081090
1597.000000	0.067880
1598.000000	0.057073
1599.000000	0.055518
1600.000000	0.062876
1601.000000	0.076066
1602.000000	0.088226
1603.000000	0.093451
1604.000000	0.093434
1605.000000	0.091472
1606.000000	0.089689
1607.000000	0.089527
1608.000000	0.090892
1609.000000	0.092312
1610.000000	0.088358
1611.000000	0.075417
1612.000000	0.061105
1613.000000	0.054021
1614.000000	0.055454
1615.000000	0.063723
1616.000000	0.072562
1617.000000	0.076126
1618.000000	0.074822
1619.000000	0.070480
1620.000000	0.064358
1621.000000	0.057638
1622.000000	0.051763
1623.000000	0.048315
1624.000000	0.049181
1625.000000	0.055113
1626.000000	0.062014
1627.000000	0.065516
1628.000000	0.065028
1629.000000	0.061471
1630.000000	0.058043
1631.000000	0.057527
1632.000000	0.058780
1633.000000	0.060036
1634.000000	0.060972
1635.000000	0.061686
1636.000000	0.062518
1637.000000	0.063958
1638.000000	0.066858
1639.000000	0.071574
1640.000000	0.076106
1641.000000	0.078330
1642.000000	0.077970
1643.000000	0.075493
1644.000000	0.072493
1645.000000	0.070813
1646.000000	0.072172
1647.000000	0.077585
1648.000000	0.085382
1649.000000	0.093339
1650.000000	0.099705
1651.000000	0.103345
1652.000000	0.105104
1653.000000	0.105939
1654.000000	0.105276
1655.000000	0.102675
1656.000000	0.099773
1657.000000	0.098706
1658.000000	0.101533
1659.000000	0.108766
1660.000000	0.114793
1661.000000	0.114417
1662.000000	0.110211
1663.000000	0.106340
1664.000000	0.105563
1665.000000	0.109483
1666.000000	0.116496
1667.000000	0.123932
1668.000000	0.128061
1669.000000	0.125883
1670.000000	0.118365
1671.000000	0.107799
1672.000000	0.097808
1673.000000	0.091953
1674.000000	0.092224
1675.000000	0.099102
1676.000000	0.108597
1677.000000	0.116206
1678.000000	0.119855
1679.000000	0.118857
1680.000000	0.115648
1681.000000	0.112641
1682.000000	0.109047
1683.000000	0.103539
1684.000000	0.095848
1685.000000	0.086186
1686.000000	0.075639
1687.000000	0.066064
1688.000000	0.061538
1689.000000	0.064782
1690.000000	0.070877
1691.000000	0.073935
1692.000000	0.071838
1693.000000	0.064085
1694.000000	0.052867
1695.000000	0.042148
1696.000000	0.040284
1697.000000	0.052057
1698.000000	0.063564
1699.000000	0.061634
1700.000000	0.054712
1701.000000	0.053401
1702.000000	0.055327
1703.000000	0.056061
1704.000000	0.055942
1705.000000	0.056163
1706.000000	0.056557
1707.000000	0.056785
1708.000000	0.057173
1709.000000	0.057885
1710.000000	0.057788
1711.000000	0.056556
1712.000000	0.058403
1713.000000	0.064463
1714.000000	0.059018
1715.000000	0.030463
1716.000000	0.000505
1717.000000	-0.008873
1718.000000	-0.007892
1719.000000	-0.010718
1720.000000	-0.015102
1721.000000	-0.015830
1722.000000	-0.012250
1723.000000	-0.005345
1724.000000	0.001919
1725.000000	0.006421
1726.000000	0.006410
1727.000000	0.001303
1728.000000	-0.006194
1729.000000	-0.012331
1730.000000	-0.012490
1731.000000	-0.004271
1732.000000	0.004967
1733.000000	0.007972
1734.000000	0.007669
1735.000000	0.008690
1736.000000	0.012305
1737.000000	0.017298
1738.000000	0.015862
1739.000000	0.002089
1740.000000	-0.015747
1741.000000	-0.027756
1742.000000	-0.031782
1743.000000	-0.028261
1744.000000	-0.020273
1745.000000	-0.011373
1746.000000	-0.004374
1747.000000	-0.001091
1748.000000	-0.000083
1749.000000	0.000400
1750.000000	0.000090
1751.000000	-0.002058
1752.000000	-0.008166
1753.000000	-0.018721
1754.000000	-0.026579
1755.000000	-0.025112
1756.000000	-0.017402
1757.000000	-0.008529
1758.000000	-0.001875
1759.000000	0.001062
1760.000000	0.004613
1761.000000	0.011882
1762.000000	0.015227
1763.000000	0.007457
1764.000000	-0.006063
1765.000000	-0.016981
1766.000000	-0.017557
1767.000000	-0.004401
1768.000000	0.009086
1769.000000	0.009720
1770.000000	0.001967
1771.000000	-0.006414
1772.000000	-0.012160
1773.000000	-0.014012
1774.000000	-0.014250
1775.000000	-0.015089
1776.000000	-0.014950
1777.000000	-0.012317
1778.000000	-0.009707
1779.000000	-0.010025
1780.000000	-0.013681
1781.000000	-0.019586
1782.000000	-0.023151
1783.000000	-0.020289
1784.000000	-0.012427
1785.000000	-0.002600
1786.000000	0.005226
1787.000000	0.007412
1788.000000	0.002543
1789.000000	-0.008826
1790.000000	-0.020490
1791.000000	-0.025987
1792.000000	-0.023467
1793.000000	-0.013372
1794.000000	-0.000709
1795.000000	0.008395
1796.000000	0.007881
1797.000000	-0.004397
1798.000000	-0.015011
1799.000000	-0.011579
1800.000000	-0.001484
1801.000000	0.004740
1802.000000	0.003736
1803.000000	-0.003896
1804.000000	-0.008893
1805.000000	-0.003500
1806.000000	0.005337
1807.000000	0.009113
1808.000000	0.007791
1809.000000	0.003492
1810.000000	-0.001494
1811.000000	-0.005572
1812.000000	-0.010098
1813.000000	-0.015991
1814.000000	-0.019468
1815.000000	-0.016938
1816.000000	-0.010283
1817.000000	-0.002891
1818.000000	0.001293
1819.000000	-0.000563
1820.000000	-0.006279
1821.000000	-0.012683
1822.000000	-0.017647
1823.000000	-0.019552
1824.000000	-0.017766
1825.000000	-0.012197
1826.000000	-0.003927
1827.000000	0.004970
1828.000000	0.009607
1829.000000	0.006501
1830.000000	0.000578
1831.000000	-0.002214
1832.000000	-0.000250
1833.000000	0.005703
1834.000000	0.009647
1835.000000	0.006750
1836.000000	0.002078
1837.000000	0.001406
1838.000000	0.003448
1839.000000	0.005351
1840.000000	0.005045
1841.000000	0.001542
1842.000000	-0.002597
1843.000000	-0.004695
1844.000000	-0.005163
1845.000000	-0.004988
1846.000000	-0.004371
1847.000000	-0.003373
1848.000000	-0.002283
1849.000000	-0.001889
1850.000000	-0.004731
1851.000000	-0.011935
1852.000000	-0.017202
1853.000000	-0.014491
1854.000000	-0.006218
1855.000000	0.002620
1856.000000	0.005173
1857.000000	-0.002771
1858.000000	-0.013003
1859.000000	-0.016715
1860.000000	-0.015114
1861.000000	-0.011446
1862.000000	-0.007090
1863.000000	-0.002591
1864.000000	0.002982
1865.000000	0.010028
1866.000000	0.015345
1867.000000	0.016013
1868.000000	0.013849
1869.000000	0.011425
1870.000000	0.009602
1871.000000	0.008199
1872.000000	0.004585
1873.000000	-0.002559
1874.000000	-0.006856
1875.000000	-0.002564
1876.000000	0.005820
1877.000000	0.011962
1878.000000	0.012417
1879.000000	0.006402
1880.000000	0.000899
1881.000000	0.002457
1882.000000	0.008124
1883.000000	0.013260
1884.000000	0.015977
1885.000000	0.015355
1886.000000	0.011586
1887.000000	0.005254
1888.000000	-0.002611
1889.000000	-0.010447
1890.000000	-0.015022
1891.000000	-0.013765
1892.000000	-0.008431
1893.000000	-0.001914
1894.000000	0.002669
1895.000000	0.003530
1896.000000	0.004412
1897.000000	0.008855
1898.000000	0.014069
1899.000000	0.016378
1900.000000	0.014906
1901.000000	0.009893
1902.000000	0.003255
1903.000000	-0.002766
1904.000000	-0.006293
1905.000000	-0.006149
1906.000000	-0.003598
1907.000000	-0.000385
1908.000000	0.002253
1909.000000	0.003421
1910.000000	0.003078
1911.000000	0.001577
1912.000000	0.000000
1913.000000	-0.000705
1914.000000	-0.000856
1915.000000	-0.001036
1916.000000	-0.001624
1917.000000	-0.002859
1918.000000	-0.004619
1919.000000	-0.006428
1920.000000	-0.006766
1921.000000	-0.004677
1922.000000	-0.002514
1923.000000	-0.002771
1924.000000	-0.005214
1925.000000	-0.008219
1926.000000	-0.007337
1927.000000	0.000050
1928.000000	0.006423
1929.000000	0.004390
1930.000000	-0.002799
1931.000000	-0.009774
1932.000000	-0.013327
1933.000000	-0.012138
1934.000000	-0.010270
1935.000000	-0.011374
1936.000000	-0.012078
1937.000000	-0.008613
1938.000000	-0.002645
1939.000000	0.002975
1940.000000	0.006091
1941.000000	0.005420
1942.000000	0.002487
1943.000000	-0.000578
1944.000000	-0.002047
1945.000000	-0.000671
1946.000000	0.003263
1947.000000	0.008846
1948.000000	0.014199
1949.000000	0.017158
1950.000000	0.015382
1951.000000	0.007682
1952.000000	-0.002352
1953.000000	-0.010415
1954.000000	-0.014106
1955.000000	-0.012063
1956.000000	-0.005156
1957.000000	0.004586
1958.000000	0.012741
1959.000000	0.015634
1960.000000	0.014973
1961.000000	0.013351
1962.000000	0.011525
1963.000000	0.009706
1964.000000	0.007764
1965.000000	0.005532
1966.000000	0.003029
1967.000000	0.000940
1968.000000	0.002418
1969.000000	0.009654
1970.000000	0.018505
1971.000000	0.023627
1972.000000	0.021195
1973.000000	0.009986
1974.000000	-0.002338
1975.000000	-0.008454
1976.000000	-0.011267
1977.000000	-0.014930
1978.000000	-0.018358
1979.000000	-0.019223
1980.000000	-0.015472
1981.000000	-0.006252
1982.000000	0.004769
1983.000000	0.013101
1984.000000	0.015499
1985.000000	0.010523
1986.000000	0.002723
1987.000000	-0.002295
1988.000000	-0.000689
1989.000000	0.008370
1990.000000	0.015420
1991.000000	0.012005
1992.000000	0.003990
1993.000000	-0.000884
1994.000000	-0.001704
1995.000000	0.000344
1996.000000	0.002492
1997.000000	0.002354
1998.000000	0.000652
1999.000000	-0.001231
2000.000000	-0.002359
2001.000000	-0.002261
2002.000000	-0.001859
2003.000000	-0.002220
2004.000000	-0.003583
2005.000000	-0.005100
2006.000000	-0.002406
2007.000000	0.007454
2008.000000	0.018264
2009.000000	0.023177
2010.000000	0.021993
2011.000000	0.016492
2012.000000	0.009718
2013.000000	0.004166
2014.000000	-0.001138
2015.000000	-0.007305
2016.000000	-0.012532
2017.000000	-0.014551
2018.000000	-0.012152
2019.000000	-0.004941
2020.000000	0.005278
2021.000000	0.015460
2022.000000	0.019799
2023.000000	0.013843
2024.000000	0.001304
2025.000000	-0.012315
2026.000000	-0.022519
2027.000000	-0.025843
2028.000000	-0.021945
2029.000000	-0.012411
2030.000000	-0.003416
2031.000000	0.000102
2032.000000	0.002736
2033.000000	0.009219
2034.000000	0.015306
2035.000000	0.015478
2036.000000	0.008090
2037.000000	-0.005224
2038.000000	-0.013584
2039.000000	-0.008226
2040.000000	0.001893
2041.000000	0.006182
2042.000000	0.005221
2043.000000	0.002314
2044.000000	0.000495
2045.000000	0.001713
2046.000000	0.003854
2047.000000	0.004639
2048.000000	0.005196
2049.000000	0.007127
2050.000000	0.010524
2051.000000	0.014925
2052.000000	0.019158
2053.000000	0.021857
2054.000000	0.021600
2055.000000	0.017434
2056.000000	0.010354
2057.000000	0.002206
2058.000000	-0.003701
2059.000000	-0.004491
2060.000000	-0.000483
2061.000000	0.006553
2062.000000	0.012254
2063.000000	0.013125
2064.000000	0.011751
2065.000000	0.011230
2066.000000	0.010640
2067.000000	0.008726
2068.000000	0.006911
2069.000000	0.007420
2070.000000	0.012992
2071.000000	0.023964
2072.000000	0.030553
2073.000000	0.024261
2074.000000	0.011855
2075.000000	0.002301
2076.000000	-0.001889
2077.000000	-0.000836
2078.000000	0.001260
2079.000000	0.000452
2080.000000	-0.002133
2081.000000	-0.004261
2082.000000	-0.004353
2083.000000	-0.001550
2084.000000	0.002790
2085.000000	0.006709
2086.000000	0.008077
2087.000000	0.005236
2088.000000	-0.001413
2089.000000	-0.009722
2090.000000	-0.012602
2091.000000	-0.004741
2092.000000	0.007143
2093.000000	0.014140
2094.000000	0.010608
2095.000000	-0.004316
2096.000000	-0.015654
2097.000000	-0.010366
2098.000000	0.000986
2099.000000	0.005544
2100.000000	0.004863
2101.000000	0.003694
2102.000000	0.005158
2103.000000	0.010090
2104.000000	0.011794
2105.000000	0.004682
2106.000000	-0.004890
2107.000000	-0.009367
2108.000000	-0.008347
2109.000000	-0.003401
2110.000000	0.003166
2111.000000	0.009137
2112.000000	0.013372
2113.000000	0.014784
2114.000000	0.011410
2115.000000	0.002701
2116.000000	-0.005349
2117.000000	-0.006842
2118.000000	-0.002799
2119.000000	0.003277
2120.000000	0.004860
2121.000000	-0.001695
2122.000000	-0.005505
2123.000000	0.003337
2124.000000	0.016297
2125.000000	0.022590
2126.000000	0.020861
2127.000000	0.013144
2128.000000	0.005592
2129.000000	0.004065
2130.000000	0.009136
2131.000000	0.018921
2132.000000	0.026989
2133.000000	0.027617
2134.000000	0.022441
2135.000000	0.015035
2136.000000	0.009347
2137.000000	0.008110
2138.000000	0.008821
2139.000000	0.008489
2140.000000	0.007403
2141.000000	0.006534
2142.000000	0.006289
2143.000000	0.006718
2144.000000	0.006993
2145.000000	0.005956
2146.000000	0.001999
2147.000000	-0.004778
2148.000000	-0.006981
2149.000000	0.001330
2150.000000	0.012983
2151.000000	0.019197
2152.000000	0.017855
2153.000000	0.009842
2154.000000	0.001387
2155.000000	-0.001758
2156.000000	-0.001085
2157.000000	0.000383
2158.000000	0.000759
2159.000000	-0.000988
2160.000000	-0.003593
2161.000000	-0.005345
2162.000000	-0.005039
2163.000000	-0.002813
2164.000000	-0.003665
2165.000000	-0.011058
2166.000000	-0.017450
2167.000000	-0.015389
2168.000000	-0.008777
2169.000000	-0.003668
2170.000000	-0.003350
2171.000000	-0.008330
2172.000000	-0.010741
2173.000000	-0.004131
2174.000000	0.003916
2175.000000	0.004879
2176.000000	0.000525
2177.000000	-0.004647
2178.000000	-0.005501
2179.000000	0.000969
2180.000000	0.008602
2181.000000	0.011253
2182.000000	0.012000
2183.000000	0.014488
2184.000000	0.015398
2185.000000	0.011300
2186.000000	0.005269
2187.000000	0.000536
2188.000000	-0.005565
2189.000000	-0.013984
2190.000000	-0.012924
2191.000000	0.006311
2192.000000	0.027261
2193.000000	0.031990
2194.000000	0.021821
2195.000000	0.003526
2196.000000	-0.013582
2197.000000	-0.021361
2198.000000	-0.018897
2199.000000	-0.008668
2200.000000	0.000514
2201.000000	0.000904
2202.000000	-0.004642
2203.000000	-0.010866
2204.000000	-0.013510
2205.000000	-0.009577
2206.000000	-0.000112
2207.000000	0.011936
2208.000000	0.020037
2209.000000	0.018941
2210.000000	0.012081
2211.000000	0.004495
2212.000000	-0.001059
2213.000000	-0.003046
2214.000000	-0.002545
2215.000000	-0.001726
2216.000000	-0.004524
2217.000000	-0.012765
2218.000000	-0.018088
2219.000000	-0.012788
2220.000000	-0.001971
2221.000000	0.007181
2222.000000	0.011993
2223.000000	0.012577
2224.000000	0.015674
2225.000000	0.025930
2226.000000	0.032979
2227.000000	0.027032
2228.000000	0.015614
2229.000000	0.008594
2230.000000	0.007910
2231.000000	0.012542
2232.000000	0.017559
2233.000000	0.018627
2234.000000	0.017702
2235.000000	0.017284
2236.000000	0.015750
2237.000000	0.011634
2238.000000	0.008214
2239.000000	0.008991
2240.000000	0.013608
2241.000000	0.019563
2242.000000	0.019625
2243.000000	0.008922
2244.000000	-0.003244
2245.000000	-0.006839
2246.000000	-0.003085
2247.000000	0.004040
2248.000000	0.010782
2249.000000	0.014026
2250.000000	0.012999
2251.000000	0.007918
2252.000000	0.000631
2253.000000	-0.006106
2254.000000	-0.007538
2255.000000	-0.000632
2256.000000	0.008747
2257.000000	0.013829
2258.000000	0.013117
2259.000000	0.008800
2260.000000	0.012530
2261.000000	0.031329
2262.000000	0.044236
2263.000000	0.031930
2264.000000	0.009638
2265.000000	-0.002636
2266.000000	-0.000338
2267.000000	0.014556
2268.000000	0.029394
2269.000000	0.032617
2270.000000	0.027708
2271.000000	0.020994
2272.000000	0.015137
2273.000000	0.011614
2274.000000	0.010812
2275.000000	0.012677
2276.000000	0.016472
2277.000000	0.021389
2278.000000	0.027015
2279.000000	0.032046
2280.000000	0.031229
2281.000000	0.020969
2282.000000	0.008251
2283.000000	0.000895
2284.000000	-0.000531
2285.000000	0.002061
2286.000000	0.004098
2287.000000	0.002869
2288.000000	0.005776
2289.000000	0.018403
2290.000000	0.028966
2291.000000	0.025611
2292.000000	0.013591
2293.000000	0.001804
2294.000000	-0.003370
2295.000000	0.001527
2296.000000	0.010773
2297.000000	0.017363
2298.000000	0.018346
2299.000000	0.013416
2300.000000	0.008784
2301.000000	0.010359
2302.000000	0.016329
2303.000000	0.022730
2304.000000	0.024719
2305.000000	0.019478
2306.000000	0.013171
2307.000000	0.011998
2308.000000	0.013305
2309.000000	0.013384
2310.000000	0.013150
2311.000000	0.014216
2312.000000	0.016348
2313.000000	0.018527
2314.000000	0.018428
2315.000000	0.014475
2316.000000	0.009408
2317.000000	0.006568
2318.000000	0.007400
2319.000000	0.012094
2320.000000	0.017711
2321.000000	0.021008
2322.000000	0.020649
2323.000000	0.016829
2324.000000	0.013949
2325.000000	0.015998
2326.000000	0.021115
2327.000000	0.026264
2328.000000	0.029551
2329.000000	0.029999
2330.000000	0.029162
2331.000000	0.029059
2332.000000	0.031038
2333.000000	0.034839
2334.000000	0.034424
2335.000000	0.025044
2336.000000	0.012868
2337.000000	0.004904
2338.000000	0.000589
2339.000000	-0.002090
2340.000000	-0.003390
2341.000000	-0.002645
2342.000000	0.002735
2343.000000	0.013213
2344.000000	0.018804
2345.000000	0.011084
2346.000000	-0.001682
2347.000000	-0.008922
2348.000000	-0.007526
2349.000000	0.002402
2350.000000	0.015377
2351.000000	0.024711
2352.000000	0.024290
2353.000000	0.011744
2354.000000	-0.000900
2355.000000	-0.001812
2356.000000	0.005652
2357.000000	0.014999
2358.000000	0.022371
2359.000000	0.025476
2360.000000	0.025636
2361.000000	0.025055
2362.000000	0.025842
2363.000000	0.028920
2364.000000	0.030558
2365.000000	0.027559
2366.000000	0.023530
2367.000000	0.022745
2368.000000	0.025348
2369.000000	0.029687
2370.000000	0.031056
2371.000000	0.025842
2372.000000	0.017861
2373.000000	0.011948
2374.000000	0.009588
2375.000000	0.010696
2376.000000	0.012248
2377.000000	0.011113
2378.000000	0.006669
2379.000000	-0.000229
2380.000000	-0.005324
2381.000000	-0.004947
2382.000000	-0.001185
2383.000000	0.003091
2384.000000	0.007622
2385.000000	0.012456
2386.000000	0.016270
2387.000000	0.017685
2388.000000	0.016479
2389.000000	0.013266
2390.000000	0.010856
2391.000000	0.010846
2392.000000	0.007776
2393.000000	-0.002806
2394.000000	-0.014268
2395.000000	-0.018960
2396.000000	-0.016246
2397.000000	-0.007999
2398.000000	0.000874
2399.000000	0.006019
2400.000000	0.008313
2401.000000	0.009992
2402.000000	0.013496
2403.000000	0.019803
2404.000000	0.023832
2405.000000	0.020797
2406.000000	0.013155
2407.000000	0.005461
2408.000000	0.003424
2409.000000	0.009757
2410.000000	0.014053
2411.000000	0.006660
2412.000000	-0.005923
2413.000000	-0.014450
2414.000000	-0.014854
2415.000000	-0.005853
2416.000000	0.007854
2417.000000	0.020026
2418.000000	0.024224
2419.000000	0.017089
2420.000000	0.007783
2421.000000	0.004725
2422.000000	0.000839
2423.000000	-0.010883
2424.000000	-0.021671
2425.000000	-0.021156
2426.000000	-0.008338
2427.000000	0.012968
2428.000000	0.029040
2429.000000	0.028947
2430.000000	0.022807
2431.000000	0.022212
2432.000000	0.023587
2433.000000	0.021189
2434.000000	0.015771
2435.000000	0.009732
2436.000000	0.005549
2437.000000	0.005004
2438.000000	0.007029
2439.000000	0.009715
2440.000000	0.010651
2441.000000	0.008532
2442.000000	0.006968
2443.000000	0.009550
2444.000000	0.014876
2445.000000	0.020250
2446.000000	0.022784
2447.000000	0.020377
2448.000000	0.014258
2449.000000	0.006889
2450.000000	0.002326
2451.000000	0.003550
2452.000000	0.007654
2453.000000	0.011088
2454.000000	0.013631
2455.000000	0.015874
2456.000000	0.018335
2457.000000	0.021020
2458.000000	0.021957
2459.000000	0.019954
2460.000000	0.018921
2461.000000	0.022030
2462.000000	0.024417
2463.000000	0.021093
2464.000000	0.014624
2465.000000	0.009162
2466.000000	0.007661
2467.000000	0.011298
2468.000000	0.015359
2469.000000	0.015259
2470.000000	0.012833
2471.000000	0.011183
2472.000000	0.012063
2473.000000	0.016202
2474.000000	0.021576
2475.000000	0.025633
2476.000000	0.026463
2477.000000	0.023040
2478.000000	0.017232
2479.000000	0.011770
2480.000000	0.009935
2481.000000	0.013681
2482.000000	0.019087
2483.000000	0.021938
2484.000000	0.022714
2485.000000	0.023117
2486.000000	0.025054
2487.000000	0.029655
2488.000000	0.034750
2489.000000	0.036880
2490.000000	0.030720
2491.000000	0.013604
2492.000000	-0.004633
2493.000000	-0.013709
2494.000000	-0.014071
2495.000000	-0.009118
2496.000000	-0.003342
2497.000000	-0.000233
2498.000000	0.001817
2499.000000	0.004990
2500.000000	0.008649
2501.000000	0.011531
2502.000000	0.012676
2503.000000	0.011785
2504.000000	0.010909
2505.000000	0.012176
2506.000000	0.015680
2507.000000	0.020519
2508.000000	0.023830
2509.000000	0.023757
2510.000000	0.024424
2511.000000	0.029268
2512.000000	0.033001
2513.000000	0.030417
2514.000000	0.025365
2515.000000	0.022714
2516.000000	0.022375
2517.000000	0.022268
2518.000000	0.017316
2519.000000	0.005646
2520.000000	0.001188
2521.000000	0.014785
2522.000000	0.029127
2523.000000	0.025683
2524.000000	0.009203
2525.000000	-0.010227
2526.000000	-0.024459
2527.000000	-0.027831
2528.000000	-0.022675
2529.000000	-0.013045
2530.000000	-0.001893
2531.000000	0.008803
2532.000000	0.019855
2533.000000	0.031327
2534.000000	0.037509
2535.000000	0.033571
2536.000000	0.023993
2537.000000	0.015447
2538.000000	0.014078
2539.000000	0.022337
2540.000000	0.028429
2541.000000	0.022042
2542.000000	0.013028
2543.000000	0.012365
2544.000000	0.015368
2545.000000	0.015296
2546.000000	0.012839
2547.000000	0.010462
2548.000000	0.010298
2549.000000	0.012617
2550.000000	0.010570
2551.000000	-0.000239
2552.000000	-0.007275
2553.000000	0.000832
2554.000000	0.013859
2555.000000	0.019467
2556.000000	0.018451
2557.000000	0.015001
2558.000000	0.013765
2559.000000	0.017634
2560.000000	0.022022
2561.000000	0.021830
2562.000000	0.017383
2563.000000	0.010218
2564.000000	0.001292
2565.000000	-0.007505
2566.000000	-0.009981
2567.000000	-0.001075
2568.000000	0.015437
2569.000000	0.032789
2570.000000	0.041096
2571.000000	0.033613
2572.000000	0.019271
2573.000000	0.008402
2574.000000	0.001264
2575.000000	-0.003027
2576.000000	0.000148
2577.000000	0.013764
2578.000000	0.028707
2579.000000	0.034128
2580.000000	0.024324
2581.000000	0.000009
2582.000000	-0.017588
2583.000000	-0.009992
2584.000000	0.009731
2585.000000	0.024240
2586.000000	0.030648
2587.000000	0.030495
2588.000000	0.028584
2589.000000	0.029161
2590.000000	0.030996
2591.000000	0.030642
2592.000000	0.021271
2593.000000	0.000564
2594.000000	-0.012396
2595.000000	-0.001400
2596.000000	0.016847
2597.000000	0.022561
2598.000000	0.016556
2599.000000	0.004967
2600.000000	-0.005370
2601.000000	-0.009168
2602.000000	-0.008020
2603.000000	-0.004855
2604.000000	-0.001060
2605.000000	0.002360
2606.000000	0.004385
2607.000000	0.004650
2608.000000	0.005421
2609.000000	0.008401
2610.000000	0.010405
2611.000000	0.008055
2612.000000	0.002092
2613.000000	-0.004000
2614.000000	0.000113
2615.000000	0.020204
2616.000000	0.036958
2617.000000	0.031639
2618.000000	0.012901
2619.000000	-0.005584
2620.000000	-0.017471
2621.000000	-0.019630
2622.000000	-0.014457
2623.000000	-0.005654
2624.000000	0.003377
2625.000000	0.010344
2626.000000	0.017108
2627.000000	0.025260
2628.000000	0.031174
2629.000000	0.031054
2630.000000	0.025650
2631.000000	0.017238
2632.000000	0.009659
2633.000000	0.006481
2634.000000	0.008609
2635.000000	0.015358
2636.000000	0.022356
2637.000000	0.025341
2638.000000	0.024182
2639.000000	0.020045
2640.000000	0.015161
2641.000000	0.012021
2642.000000	0.013102
2643.000000	0.019508
2644.000000	0.026876
2645.000000	0.029669
2646.000000	0.023112
2647.000000	0.006094
2648.000000	-0.008598
2649.000000	-0.009083
2650.000000	-0.000990
2651.000000	0.007611
2652.000000	0.016397
2653.000000	0.025520
2654.000000	0.029297
2655.000000	0.022279
2656.000000	0.005787
2657.000000	-0.014656
2658.000000	-0.023502
2659.000000	-0.009982
2660.000000	0.007536
2661.000000	0.010168
2662.000000	0.006098
2663.000000	0.006960
2664.000000	0.011108
2665.000000	0.014390
2666.000000	0.015902
2667.000000	0.016168
2668.000000	0.018184
2669.000000	0.023075
2670.000000	0.022019
2671.000000	0.008853
2672.000000	-0.002013
2673.000000	0.003008
2674.000000	0.013625
2675.000000	0.016914
2676.000000	0.013296
2677.000000	0.006906
2678.000000	0.003395
2679.000000	0.006753
2680.000000	0.012809
2681.000000	0.016906
2682.000000	0.020599
2683.000000	0.024792
2684.000000	0.021560
2685.000000	0.005218
2686.000000	-0.012129
2687.000000	-0.017402
2688.000000	-0.011427
2689.000000	0.000610
2690.000000	0.009989
2691.000000	0.010425
2692.000000	0.008901
2693.000000	0.012752
2694.000000	0.017460
2695.000000	0.017891
2696.000000	0.018319
2697.000000	0.023089
2698.000000	0.027441
2699.000000	0.026150
2700.000000	0.021242
2701.000000	0.016621
2702.000000	0.016442
2703.000000	0.021399
2704.000000	0.018079
2705.000000	-0.002756
2706.000000	-0.019535
2707.000000	-0.012179
2708.000000	0.002622
2709.000000	0.005531
2710.000000	0.003404
2711.000000	0.007200
2712.000000	0.018107
2713.000000	0.032359
2714.000000	0.036136
2715.000000	0.021278
2716.000000	0.012310
2717.000000	0.030998
2718.000000	0.055381
2719.000000	0.060051
2720.000000	0.049553
2721.000000	0.034952
2722.000000	0.023456
2723.000000	0.019498
2724.000000	0.020278
2725.000000	0.021379
2726.000000	0.019140
2727.000000	0.012339
2728.000000	0.008763
2729.000000	0.014934
2730.000000	0.023302
2731.000000	0.025668
2732.000000	0.025301
2733.000000	0.026779
2734.000000	0.028446
2735.000000	0.027576
2736.000000	0.023391
2737.000000	0.016923
2738.000000	0.014503
2739.000000	0.020092
2740.000000	0.022868
2741.000000	0.013501
2742.000000	0.003423
2743.000000	0.004732
2744.000000	0.011441
2745.000000	0.014735
2746.000000	0.012576
2747.000000	0.005826
2748.000000	0.000186
2749.000000	0.001115
2750.000000	0.008283
2751.000000	0.019100
2752.000000	0.027728
2753.000000	0.029321
2754.000000	0.026238
2755.000000	0.022286
2756.000000	0.019865
2757.000000	0.020188
2758.000000	0.021132
2759.000000	0.020252
2760.000000	0.017150
2761.000000	0.012724
2762.000000	0.010994
2763.000000	0.014570
2764.000000	0.017299
2765.000000	0.013139
2766.000000	0.005265
2767.000000	-0.001263
2768.000000	-0.003051
2769.000000	0.001019
2770.000000	0.004645
2771.000000	0.001333
2772.000000	-0.008743
2773.000000	-0.021683
2774.000000	-0.025338
2775.000000	-0.011950
2776.000000	0.000415
2777.000000	-0.005660
2778.000000	-0.019174
2779.000000	-0.025818
2780.000000	-0.026453
2781.000000	-0.025282
2782.000000	-0.024693
2783.000000	-0.025904
2784.000000	-0.027260
2785.000000	-0.026801
2786.000000	-0.024217
2787.000000	-0.019662
2788.000000	-0.013495
2789.000000	-0.006342
2790.000000	0.000317
2791.000000	0.004950
2792.000000	0.006685
2793.000000	0.005122
2794.000000	0.001090
2795.000000	-0.004209
2796.000000	-0.009310
2797.000000	-0.012895
2798.000000	-0.014506
2799.000000	-0.014151
2800.000000	-0.012845
2801.000000	-0.011565
2802.000000	-0.010143
2803.000000	-0.008848
2804.000000	-0.010857
2805.000000	-0.017841
2806.000000	-0.022528
2807.000000	-0.017979
2808.000000	-0.007519
2809.000000	0.002066
2810.000000	0.000402
2811.000000	-0.017189
2812.000000	-0.029020
2813.000000	-0.016277
2814.000000	0.001992
2815.000000	0.004103
2816.000000	-0.004305
2817.000000	-0.012781
2818.000000	-0.018943
2819.000000	-0.022501
2820.000000	-0.023465
2821.000000	-0.021851
2822.000000	-0.017390
2823.000000	-0.011179
2824.000000	-0.010043
2825.000000	-0.018363
2826.000000	-0.024996
2827.000000	-0.019536
2828.000000	-0.010044
2829.000000	-0.005820
2830.000000	-0.002649
2831.000000	0.005348
2832.000000	0.017199
2833.000000	0.029649
2834.000000	0.037155
2835.000000	0.035994
2836.000000	0.031997
2837.000000	0.031204
2838.000000	0.030940
2839.000000	0.028474
2840.000000	0.029557
2841.000000	0.040131
2842.000000	0.058411
2843.000000	0.080026
2844.000000	0.097978
2845.000000	0.106527
2846.000000	0.107593
2847.000000	0.105951
2848.000000	0.110132
2849.000000	0.126353
2850.000000	0.147820
2851.000000	0.165887
2852.000000	0.177497
2853.000000	0.182697
2854.000000	0.188342
2855.000000	0.201564
2856.000000	0.223783
2857.000000	0.253090
2858.000000	0.279984
2859.000000	0.294569
2860.000000	0.292966
2861.000000	0.276077
2862.000000	0.257923
2863.000000	0.252449
2864.000000	0.260184
2865.000000	0.277693
2866.000000	0.299091
2867.000000	0.319642
2868.000000	0.341656
2869.000000	0.367522
2870.000000	0.392904
2871.000000	0.413039
2872.000000	0.428198
2873.000000	0.441185
2874.000000	0.459920
2875.000000	0.487733
2876.000000	0.504482
2877.000000	0.493870
2878.000000	0.478454
2879.000000	0.481969
2880.000000	0.494005
2881.000000	0.499911
2882.000000	0.502220
2883.000000	0.506007
2884.000000	0.509334
2885.000000	0.508056
2886.000000	0.496212
2887.000000	0.472223
2888.000000	0.453868
2889.000000	0.456513
2890.000000	0.466516
2891.000000	0.469226
2892.000000	0.474958
2893.000000	0.494540
2894.000000	0.515874
2895.000000	0.525433
2896.000000	0.526911
2897.000000	0.528439
2898.000000	0.538677
2899.000000	0.562590
2900.000000	0.589840
2901.000000	0.608224
2902.000000	0.613381
2903.000000	0.605845
2904.000000	0.597893
2905.000000	0.601614
2906.000000	0.616589
2907.000000	0.638400
2908.000000	0.659135
2909.000000	0.672039
2910.000000	0.678485
2911.000000	0.682246
2912.000000	0.688557
2913.000000	0.701312
2914.000000	0.717562
2915.000000	0.733423
2916.000000	0.748109
2917.000000	0.762878
2918.000000	0.784060
2919.000000	0.816039
2920.000000	0.850350
2921.000000	0.877695
2922.000000	0.898311
2923.000000	0.914194
2924.000000	0.924847
2925.000000	0.929228
2926.000000	0.926604
2927.000000	0.918624
2928.000000	0.916157
2929.000000	0.928546
2930.000000	0.949801
2931.000000	0.971160
2932.000000	0.988115
2933.000000	0.997840
2934.000000	1.000000
2935.000000	0.995165
2936.000000	0.985047
2937.000000	0.971804
2938.000000	0.958248
2939.000000	0.946520
2940.000000	0.935428
2941.000000	0.922125
2942.000000	0.900474
2943.000000	0.867956
2944.000000	0.839812
2945.000000	0.828826
2946.000000	0.820205
2947.000000	0.798200
2948.000000	0.770813
2949.000000	0.749818
2950.000000	0.738312
2951.000000	0.735124
2952.000000	0.730670
2953.000000	0.715527
2954.000000	0.689309
2955.000000	0.656194
2956.000000	0.629564
2957.000000	0.621245
2958.000000	0.627623
2959.000000	0.639046
2960.000000	0.637146
2961.000000	0.610490
2962.000000	0.584117
2963.000000	0.583363
2964.000000	0.598296
2965.000000	0.610805
2966.000000	0.605344
2967.000000	0.573913
2968.000000	0.536144
2969.000000	0.514064
2970.000000	0.511643
2971.000000	0.522976
2972.000000	0.520697
2973.000000	0.485021
2974.000000	0.447939
2975.000000	0.443128
2976.000000	0.459229
2977.000000	0.475665
2978.000000	0.480022
2979.000000	0.465857
2980.000000	0.442446
2981.000000	0.421401
2982.000000	0.407967
2983.000000	0.403037
2984.000000	0.396452
2985.000000	0.379017
2986.000000	0.356439
2987.000000	0.335909
2988.000000	0.315656
2989.000000	0.294041
2990.000000	0.278906
2991.000000	0.276709
2992.000000	0.278898
2993.000000	0.274610
2994.000000	0.258746
2995.000000	0.230577
2996.000000	0.201079
2997.000000	0.181841
2998.000000	0.175190
2999.000000	0.178281
3000.000000	0.176843
3001.000000	0.158656
3002.000000	0.131127
3003.000000	0.105636
3004.000000	0.089825
3005.000000	0.087760
3006.000000	0.092939
3007.000000	0.096674
3008.000000	0.092093
3009.000000	0.075671
3010.000000	0.055437
3011.000000	0.041811
3012.000000	0.043211
3013.000000	0.062275
3014.000000	0.080513
3015.000000	0.079504
3016.000000	0.062213
3017.000000	0.038496
3018.000000	0.024377
3019.000000	0.030942
3020.000000	0.043365
3021.000000	0.044434
3022.000000	0.033298
3023.000000	0.014844
3024.000000	0.000553
3025.000000	-0.000183
3026.000000	0.007067
3027.000000	0.013694
3028.000000	0.013892
3029.000000	0.004785
3030.000000	-0.007587
3031.000000	-0.016136
3032.000000	-0.018503
3033.000000	-0.014998
3034.000000	-0.011888
3035.000000	-0.013948
3036.000000	-0.014023
3037.000000	-0.004867
3038.000000	0.009204
3039.000000	0.021070
3040.000000	0.023945
3041.000000	0.015466
3042.000000	0.010618
3043.000000	0.021527
3044.000000	0.031528
3045.000000	0.024436
3046.000000	0.014766
3047.000000	0.018793
3048.000000	0.029124
3049.000000	0.034692
3050.000000	0.033398
3051.000000	0.026171
3052.000000	0.017098
3053.000000	0.010421
3054.000000	0.007864
3055.000000	0.010355
3056.000000	0.018167
3057.000000	0.031367
3058.000000	0.049851
3059.000000	0.071717
3060.000000	0.088035
3061.000000	0.090634
3062.000000	0.081415
3063.000000	0.065476
3064.000000	0.050638
3065.000000	0.043222
3066.000000	0.040828
3067.000000	0.039426
3068.000000	0.037182
3069.000000	0.033308
3070.000000	0.029012
3071.000000	0.025360
3072.000000	0.020849
3073.000000	0.014598
3074.000000	0.010790
3075.000000	0.012518
3076.000000	0.013451
3077.000000	0.007222
3078.000000	-0.003250
3079.000000	-0.012763
3080.000000	-0.016267
3081.000000	-0.010849
3082.000000	-0.002007
3083.000000	0.003703
3084.000000	0.003895
3085.000000	-0.001776
3086.000000	-0.009671
3087.000000	-0.016263
3088.000000	-0.022464
3089.000000	-0.029040
3090.000000	-0.031749
3091.000000	-0.026599
3092.000000	-0.015614
3093.000000	-0.003080
3094.000000	0.003672
3095.000000	-0.000704
3096.000000	-0.010565
3097.000000	-0.018841
3098.000000	-0.023740
3099.000000	-0.024528
3100.000000	-0.019411
3101.000000	-0.007244
3102.000000	0.009470
3103.000000	0.025720
3104.000000	0.030120
3105.000000	0.015490
3106.000000	-0.002157
3107.000000	-0.006818
3108.000000	-0.005740
3109.000000	-0.008800
3110.000000	-0.013159
3111.000000	-0.013875
3112.000000	-0.010326
3113.000000	-0.003544
3114.000000	0.003131
3115.000000	0.006518
3116.000000	0.006383
3117.000000	0.003542
3118.000000	0.000079
3119.000000	-0.002271
3120.000000	-0.004424
3121.000000	-0.007705
3122.000000	-0.012407
3123.000000	-0.017693
3124.000000	-0.019220
3125.000000	-0.013908
3126.000000	-0.007222
3127.000000	-0.004691
3128.000000	-0.003566
3129.000000	-0.000672
3130.000000	0.000575
3131.000000	-0.003418
3132.000000	-0.010373
3133.000000	-0.016611
3134.000000	-0.018717
3135.000000	-0.015204
3136.000000	-0.012043
3137.000000	-0.013860
3138.000000	-0.012439
3139.000000	-0.001422
3140.000000	0.005279
3141.000000	-0.004762
3142.000000	-0.017747
3143.000000	-0.018102
3144.000000	-0.009365
3145.000000	0.001184
3146.000000	0.010423
3147.000000	0.016417
3148.000000	0.017827
3149.000000	0.014025
3150.000000	0.006635
3151.000000	-0.001616
3152.000000	-0.005851
3153.000000	-0.002638
3154.000000	0.003537
3155.000000	0.006785
3156.000000	0.003542
3157.000000	-0.006214
3158.000000	-0.010658
3159.000000	-0.000113
3160.000000	0.014653
3161.000000	0.021332
3162.000000	0.021907
3163.000000	0.020635
3164.000000	0.016589
3165.000000	0.008815
3166.000000	0.001453
3167.000000	-0.000765
3168.000000	0.004179
3169.000000	0.014668
3170.000000	0.017274
3171.000000	0.002248
3172.000000	-0.013623
3173.000000	-0.013564
3174.000000	-0.007376
3175.000000	-0.006800
3176.000000	-0.004750
3177.000000	0.006249
3178.000000	0.016396
3179.000000	0.014580
3180.000000	0.001735
3181.000000	-0.016984
3182.000000	-0.031592
3183.000000	-0.034004
3184.000000	-0.028561
3185.000000	-0.022177
3186.000000	-0.019620
3187.000000	-0.021710
3188.000000	-0.015615
3189.000000	0.008446
3190.000000	0.034388
3191.000000	0.043349
3192.000000	0.031239
3193.000000	0.001791
3194.000000	-0.024724
3195.000000	-0.030064
3196.000000	-0.020628
3197.000000	-0.007273
3198.000000	0.005970
3199.000000	0.016883
3200.000000	0.023678
3201.000000	0.025232
3202.000000	0.022654
3203.000000	0.018432
3204.000000	0.018351
3205.000000	0.025830
3206.000000	0.031538
3207.000000	0.026586
3208.000000	0.016600
3209.000000	0.010155
3210.000000	0.013117
3211.000000	0.026896
3212.000000	0.037796
3213.000000	0.033249
3214.000000	0.020295
3215.000000	0.008993
3216.000000	0.001856
3217.000000	-0.001209
3218.000000	-0.003175
3219.000000	-0.006562
3220.000000	-0.009194
3221.000000	-0.008508
3222.000000	-0.005096
3223.000000	-0.000656
3224.000000	0.001856
3225.000000	0.001022
3226.000000	0.002841
3227.000000	0.011444
3228.000000	0.016080
3229.000000	0.007515
3230.000000	-0.002523
3231.000000	-0.001193
3232.000000	0.007829
3233.000000	0.017101
3234.000000	0.020641
3235.000000	0.015541
3236.000000	0.009725
3237.000000	0.011451
3238.000000	0.019480
3239.000000	0.029163
3240.000000	0.031719
3241.000000	0.021366
3242.000000	0.008449
3243.000000	0.003074
3244.000000	-0.001728
3245.000000	-0.012196
3246.000000	-0.014581
3247.000000	0.002560
3248.000000	0.021473
3249.000000	0.023427
3250.000000	0.014995
3251.000000	0.007773
3252.000000	0.008135
3253.000000	0.018143
3254.000000	0.027826
3255.000000	0.027365
3256.000000	0.019592
3257.000000	0.010829
3258.000000	0.008703
3259.000000	0.017388
3260.000000	0.025935
3261.000000	0.023973
3262.000000	0.018549
3263.000000	0.019282
3264.000000	0.028655
3265.000000	0.044566
3266.000000	0.053719
3267.000000	0.044670
3268.000000	0.024567
3269.000000	0.004529
3270.000000	-0.007038
3271.000000	-0.005846
3272.000000	-0.001350
3273.000000	-0.002565
3274.000000	-0.002988
3275.000000	0.005409
3276.000000	0.021249
3277.000000	0.039235
3278.000000	0.047789
3279.000000	0.040502
3280.000000	0.037918
3281.000000	0.057069
3282.000000	0.073980
3283.000000	0.064721
3284.000000	0.046535
3285.000000	0.041200
3286.000000	0.047450
3287.000000	0.057313
3288.000000	0.059024
3289.000000	0.045493
3290.000000	0.032111
3291.000000	0.034452
3292.000000	0.046323
3293.000000	0.057220
3294.000000	0.061143
3295.000000	0.055984
3296.000000	0.050691
3297.000000	0.053720
3298.000000	0.060486
3299.000000	0.064313
3300.000000	0.063184
3301.000000	0.057670
3302.000000	0.054021
3303.000000	0.057261
3304.000000	0.061829
3305.000000	0.061332
3306.000000	0.056625
3307.000000	0.050166
3308.000000	0.043566
3309.000000	0.037969
3310.000000	0.033499
3311.000000	0.031223
3312.000000	0.036996
3313.000000	0.055192
3314.000000	0.079475
3315.000000	0.100611
3316.000000	0.108491
3317.000000	0.096596
3318.000000	0.073635
3319.000000	0.051505
3320.000000	0.039622
3321.000000	0.043638
3322.000000	0.056623
3323.000000	0.068721
3324.000000	0.070963
3325.000000	0.059345
3326.000000	0.048839
3327.000000	0.053139
3328.000000	0.061854
3329.000000	0.062892
3330.000000	0.061454
3331.000000	0.064677
3332.000000	0.070155
3333.000000	0.073563
3334.000000	0.072432
3335.000000	0.066322
3336.000000	0.061054
3337.000000	0.061914
3338.000000	0.065786
3339.000000	0.067605
3340.000000	0.062909
3341.000000	0.050306
3342.000000	0.040076
3343.000000	0.041606
3344.000000	0.049049
3345.000000	0.053829
3346.000000	0.051681
3347.000000	0.042855
3348.000000	0.041361
3349.000000	0.058082
3350.000000	0.077642
3351.000000	0.082974
3352.000000	0.076499
3353.000000	0.065746
3354.000000	0.059183
3355.000000	0.061951
3356.000000	0.064942
3357.000000	0.058398
3358.000000	0.044219
3359.000000	0.028075
3360.000000	0.019047
3361.000000	0.023042
3362.000000	0.029853
3363.000000	0.029700
3364.000000	0.030606
3365.000000	0.040138
3366.000000	0.046219
3367.000000	0.038064
3368.000000	0.029696
3369.000000	0.035348
3370.000000	0.045274
3371.000000	0.046853
3372.000000	0.039931
3373.000000	0.028907
3374.000000	0.023916
3375.000000	0.032391
3376.000000	0.045229
3377.000000	0.051586
3378.000000	0.050204
3379.000000	0.043099
3380.000000	0.035815
3381.000000	0.032831
3382.000000	0.030842
3383.000000	0.026750
3384.000000	0.026062
3385.000000	0.034109
3386.000000	0.046903
3387.000000	0.057519
3388.000000	0.056593
3389.000000	0.039761
3390.000000	0.025091
3391.000000	0.027926
3392.000000	0.030264
3393.000000	0.014692
3394.000000	-0.000508
3395.000000	0.004751
3396.000000	0.022066
3397.000000	0.037484
3398.000000	0.043331
3399.000000	0.037211
3400.000000	0.031546
3401.000000	0.037701
3402.000000	0.047974
3403.000000	0.051462
3404.000000	0.043510
3405.000000	0.025176
3406.000000	0.014134
3407.000000	0.024894
3408.000000	0.042703
3409.000000	0.049473
3410.000000	0.043043
3411.000000	0.027410
3412.000000	0.015286
3413.000000	0.017012
3414.000000	0.024737
3415.000000	0.027794
3416.000000	0.022458
3417.000000	0.009767
3418.000000	0.002877
3419.000000	0.012896
3420.000000	0.030638
3421.000000	0.043155
3422.000000	0.042761
3423.000000	0.026409
3424.000000	0.004357
3425.000000	-0.011338
3426.000000	-0.014736
3427.000000	-0.003974
3428.000000	0.012625
3429.000000	0.025567
3430.000000	0.030880
3431.000000	0.027960
3432.000000	0.024166
3433.000000	0.026465
3434.000000	0.032284
3435.000000	0.036913
3436.000000	0.036634
3437.000000	0.029606
3438.000000	0.020504
3439.000000	0.014489
3440.000000	0.012134
3441.000000	0.012361
3442.000000	0.012067
3443.000000	0.009155
3444.000000	0.007571
3445.000000	0.010849
3446.000000	0.014831
3447.000000	0.014871
3448.000000	0.012058
3449.000000	0.009547
3450.000000	0.013023
3451.000000	0.025567
3452.000000	0.037327
3453.000000	0.037244
3454.000000	0.022377
3455.000000	-0.004492
3456.000000	-0.025797
3457.000000	-0.026087
3458.000000	-0.013161
3459.000000	0.000697
3460.000000	0.008503
3461.000000	0.007184
3462.000000	0.004011
3463.000000	0.006287
3464.000000	0.011110
3465.000000	0.013947
3466.000000	0.013952
3467.000000	0.010952
3468.000000	0.003768
3469.000000	-0.006764
3470.000000	-0.010748
3471.000000	-0.000630
3472.000000	0.012727
3473.000000	0.017020
3474.000000	0.012603
3475.000000	0.004527
3476.000000	0.003974
3477.000000	0.018393
3478.000000	0.034157
3479.000000	0.035884
3480.000000	0.022240
3481.000000	-0.000935
3482.000000	-0.013154
3483.000000	0.001004
3484.000000	0.022060
3485.000000	0.027758
3486.000000	0.019635
3487.000000	0.005749
3488.000000	-0.003544
3489.000000	-0.001804
3490.000000	-0.000537
3491.000000	-0.009534
3492.000000	-0.013762
3493.000000	0.000428
3494.000000	0.016337
3495.000000	0.016459
3496.000000	0.010409
3497.000000	0.010952
3498.000000	0.016333
3499.000000	0.021365
3500.000000	0.021655
3501.000000	0.014501
3502.000000	0.003186
3503.000000	-0.007411
3504.000000	-0.011996
3505.000000	-0.007109
3506.000000	0.002960
3507.000000	0.011596
3508.000000	0.010627
3509.000000	-0.003846
3510.000000	-0.017072
3511.000000	-0.015206
3512.000000	-0.006676
3513.000000	-0.002049
3514.000000	0.001839
3515.000000	0.008564
3516.000000	0.009621
3517.000000	-0.002377
3518.000000	-0.018260
3519.000000	-0.026619
3520.000000	-0.023634
3521.000000	-0.009591
3522.000000	0.006378
3523.000000	0.014392
3524.000000	0.010415
3525.000000	-0.004628
3526.000000	-0.015824
3527.000000	-0.010826
3528.000000	-0.001536
3529.000000	-0.001017
3530.000000	-0.002726
3531.000000	0.001796
3532.000000	0.009063
3533.000000	0.012938
3534.000000	0.008633
3535.000000	-0.003276
3536.000000	-0.002101
3537.000000	0.027055
3538.000000	0.055830
3539.000000	0.055033
3540.000000	0.035425
3541.000000	0.015411
3542.000000	0.004022
3543.000000	0.004141
3544.000000	0.003445
3545.000000	-0.008245
3546.000000	-0.017336
3547.000000	-0.010374
3548.000000	0.001754
3549.000000	0.005787
3550.000000	0.003316
3551.000000	-0.001252
3552.000000	-0.007081
3553.000000	-0.013495
3554.000000	-0.016872
3555.000000	-0.014534
3556.000000	-0.010512
3557.000000	-0.008784
3558.000000	-0.006389
3559.000000	-0.000675
3560.000000	0.002842
3561.000000	-0.001168
3562.000000	-0.009124
3563.000000	-0.014724
3564.000000	-0.009698
3565.000000	0.010293
3566.000000	0.031906
3567.000000	0.041041
3568.000000	0.038244
3569.000000	0.028353
3570.000000	0.018724
3571.000000	0.014932
3572.000000	0.012921
3573.000000	0.008316
3574.000000	0.005096
3575.000000	0.007080
3576.000000	0.009089
3577.000000	0.006386
3578.000000	0.005009
3579.000000	0.009701
3580.000000	0.009262
3581.000000	-0.004567
3582.000000	-0.012325
3583.000000	0.002948
3584.000000	0.020485
3585.000000	0.018793
3586.000000	0.011203
3587.000000	0.013657
3588.000000	0.017733
3589.000000	0.012361
3590.000000	0.000261
3591.000000	-0.011959
3592.000000	-0.015920
3593.000000	-0.006885
3594.000000	0.003556
3595.000000	0.003690
3596.000000	-0.002346
3597.000000	-0.007439
3598.000000	-0.008430
3599.000000	-0.003146
3600.000000	0.010585
