400.000000	0.010446
401.000000	0.000350
402.000000	-0.005464
403.000000	-0.007275
404.000000	-0.005364
405.000000	-0.000525
406.000000	0.004395
407.000000	0.006834
408.000000	0.007427
409.000000	0.007374
410.000000	0.006929
411.000000	0.005936
412.000000	0.003529
413.000000	-0.000865
414.000000	-0.005955
415.000000	-0.010056
416.000000	-0.011788
417.000000	-0.010212
418.000000	-0.005852
419.000000	0.000336
420.000000	0.007120
421.000000	0.013101
422.000000	0.016501
423.000000	0.016066
424.000000	0.013027
425.000000	0.009073
426.000000	0.005244
427.000000	0.002105
428.000000	-0.001041
429.000000	-0.004883
430.000000	-0.008822
431.000000	-0.011919
432.000000	-0.013177
433.000000	-0.012004
434.000000	-0.009492
435.000000	-0.006988
436.000000	-0.005175
437.000000	-0.004468
438.000000	-0.004875
439.000000	-0.006254
440.000000	-0.008261
441.000000	-0.010473
442.000000	-0.012362
443.000000	-0.013075
444.000000	-0.010563
445.000000	-0.003403
446.000000	0.006141
447.000000	0.014476
448.000000	0.016390
449.000000	0.008541
450.000000	-0.003310
451.000000	-0.012162
452.000000	-0.015164
453.000000	-0.011977
454.000000	-0.008163
455.000000	-0.009175
456.000000	-0.014115
457.000000	-0.020445
458.000000	-0.025416
459.000000	-0.026779
460.000000	-0.024502
461.000000	-0.019357
462.000000	-0.013104
463.000000	-0.008137
464.000000	-0.008379
465.000000	-0.016075
466.000000	-0.025209
467.000000	-0.028627
468.000000	-0.022868
469.000000	-0.007713
470.000000	0.007782
471.000000	0.014661
472.000000	0.013642
473.000000	0.008268
474.000000	0.003713
475.000000	0.004205
476.000000	0.008561
477.000000	0.014340
478.000000	0.019471
479.000000	0.021674
480.000000	0.017448
481.000000	0.005049
482.000000	-0.009032
483.000000	-0.016980
484.000000	-0.013938
485.000000	0.001137
486.000000	0.016973
487.000000	0.022206
488.000000	0.017408
489.000000	0.007039
490.000000	-0.000836
491.000000	-0.000040
492.000000	0.004448
493.000000	0.006041
494.000000	0.002874
495.000000	-0.004399
496.000000	-0.009766
497.000000	-0.007833
498.000000	-0.001023
499.000000	0.006435
500.000000	0.010914
501.000000	0.010438
502.000000	0.009023
503.000000	0.010903
504.000000	0.015187
505.000000	0.019168
506.000000	0.017988
507.000000	0.008478
508.000000	-0.003622
509.000000	-0.011415
510.000000	-0.012270
511.000000	-0.006169
512.000000	0.000717
513.000000	0.002410
514.000000	-0.000120
515.000000	-0.004132
516.000000	-0.006759
517.000000	-0.005620
518.000000	-0.000405
519.000000	0.008246
520.000000	0.017968
521.000000	0.025562
522.000000	0.026232
523.000000	0.017247
524.000000	0.005735
525.000000	-0.000009
526.000000	0.003131
527.000000	0.014670
528.000000	0.024900
529.000000	0.024806
530.000000	0.017370
531.000000	0.008602
532.000000	0.004626
533.000000	0.009237
534.000000	0.016796
535.000000	0.020779
536.000000	0.020564
537.000000	0.017722
538.000000	0.016691
539.000000	0.020974
540.000000	0.027453
541.000000	0.031918
542.000000	0.032403
543.000000	0.028354
544.000000	0.022604
545.000000	0.018214
546.000000	0.015757
547.000000	0.015099
548.000000	0.015776
549.000000	0.017054
550.000000	0.017445
551.000000	0.015595
552.000000	0.011423
553.000000	0.005319
554.000000	-0.001730
555.000000	-0.008345
556.000000	-0.012172
557.000000	-0.011146
558.000000	-0.005327
559.000000	0.003614
560.000000	0.009697
561.000000	0.007807
562.000000	0.000613
563.000000	-0.007318
564.000000	-0.011615
565.000000	-0.009678
566.000000	-0.005794
567.000000	-0.004778
568.000000	-0.006661
569.000000	-0.009471
570.000000	-0.008000
571.000000	0.000932
572.000000	0.009169
573.000000	0.008911
574.000000	0.005137
575.000000	0.003690
576.000000	0.001105
577.000000	-0.006249
578.000000	-0.013341
579.000000	-0.014273
580.000000	-0.008337
581.000000	0.002556
582.000000	0.011200
583.000000	0.010998
584.000000	0.003090
585.000000	-0.008702
586.000000	-0.017568
587.000000	-0.018165
588.000000	-0.014003
589.000000	-0.009993
590.000000	-0.007793
591.000000	-0.007357
592.000000	-0.005089
593.000000	0.001660
594.000000	0.008185
595.000000	0.008646
596.000000	0.000018
597.000000	-0.017284
598.000000	-0.031890
599.000000	-0.032778
600.000000	-0.021256
601.000000	-0.002411
602.000000	0.015903
603.000000	0.026701
604.000000	0.029252
605.000000	0.024718
606.000000	0.015581
607.000000	0.005267
608.000000	-0.000335
609.000000	0.003076
610.000000	0.011000
611.000000	0.017328
612.000000	0.018317
613.000000	0.012012
614.000000	0.001232
615.000000	-0.010294
616.000000	-0.019978
617.000000	-0.025654
618.000000	-0.025722
619.000000	-0.019866
620.000000	-0.012360
621.000000	-0.007632
622.000000	-0.006145
623.000000	-0.006875
624.000000	-0.006816
625.000000	-0.003356
626.000000	0.002565
627.000000	0.009126
628.000000	0.014545
629.000000	0.016764
630.000000	0.012576
631.000000	0.000120
632.000000	-0.015939
633.000000	-0.029611
634.000000	-0.036132
635.000000	-0.032419
636.000000	-0.020888
637.000000	-0.005368
638.000000	0.010167
639.000000	0.021690
640.000000	0.025096
641.000000	0.018604
642.000000	0.009804
643.000000	0.006817
644.000000	0.010529
645.000000	0.018482
646.000000	0.022092
647.000000	0.014220
648.000000	-0.000374
649.000000	-0.014586
650.000000	-0.023831
651.000000	-0.025148
652.000000	-0.019546
653.000000	-0.009396
654.000000	0.001454
655.000000	0.008960
656.000000	0.009776
657.000000	0.002343
658.000000	-0.008453
659.000000	-0.016952
660.000000	-0.020852
661.000000	-0.018953
662.000000	-0.011122
663.000000	0.001502
664.000000	0.013738
665.000000	0.020483
666.000000	0.020975
667.000000	0.016913
668.000000	0.015494
669.000000	0.022428
670.000000	0.031973
671.000000	0.036415
672.000000	0.031592
673.000000	0.016830
674.000000	0.001848
675.000000	-0.003648
676.000000	-0.000412
677.000000	0.007884
678.000000	0.016341
679.000000	0.020527
680.000000	0.019089
681.000000	0.012041
682.000000	0.001770
683.000000	-0.008293
684.000000	-0.012927
685.000000	-0.008755
686.000000	-0.001579
687.000000	0.001717
688.000000	-0.000888
689.000000	-0.008835
690.000000	-0.016102
691.000000	-0.016956
692.000000	-0.012289
693.000000	-0.004571
694.000000	0.004047
695.000000	0.011836
696.000000	0.018441
697.000000	0.023690
698.000000	0.026759
699.000000	0.026740
700.000000	0.023044
701.000000	0.015510
702.000000	0.005369
703.000000	-0.005667
704.000000	-0.015353
705.000000	-0.021208
706.000000	-0.020354
707.000000	-0.011519
708.000000	-0.000271
709.000000	0.007187
710.000000	0.008936
711.000000	0.005332
712.000000	0.001539
713.000000	0.002167
714.000000	0.004806
715.000000	0.005751
716.000000	0.003150
717.000000	-0.003092
718.000000	-0.007890
719.000000	-0.006538
720.000000	-0.001040
721.000000	0.004945
722.000000	0.007841
723.000000	0.005974
724.000000	0.005206
725.000000	0.011383
726.000000	0.022767
727.000000	0.035093
728.000000	0.041584
729.000000	0.037476
730.000000	0.028562
731.000000	0.022031
732.000000	0.020102
733.000000	0.022802
734.000000	0.026359
735.000000	0.027431
736.000000	0.028191
737.000000	0.031726
738.000000	0.039257
739.000000	0.050834
740.000000	0.063689
741.000000	0.074756
742.000000	0.082584
743.000000	0.086412
744.000000	0.086630
745.000000	0.085468
746.000000	0.091372
747.000000	0.111177
748.000000	0.139059
749.000000	0.165559
750.000000	0.179339
751.000000	0.172669
752.000000	0.154140
753.000000	0.134644
754.000000	0.117943
755.000000	0.105270
756.000000	0.094860
757.000000	0.084710
758.000000	0.074870
759.000000	0.065878
760.000000	0.058182
761.000000	0.052340
762.000000	0.049445
763.000000	0.049921
764.000000	0.050971
765.000000	0.049365
766.000000	0.043374
767.000000	0.032297
768.000000	0.018048
769.000000	0.003533
770.000000	-0.006996
771.000000	-0.009405
772.000000	-0.001376
773.000000	0.016174
774.000000	0.031204
775.000000	0.032531
776.000000	0.023535
777.000000	0.012008
778.000000	0.008826
779.000000	0.020839
780.000000	0.035703
781.000000	0.039661
782.000000	0.032488
783.000000	0.019178
784.000000	0.012059
785.000000	0.020635
786.000000	0.035766
787.000000	0.045571
788.000000	0.045833
789.000000	0.036069
790.000000	0.023060
791.000000	0.013961
792.000000	0.010159
793.000000	0.011393
794.000000	0.016564
795.000000	0.023766
796.000000	0.028694
797.000000	0.027677
798.000000	0.021984
799.000000	0.014114
800.000000	0.006541
801.000000	0.001080
802.000000	-0.003071
803.000000	-0.006963
804.000000	-0.010038
805.000000	-0.011345
806.000000	-0.009958
807.000000	-0.005759
808.000000	-0.001835
809.000000	-0.001136
810.000000	-0.002872
811.000000	-0.004883
812.000000	-0.003267
813.000000	0.004100
814.000000	0.010482
815.000000	0.008896
816.000000	0.000237
817.000000	-0.010881
818.000000	-0.012849
819.000000	0.003002
820.000000	0.026576
821.000000	0.044863
822.000000	0.051972
823.000000	0.046215
824.000000	0.035596
825.000000	0.028465
826.000000	0.024857
827.000000	0.022920
828.000000	0.021576
829.000000	0.020692
830.000000	0.023151
831.000000	0.031094
832.000000	0.040688
833.000000	0.046873
834.000000	0.045671
835.000000	0.035534
836.000000	0.023553
837.000000	0.017085
838.000000	0.015910
839.000000	0.017583
840.000000	0.018335
841.000000	0.015496
842.000000	0.012126
843.000000	0.011780
844.000000	0.014263
845.000000	0.018102
846.000000	0.020446
847.000000	0.019193
848.000000	0.016596
849.000000	0.015460
850.000000	0.016432
851.000000	0.019260
852.000000	0.022245
853.000000	0.023836
854.000000	0.024528
855.000000	0.025193
856.000000	0.026177
857.000000	0.027586
858.000000	0.029101
859.000000	0.030234
860.000000	0.030257
861.000000	0.028513
862.000000	0.024879
863.000000	0.019532
864.000000	0.013318
865.000000	0.007532
866.000000	0.004604
867.000000	0.006837
868.000000	0.014905
869.000000	0.027453
870.000000	0.036650
871.000000	0.035582
872.000000	0.027478
873.000000	0.018106
874.000000	0.013248
875.000000	0.016262
876.000000	0.020795
877.000000	0.019695
878.000000	0.012340
879.000000	0.000148
880.000000	-0.013828
881.000000	-0.026068
882.000000	-0.032825
883.000000	-0.031069
884.000000	-0.020865
885.000000	-0.003456
886.000000	0.018289
887.000000	0.040139
888.000000	0.054036
889.000000	0.053122
890.000000	0.039161
891.000000	0.017688
892.000000	0.000693
893.000000	-0.001901
894.000000	0.005099
895.000000	0.014134
896.000000	0.021377
897.000000	0.024637
898.000000	0.024537
899.000000	0.022552
900.000000	0.020760
901.000000	0.020974
902.000000	0.023342
903.000000	0.026692
904.000000	0.026225
905.000000	0.018495
906.000000	0.009107
907.000000	0.005001
908.000000	0.009418
909.000000	0.022245
910.000000	0.033644
911.000000	0.034658
912.000000	0.029585
913.000000	0.025564
914.000000	0.027850
915.000000	0.038899
916.000000	0.051864
917.000000	0.059185
918.000000	0.059772
919.000000	0.054429
920.000000	0.045081
921.000000	0.034408
922.000000	0.026990
923.000000	0.026598
924.000000	0.031879
925.000000	0.039963
926.000000	0.047041
927.000000	0.049743
928.000000	0.047386
929.000000	0.040456
930.000000	0.031412
931.000000	0.023321
932.000000	0.019702
933.000000	0.022746
934.000000	0.028862
935.000000	0.033613
936.000000	0.034949
937.000000	0.031678
938.000000	0.023660
939.000000	0.011927
940.000000	0.001147
941.000000	-0.003959
942.000000	-0.002093
943.000000	0.006653
944.000000	0.020044
945.000000	0.035030
946.000000	0.047428
947.000000	0.053660
948.000000	0.053699
949.000000	0.049300
950.000000	0.045793
951.000000	0.047331
952.000000	0.049785
953.000000	0.048006
954.000000	0.041057
955.000000	0.030200
956.000000	0.021274
957.000000	0.019528
958.000000	0.023263
959.000000	0.029275
960.000000	0.035285
961.000000	0.039476
962.000000	0.040965
963.000000	0.039511
964.000000	0.036511
965.000000	0.033562
966.000000	0.031410
967.000000	0.030000
968.000000	0.026907
969.000000	0.020428
970.000000	0.014115
971.000000	0.012235
972.000000	0.016661
973.000000	0.026959
974.000000	0.035867
975.000000	0.036992
976.000000	0.034253
977.000000	0.033634
978.000000	0.039069
979.000000	0.051823
980.000000	0.064540
981.000000	0.069895
982.000000	0.069302
983.000000	0.066272
984.000000	0.063971
985.000000	0.064205
986.000000	0.063697
987.000000	0.059156
988.000000	0.052318
989.000000	0.046127
990.000000	0.043341
991.000000	0.045749
992.000000	0.051454
993.000000	0.058089
994.000000	0.065105
995.000000	0.072431
996.000000	0.080083
997.000000	0.087593
998.000000	0.092475
999.000000	0.092899
1000.000000	0.091689
1001.000000	0.092790
1002.000000	0.099987
1003.000000	0.114498
1004.000000	0.127421
1005.000000	0.129879
1006.000000	0.123200
1007.000000	0.111741
1008.000000	0.101774
1009.000000	0.097743
1010.000000	0.094865
1011.000000	0.087417
1012.000000	0.075155
1013.000000	0.059538
1014.000000	0.043375
1015.000000	0.030017
1016.000000	0.023650
1017.000000	0.026950
1018.000000	0.035728
1019.000000	0.043602
1020.000000	0.042292
1021.000000	0.027284
1022.000000	0.011014
1023.000000	0.006801
1024.000000	0.014535
1025.000000	0.029539
1026.000000	0.042295
1027.000000	0.045048
1028.000000	0.041928
1029.000000	0.038838
1030.000000	0.036871
1031.000000	0.035502
1032.000000	0.032539
1033.000000	0.026728
1034.000000	0.022233
1035.000000	0.023040
1036.000000	0.027009
1037.000000	0.029743
1038.000000	0.023959
1039.000000	0.006190
1040.000000	-0.008866
1041.000000	-0.006256
1042.000000	0.011833
1043.000000	0.036684
1044.000000	0.050605
1045.000000	0.040727
1046.000000	0.022446
1047.000000	0.014270
1048.000000	0.018901
1049.000000	0.033017
1050.000000	0.045013
1051.000000	0.045408
1052.000000	0.041499
1053.000000	0.042514
1054.000000	0.048624
1055.000000	0.056594
1056.000000	0.058613
1057.000000	0.048677
1058.000000	0.032599
1059.000000	0.018183
1060.000000	0.009396
1061.000000	0.008669
1062.000000	0.016143
1063.000000	0.030991
1064.000000	0.050821
1065.000000	0.072686
1066.000000	0.093000
1067.000000	0.108002
1068.000000	0.113867
1069.000000	0.108273
1070.000000	0.094963
1071.000000	0.078922
1072.000000	0.064045
1073.000000	0.053815
1074.000000	0.051168
1075.000000	0.057180
1076.000000	0.066022
1077.000000	0.071733
1078.000000	0.074724
1079.000000	0.078040
1080.000000	0.088892
1081.000000	0.111151
1082.000000	0.131176
1083.000000	0.134585
1084.000000	0.121541
1085.000000	0.097951
1086.000000	0.078143
1087.000000	0.074217
1088.000000	0.080945
1089.000000	0.089806
1090.000000	0.096444
1091.000000	0.098000
1092.000000	0.093444
1093.000000	0.082867
1094.000000	0.069011
1095.000000	0.055136
1096.000000	0.043920
1097.000000	0.037722
1098.000000	0.038196
1099.000000	0.045884
1100.000000	0.057578
1101.000000	0.069262
1102.000000	0.077431
1103.000000	0.078842
1104.000000	0.070795
1105.000000	0.053558
1106.000000	0.038721
1107.000000	0.037619
1108.000000	0.049232
1109.000000	0.068086
1110.000000	0.083255
1111.000000	0.086005
1112.000000	0.081820
1113.000000	0.078492
1114.000000	0.078835
1115.000000	0.083988
1116.000000	0.093379
1117.000000	0.104792
1118.000000	0.111149
1119.000000	0.106547
1120.000000	0.094659
1121.000000	0.082272
1122.000000	0.079070
1123.000000	0.091439
1124.000000	0.109677
1125.000000	0.122952
1126.000000	0.131993
1127.000000	0.140948
1128.000000	0.156065
1129.000000	0.180224
1130.000000	0.200727
1131.000000	0.204163
1132.000000	0.189859
1133.000000	0.161280
1134.000000	0.125703
1135.000000	0.091515
1136.000000	0.067725
1137.000000	0.061034
1138.000000	0.068300
1139.000000	0.083381
1140.000000	0.097980
1141.000000	0.104497
1142.000000	0.100281
1143.000000	0.085242
1144.000000	0.064578
1145.000000	0.044710
1146.000000	0.031669
1147.000000	0.028786
1148.000000	0.029000
1149.000000	0.024846
1150.000000	0.017654
1151.000000	0.010976
1152.000000	0.008475
1153.000000	0.012842
1154.000000	0.022774
1155.000000	0.035545
1156.000000	0.046723
1157.000000	0.051986
1158.000000	0.049152
1159.000000	0.038643
1160.000000	0.029161
1161.000000	0.028871
1162.000000	0.035507
1163.000000	0.044307
1164.000000	0.050942
1165.000000	0.051772
1166.000000	0.045464
1167.000000	0.032987
1168.000000	0.022200
1169.000000	0.021305
1170.000000	0.032979
1171.000000	0.055102
1172.000000	0.071897
1173.000000	0.069794
1174.000000	0.057705
1175.000000	0.048321
1176.000000	0.046954
1177.000000	0.053594
1178.000000	0.054330
1179.000000	0.037224
1180.000000	0.012136
1181.000000	-0.007452
1182.000000	-0.015354
1183.000000	-0.009421
1184.000000	0.003655
1185.000000	0.016103
1186.000000	0.024681
1187.000000	0.027564
1188.000000	0.024072
1189.000000	0.014124
1190.000000	-0.001091
1191.000000	-0.018895
1192.000000	-0.031903
1193.000000	-0.033398
1194.000000	-0.024025
1195.000000	-0.007617
1196.000000	0.006599
1197.000000	0.010794
1198.000000	0.008108
1199.000000	0.003763
1200.000000	0.000337
1201.000000	-0.000529
1202.000000	0.001714
1203.000000	0.006861
1204.000000	0.012799
1205.000000	0.017550
1206.000000	0.021583
1207.000000	0.026142
1208.000000	0.033115
1209.000000	0.042632
1210.000000	0.047151
1211.000000	0.040236
1212.000000	0.027537
1213.000000	0.017848
1214.000000	0.020454
1215.000000	0.040231
1216.000000	0.063916
1217.000000	0.077145
1218.000000	0.079291
1219.000000	0.073589
1220.000000	0.064993
1221.000000	0.058015
1222.000000	0.053672
1223.000000	0.052006
1224.000000	0.052642
1225.000000	0.055096
1226.000000	0.058871
1227.000000	0.063930
1228.000000	0.072103
1229.000000	0.084260
1230.000000	0.095569
1231.000000	0.100608
1232.000000	0.097297
1233.000000	0.086213
1234.000000	0.075235
1235.000000	0.071499
1236.000000	0.071880
1237.000000	0.071482
1238.000000	0.068580
1239.000000	0.063505
1240.000000	0.061621
1241.000000	0.066632
1242.000000	0.070554
1243.000000	0.064898
1244.000000	0.050852
1245.000000	0.034163
1246.000000	0.029148
1247.000000	0.045744
1248.000000	0.067800
1249.000000	0.076750
1250.000000	0.070446
1251.000000	0.053003
1252.000000	0.037172
1253.000000	0.033681
1254.000000	0.036526
1255.000000	0.037403
1256.000000	0.035526
1257.000000	0.032405
1258.000000	0.031217
1259.000000	0.034289
1260.000000	0.038877
1261.000000	0.041641
1262.000000	0.041936
1263.000000	0.039927
1264.000000	0.036343
1265.000000	0.032004
1266.000000	0.027548
1267.000000	0.023582
1268.000000	0.020774
1269.000000	0.019778
1270.000000	0.021141
1271.000000	0.025532
1272.000000	0.034222
1273.000000	0.047511
1274.000000	0.061214
1275.000000	0.070624
1276.000000	0.073419
1277.000000	0.069141
1278.000000	0.062407
1279.000000	0.057469
1280.000000	0.052054
1281.000000	0.043107
1282.000000	0.030965
1283.000000	0.017763
1284.000000	0.009441
1285.000000	0.010653
1286.000000	0.017092
1287.000000	0.023247
1288.000000	0.027744
1289.000000	0.030920
1290.000000	0.035816
1291.000000	0.044398
1292.000000	0.051638
1293.000000	0.052542
1294.000000	0.049236
1295.000000	0.046041
1296.000000	0.048935
1297.000000	0.062347
1298.000000	0.082841
1299.000000	0.105228
1300.000000	0.125162
1301.000000	0.138955
1302.000000	0.144718
1303.000000	0.143030
1304.000000	0.142540
1305.000000	0.151080
1306.000000	0.165144
1307.000000	0.178711
1308.000000	0.187051
1309.000000	0.187237
1310.000000	0.182260
1311.000000	0.176297
1312.000000	0.172338
1313.000000	0.172397
1314.000000	0.175756
1315.000000	0.180044
1316.000000	0.179004
1317.000000	0.167452
1318.000000	0.148393
1319.000000	0.126783
1320.000000	0.107204
1321.000000	0.094012
1322.000000	0.091038
1323.000000	0.099663
1324.000000	0.111994
1325.000000	0.119583
1326.000000	0.121030
1327.000000	0.117434
1328.000000	0.112844
1329.000000	0.111602
1330.000000	0.116270
1331.000000	0.127840
1332.000000	0.142813
1333.000000	0.156620
1334.000000	0.164901
1335.000000	0.164772
1336.000000	0.159046
1337.000000	0.151668
1338.000000	0.145397
1339.000000	0.142277
1340.000000	0.142662
1341.000000	0.145392
1342.000000	0.144949
1343.000000	0.137200
1344.000000	0.127918
1345.000000	0.123869
1346.000000	0.125881
1347.000000	0.131508
1348.000000	0.131155
1349.000000	0.117129
1350.000000	0.096495
1351.000000	0.078742
1352.000000	0.068305
1353.000000	0.067546
1354.000000	0.075580
1355.000000	0.089928
1356.000000	0.104975
1357.000000	0.115409
1358.000000	0.120253
1359.000000	0.120017
1360.000000	0.116810
1361.000000	0.113610
1362.000000	0.115257
1363.000000	0.124383
1364.000000	0.132922
1365.000000	0.131433
1366.000000	0.115677
1367.000000	0.087635
1368.000000	0.068960
1369.000000	0.077865
1370.000000	0.099136
1371.000000	0.112257
1372.000000	0.108931
1373.000000	0.088515
1374.000000	0.068756
1375.000000	0.065490
1376.000000	0.068522
1377.000000	0.064400
1378.000000	0.052669
1379.000000	0.037859
1380.000000	0.031448
1381.000000	0.041711
1382.000000	0.057159
1383.000000	0.064735
1384.000000	0.064861
1385.000000	0.061846
1386.000000	0.062057
1387.000000	0.069375
1388.000000	0.075665
1389.000000	0.072770
1390.000000	0.064465
1391.000000	0.057046
1392.000000	0.054965
1393.000000	0.060154
1394.000000	0.066319
1395.000000	0.067371
1396.000000	0.066276
1397.000000	0.067340
1398.000000	0.071168
1399.000000	0.076355
1400.000000	0.077147
1401.000000	0.069104
1402.000000	0.057391
1403.000000	0.048239
1404.000000	0.042529
1405.000000	0.039220
1406.000000	0.034921
1407.000000	0.026862
1408.000000	0.017094
1409.000000	0.008422
1410.000000	0.001854
1411.000000	-0.002192
1412.000000	-0.003865
1413.000000	-0.003658
1414.000000	-0.002876
1415.000000	-0.002593
1416.000000	-0.002162
1417.000000	-0.000595
1418.000000	0.002731
1419.000000	0.008209
1420.000000	0.015676
1421.000000	0.024132
1422.000000	0.029794
1423.000000	0.029334
1424.000000	0.024016
1425.000000	0.017031
1426.000000	0.014680
1427.000000	0.021721
1428.000000	0.033624
1429.000000	0.044443
1430.000000	0.051842
1431.000000	0.054761
1432.000000	0.053632
1433.000000	0.049671
1434.000000	0.045725
1435.000000	0.044380
1436.000000	0.045539
1437.000000	0.048417
1438.000000	0.052173
1439.000000	0.056234
1440.000000	0.061161
1441.000000	0.067339
1442.000000	0.073304
1443.000000	0.077652
1444.000000	0.081058
1445.000000	0.085137
1446.000000	0.093196
1447.000000	0.107179
1448.000000	0.121881
1449.000000	0.131389
1450.000000	0.134094
1451.000000	0.130001
1452.000000	0.121255
1453.000000	0.110826
1454.000000	0.102843
1455.000000	0.100973
1456.000000	0.105871
1457.000000	0.116980
1458.000000	0.131910
1459.000000	0.147335
1460.000000	0.158020
1461.000000	0.159285
1462.000000	0.150592
1463.000000	0.133055
1464.000000	0.110260
1465.000000	0.086822
1466.000000	0.068996
1467.000000	0.061576
1468.000000	0.061883
1469.000000	0.065704
1470.000000	0.070175
1471.000000	0.073012
1472.000000	0.072918
1473.000000	0.069762
1474.000000	0.067096
1475.000000	0.067987
1476.000000	0.069893
1477.000000	0.069299
1478.000000	0.064414
1479.000000	0.055181
1480.000000	0.046755
1481.000000	0.044057
1482.000000	0.045854
1483.000000	0.049245
1484.000000	0.050823
1485.000000	0.047018
1486.000000	0.034123
1487.000000	0.012118
1488.000000	-0.004119
1489.000000	-0.000727
1490.000000	0.017185
1491.000000	0.039083
1492.000000	0.051709
1493.000000	0.045579
1494.000000	0.029017
1495.000000	0.012772
1496.000000	-0.000521
1497.000000	-0.010379
1498.000000	-0.016810
1499.000000	-0.019932
1500.000000	-0.019819
1501.000000	-0.017141
1502.000000	-0.014997
1503.000000	-0.016187
1504.000000	-0.019894
1505.000000	-0.023941
1506.000000	-0.024337
1507.000000	-0.018607
1508.000000	-0.012142
1509.000000	-0.010728
1510.000000	-0.013857
1511.000000	-0.019260
1512.000000	-0.023931
1513.000000	-0.025183
1514.000000	-0.022349
1515.000000	-0.015795
1516.000000	-0.008009
1517.000000	-0.001502
1518.000000	0.003239
1519.000000	0.006971
1520.000000	0.013396
1521.000000	0.024531
1522.000000	0.032701
1523.000000	0.030375
1524.000000	0.020296
1525.000000	0.008338
1526.000000	0.002632
1527.000000	0.008660
1528.000000	0.019048
1529.000000	0.025234
1530.000000	0.026747
1531.000000	0.025201
1532.000000	0.022460
1533.000000	0.020046
1534.000000	0.017872
1535.000000	0.016120
1536.000000	0.017655
1537.000000	0.024902
1538.000000	0.035853
1539.000000	0.046879
1540.000000	0.052295
1541.000000	0.048464
1542.000000	0.041998
1543.000000	0.040371
1544.000000	0.044247
1545.000000	0.052308
1546.000000	0.062117
1547.000000	0.071412
1548.000000	0.079756
1549.000000	0.086855
1550.000000	0.091164
1551.000000	0.091483
1552.000000	0.089232
1553.000000	0.087018
1554.000000	0.089585
1555.000000	0.099984
1556.000000	0.112365
1557.000000	0.120081
1558.000000	0.122197
1559.000000	0.119570
1560.000000	0.114526
1561.000000	0.109168
1562.000000	0.103247
1563.000000	0.096123
1564.000000	0.087947
1565.000000	0.079540
1566.000000	0.073613
1567.000000	0.074017
1568.000000	0.087272
1569.000000	0.116258
1570.000000	0.146621
1571.000000	0.163165
1572.000000	0.164548
1573.000000	0.154292
1574.000000	0.141518
1575.000000	0.134951
1576.000000	0.136137
1577.000000	0.144394
1578.000000	0.157296
1579.000000	0.172139
1580.000000	0.186856
1581.000000	0.200180
1582.000000	0.213410
1583.000000	0.227469
1584.000000	0.239210
1585.000000	0.244819
1586.000000	0.241897
1587.000000	0.228896
1588.000000	0.206261
1589.000000	0.177093
1590.000000	0.153136
1591.000000	0.144796
1592.000000	0.148489
1593.000000	0.157043
1594.000000	0.162924
1595.000000	0.159444
1596.000000	0.143655
1597.000000	0.116768
1598.000000	0.092884
1599.000000	0.085862
1600.000000	0.095716
1601.000000	0.117019
1602.000000	0.136432
1603.000000	0.143139
1604.000000	0.144337
1605.000000	0.148801
1606.000000	0.153622
1607.000000	0.153524
1608.000000	0.145451
1609.000000	0.128870
1610.000000	0.111109
1611.000000	0.099743
1612.000000	0.095477
1613.000000	0.097057
1614.000000	0.102263
1615.000000	0.108540
1616.000000	0.112956
1617.000000	0.113102
1618.000000	0.109041
1619.000000	0.101691
1620.000000	0.092915
1621.000000	0.084754
1622.000000	0.079024
1623.000000	0.077375
1624.000000	0.081013
1625.000000	0.089485
1626.000000	0.096153
1627.000000	0.094642
1628.000000	0.085805
1629.000000	0.073270
1630.000000	0.064543
1631.000000	0.065676
1632.000000	0.073042
1633.000000	0.081456
1634.000000	0.089193
1635.000000	0.095466
1636.000000	0.099781
1637.000000	0.101579
1638.000000	0.099738
1639.000000	0.094201
1640.000000	0.089738
1641.000000	0.090973
1642.000000	0.097137
1643.000000	0.105514
1644.000000	0.111006
1645.000000	0.109776
1646.000000	0.105409
1647.000000	0.102280
1648.000000	0.100510
1649.000000	0.099209
1650.000000	0.097702
1651.000000	0.095618
1652.000000	0.093573
1653.000000	0.092601
1654.000000	0.094417
1655.000000	0.100158
1656.000000	0.107980
1657.000000	0.115134
1658.000000	0.118237
1659.000000	0.114617
1660.000000	0.105072
1661.000000	0.091978
1662.000000	0.080539
1663.000000	0.075823
1664.000000	0.079512
1665.000000	0.091195
1666.000000	0.105455
1667.000000	0.116404
1668.000000	0.121260
1669.000000	0.118864
1670.000000	0.111451
1671.000000	0.102264
1672.000000	0.095197
1673.000000	0.093115
1674.000000	0.094123
1675.000000	0.096121
1676.000000	0.100934
1677.000000	0.110421
1678.000000	0.122636
1679.000000	0.133909
1680.000000	0.137480
1681.000000	0.128113
1682.000000	0.109756
1683.000000	0.088596
1684.000000	0.070594
1685.000000	0.060847
1686.000000	0.061215
1687.000000	0.070596
1688.000000	0.079275
1689.000000	0.078468
1690.000000	0.071725
1691.000000	0.064838
1692.000000	0.060218
1693.000000	0.058842
1694.000000	0.059321
1695.000000	0.058870
1696.000000	0.051492
1697.000000	0.034163
1698.000000	0.018980
1699.000000	0.017205
1700.000000	0.021659
1701.000000	0.023102
1702.000000	0.022506
1703.000000	0.022654
1704.000000	0.023354
1705.000000	0.023864
1706.000000	0.024202
1707.000000	0.024557
1708.000000	0.025050
1709.000000	0.025662
1710.000000	0.025897
1711.000000	0.025637
1712.000000	0.026745
1713.000000	0.029717
1714.000000	0.027593
1715.000000	0.014956
1716.000000	0.000017
1717.000000	-0.008469
1718.000000	-0.013209
1719.000000	-0.018214
1720.000000	-0.021240
1721.000000	-0.019276
1722.000000	-0.012491
1723.000000	-0.003090
1724.000000	0.001748
1725.000000	-0.003599
1726.000000	-0.013559
1727.000000	-0.020883
1728.000000	-0.022800
1729.000000	-0.018497
1730.000000	-0.010510
1731.000000	-0.001416
1732.000000	0.009378
1733.000000	0.022037
1734.000000	0.031835
1735.000000	0.033884
1736.000000	0.027536
1737.000000	0.014790
1738.000000	0.003996
1739.000000	0.002355
1740.000000	0.006120
1741.000000	0.009632
1742.000000	0.010520
1743.000000	0.007646
1744.000000	0.001518
1745.000000	-0.006477
1746.000000	-0.013087
1747.000000	-0.015759
1748.000000	-0.016611
1749.000000	-0.018300
1750.000000	-0.020978
1751.000000	-0.023765
1752.000000	-0.024145
1753.000000	-0.020335
1754.000000	-0.015115
1755.000000	-0.011594
1756.000000	-0.009642
1757.000000	-0.008312
1758.000000	-0.006621
1759.000000	-0.003634
1760.000000	0.001351
1761.000000	0.007503
1762.000000	0.008084
1763.000000	-0.002403
1764.000000	-0.018576
1765.000000	-0.032420
1766.000000	-0.036262
1767.000000	-0.026007
1768.000000	-0.011543
1769.000000	-0.003529
1770.000000	-0.001731
1771.000000	-0.003277
1772.000000	-0.005642
1773.000000	-0.006612
1774.000000	-0.004887
1775.000000	0.000101
1776.000000	0.006889
1777.000000	0.013352
1778.000000	0.016742
1779.000000	0.014846
1780.000000	0.008216
1781.000000	-0.001096
1782.000000	-0.007806
1783.000000	-0.007416
1784.000000	-0.001802
1785.000000	0.005386
1786.000000	0.009770
1787.000000	0.007489
1788.000000	-0.002515
1789.000000	-0.018800
1790.000000	-0.032729
1791.000000	-0.036205
1792.000000	-0.030493
1793.000000	-0.019271
1794.000000	-0.006515
1795.000000	0.003980
1796.000000	0.009428
1797.000000	0.008034
1798.000000	0.000958
1799.000000	-0.009055
1800.000000	-0.015860
1801.000000	-0.013983
1802.000000	-0.004024
1803.000000	0.010481
1804.000000	0.020333
1805.000000	0.018475
1806.000000	0.012091
1807.000000	0.009728
1808.000000	0.011135
1809.000000	0.013769
1810.000000	0.014700
1811.000000	0.011563
1812.000000	0.004627
1813.000000	-0.004760
1814.000000	-0.013582
1815.000000	-0.018836
1816.000000	-0.019246
1817.000000	-0.014417
1818.000000	-0.005763
1819.000000	0.003876
1820.000000	0.007774
1821.000000	0.001686
1822.000000	-0.004808
1823.000000	-0.001662
1824.000000	0.009211
1825.000000	0.021655
1826.000000	0.024500
1827.000000	0.010825
1828.000000	-0.004282
1829.000000	-0.005374
1830.000000	0.002427
1831.000000	0.009891
1832.000000	0.011918
1833.000000	0.006067
1834.000000	-0.003585
1835.000000	-0.011662
1836.000000	-0.014096
1837.000000	-0.008838
1838.000000	-0.000601
1839.000000	0.004876
1840.000000	0.004524
1841.000000	-0.002237
1842.000000	-0.008707
1843.000000	-0.008589
1844.000000	-0.004491
1845.000000	-0.000636
1846.000000	0.001187
1847.000000	0.000171
1848.000000	-0.003012
1849.000000	-0.006773
1850.000000	-0.007340
1851.000000	-0.002196
1852.000000	0.003983
1853.000000	0.005949
1854.000000	0.003373
1855.000000	-0.002329
1856.000000	-0.007680
1857.000000	-0.009994
1858.000000	-0.011798
1859.000000	-0.015179
1860.000000	-0.015245
1861.000000	-0.007100
1862.000000	0.007180
1863.000000	0.022834
1864.000000	0.031323
1865.000000	0.026240
1866.000000	0.013474
1867.000000	0.000860
1868.000000	-0.008288
1869.000000	-0.012264
1870.000000	-0.011266
1871.000000	-0.006338
1872.000000	0.000000
1873.000000	0.005213
1874.000000	0.008190
1875.000000	0.008831
1876.000000	0.009653
1877.000000	0.013201
1878.000000	0.019499
1879.000000	0.026870
1880.000000	0.029337
1881.000000	0.021957
1882.000000	0.008223
1883.000000	-0.006358
1884.000000	-0.016661
1885.000000	-0.018593
1886.000000	-0.011823
1887.000000	0.001086
1888.000000	0.009741
1889.000000	0.005965
1890.000000	-0.001723
1891.000000	-0.003363
1892.000000	0.000086
1893.000000	0.004577
1894.000000	0.004632
1895.000000	-0.002888
1896.000000	-0.010339
1897.000000	-0.010203
1898.000000	-0.006253
1899.000000	-0.003945
1900.000000	-0.004179
1901.000000	-0.006261
1902.000000	-0.007683
1903.000000	-0.006753
1904.000000	-0.006857
1905.000000	-0.010687
1906.000000	-0.013084
1907.000000	-0.008682
1908.000000	0.000867
1909.000000	0.011361
1910.000000	0.015427
1911.000000	0.008498
1912.000000	0.000410
1913.000000	0.000812
1914.000000	0.004213
1915.000000	0.003354
1916.000000	-0.000948
1917.000000	-0.005833
1918.000000	-0.008349
1919.000000	-0.006651
1920.000000	-0.003420
1921.000000	-0.001327
1922.000000	0.001509
1923.000000	0.006228
1924.000000	0.006438
1925.000000	-0.002580
1926.000000	-0.011340
1927.000000	-0.010555
1928.000000	-0.005950
1929.000000	-0.004847
1930.000000	-0.005937
1931.000000	-0.006264
1932.000000	-0.004908
1933.000000	-0.002280
1934.000000	-0.002069
1935.000000	-0.006924
1936.000000	-0.012047
1937.000000	-0.012423
1938.000000	-0.009605
1939.000000	-0.006241
1940.000000	-0.002774
1941.000000	0.000746
1942.000000	0.003653
1943.000000	0.005657
1944.000000	0.008603
1945.000000	0.013208
1946.000000	0.013553
1947.000000	0.004898
1948.000000	-0.006144
1949.000000	-0.011690
1950.000000	-0.010134
1951.000000	-0.002534
1952.000000	0.005682
1953.000000	0.009088
1954.000000	0.006648
1955.000000	-0.000848
1956.000000	-0.009676
1957.000000	-0.014879
1958.000000	-0.009487
1959.000000	0.009559
1960.000000	0.027651
1961.000000	0.030378
1962.000000	0.021782
1963.000000	0.010491
1964.000000	0.005014
1965.000000	0.009957
1966.000000	0.014430
1967.000000	0.008367
1968.000000	0.000503
1969.000000	0.001016
1970.000000	0.007044
1971.000000	0.012631
1972.000000	0.012483
1973.000000	0.004596
1974.000000	-0.000543
1975.000000	0.006168
1976.000000	0.015807
1977.000000	0.017764
1978.000000	0.012694
1979.000000	0.004400
1980.000000	-0.001993
1981.000000	-0.002957
1982.000000	-0.002686
1983.000000	-0.005754
1984.000000	-0.010528
1985.000000	-0.014290
1986.000000	-0.016184
1987.000000	-0.015966
1988.000000	-0.013962
1989.000000	-0.010532
1990.000000	-0.005590
1991.000000	0.000603
1992.000000	0.005968
1993.000000	0.008766
1994.000000	0.010454
1995.000000	0.013054
1996.000000	0.017668
1997.000000	0.023711
1998.000000	0.024773
1999.000000	0.016301
2000.000000	0.006996
2001.000000	0.005893
2002.000000	0.010100
2003.000000	0.013925
2004.000000	0.012395
2005.000000	0.004104
2006.000000	0.001194
2007.000000	0.013357
2008.000000	0.026928
2009.000000	0.026666
2010.000000	0.014398
2011.000000	-0.003140
2012.000000	-0.016625
2013.000000	-0.018311
2014.000000	-0.009330
2015.000000	0.005521
2016.000000	0.015666
2017.000000	0.012492
2018.000000	0.001027
2019.000000	-0.010531
2020.000000	-0.014943
2021.000000	-0.008332
2022.000000	0.000677
2023.000000	0.002635
2024.000000	-0.002701
2025.000000	-0.012554
2026.000000	-0.021257
2027.000000	-0.023297
2028.000000	-0.016656
2029.000000	-0.002218
2030.000000	0.011007
2031.000000	0.015054
2032.000000	0.014253
2033.000000	0.014363
2034.000000	0.014555
2035.000000	0.012541
2036.000000	0.006781
2037.000000	-0.003236
2038.000000	-0.014642
2039.000000	-0.023089
2040.000000	-0.021680
2041.000000	-0.006100
2042.000000	0.015095
2043.000000	0.031354
2044.000000	0.037007
2045.000000	0.030344
2046.000000	0.020616
2047.000000	0.017443
2048.000000	0.020961
2049.000000	0.028327
2050.000000	0.034271
2051.000000	0.033962
2052.000000	0.026741
2053.000000	0.014330
2054.000000	0.003787
2055.000000	0.000629
2056.000000	-0.001137
2057.000000	-0.007388
2058.000000	-0.012039
2059.000000	-0.007891
2060.000000	0.004743
2061.000000	0.021993
2062.000000	0.033260
2063.000000	0.029571
2064.000000	0.015175
2065.000000	-0.002242
2066.000000	-0.014481
2067.000000	-0.015135
2068.000000	-0.005482
2069.000000	0.010124
2070.000000	0.022700
2071.000000	0.024999
2072.000000	0.021345
2073.000000	0.017326
2074.000000	0.012026
2075.000000	0.003748
2076.000000	-0.005829
2077.000000	-0.013996
2078.000000	-0.017311
2079.000000	-0.013063
2080.000000	-0.002209
2081.000000	0.012138
2082.000000	0.021902
2083.000000	0.020297
2084.000000	0.010657
2085.000000	-0.000864
2086.000000	-0.006959
2087.000000	-0.003209
2088.000000	0.002083
2089.000000	0.000760
2090.000000	-0.002045
2091.000000	0.000151
2092.000000	0.005942
2093.000000	0.012023
2094.000000	0.015378
2095.000000	0.014723
2096.000000	0.015401
2097.000000	0.022013
2098.000000	0.029568
2099.000000	0.032339
2100.000000	0.031250
2101.000000	0.028751
2102.000000	0.026748
2103.000000	0.026156
2104.000000	0.024468
2105.000000	0.019489
2106.000000	0.013704
2107.000000	0.009894
2108.000000	0.007352
2109.000000	0.004880
2110.000000	0.002803
2111.000000	0.002162
2112.000000	0.005351
2113.000000	0.013564
2114.000000	0.021850
2115.000000	0.025037
2116.000000	0.023207
2117.000000	0.017635
2118.000000	0.009101
2119.000000	-0.001655
2120.000000	-0.013565
2121.000000	-0.023232
2122.000000	-0.018256
2123.000000	0.008856
2124.000000	0.036980
2125.000000	0.043738
2126.000000	0.030372
2127.000000	0.005910
2128.000000	-0.013080
2129.000000	-0.013205
2130.000000	-0.001295
2131.000000	0.011871
2132.000000	0.019957
2133.000000	0.019525
2134.000000	0.014300
2135.000000	0.009407
2136.000000	0.008409
2137.000000	0.012310
2138.000000	0.013435
2139.000000	0.005545
2140.000000	-0.003183
2141.000000	-0.003833
2142.000000	0.001044
2143.000000	0.006900
2144.000000	0.012675
2145.000000	0.017652
2146.000000	0.019010
2147.000000	0.014600
2148.000000	0.007063
2149.000000	-0.000117
2150.000000	-0.004884
2151.000000	-0.005279
2152.000000	0.001688
2153.000000	0.015573
2154.000000	0.021163
2155.000000	0.006921
2156.000000	-0.009227
2157.000000	-0.008939
2158.000000	-0.001685
2159.000000	-0.000408
2160.000000	-0.004121
2161.000000	-0.007988
2162.000000	-0.005701
2163.000000	0.005525
2164.000000	0.012901
2165.000000	0.005911
2166.000000	-0.001291
2167.000000	0.005733
2168.000000	0.017876
2169.000000	0.022197
2170.000000	0.013960
2171.000000	-0.004702
2172.000000	-0.012388
2173.000000	0.007529
2174.000000	0.033316
2175.000000	0.040424
2176.000000	0.031386
2177.000000	0.015161
2178.000000	-0.000686
2179.000000	-0.010419
2180.000000	-0.014224
2181.000000	-0.013428
2182.000000	-0.008005
2183.000000	0.001348
2184.000000	0.009671
2185.000000	0.012282
2186.000000	0.009857
2187.000000	0.004807
2188.000000	0.001123
2189.000000	0.002242
2190.000000	0.007794
2191.000000	0.015659
2192.000000	0.020533
2193.000000	0.018283
2194.000000	0.012660
2195.000000	0.008698
2196.000000	0.008694
2197.000000	0.012593
2198.000000	0.013681
2199.000000	0.006508
2200.000000	-0.002645
2201.000000	-0.006458
2202.000000	-0.005175
2203.000000	-0.000863
2204.000000	0.004699
2205.000000	0.010045
2206.000000	0.014686
2207.000000	0.017896
2208.000000	0.017026
2209.000000	0.010671
2210.000000	0.004310
2211.000000	0.003370
2212.000000	0.006183
2213.000000	0.009198
2214.000000	0.008442
2215.000000	0.001417
2216.000000	-0.008040
2217.000000	-0.015065
2218.000000	-0.017018
2219.000000	-0.012786
2220.000000	-0.005133
2221.000000	0.002651
2222.000000	0.009042
2223.000000	0.013615
2224.000000	0.018569
2225.000000	0.025298
2226.000000	0.029363
2227.000000	0.026714
2228.000000	0.020685
2229.000000	0.015935
2230.000000	0.015021
2231.000000	0.019187
2232.000000	0.026510
2233.000000	0.033830
2234.000000	0.036196
2235.000000	0.029531
2236.000000	0.015040
2237.000000	-0.003576
2238.000000	-0.017919
2239.000000	-0.020299
2240.000000	-0.010550
2241.000000	0.007423
2242.000000	0.020962
2243.000000	0.019531
2244.000000	0.009822
2245.000000	0.001486
2246.000000	-0.001220
2247.000000	0.003440
2248.000000	0.012524
2249.000000	0.021934
2250.000000	0.027616
2251.000000	0.028104
2252.000000	0.032227
2253.000000	0.046364
2254.000000	0.056807
2255.000000	0.049808
2256.000000	0.031559
2257.000000	0.012610
2258.000000	0.001017
2259.000000	0.000886
2260.000000	0.003036
2261.000000	-0.000440
2262.000000	0.000945
2263.000000	0.016834
2264.000000	0.035108
2265.000000	0.041711
2266.000000	0.036609
2267.000000	0.024755
2268.000000	0.017038
2269.000000	0.020597
2270.000000	0.021647
2271.000000	0.008086
2272.000000	-0.004519
2273.000000	0.000704
2274.000000	0.018173
2275.000000	0.036978
2276.000000	0.047354
2277.000000	0.043062
2278.000000	0.030824
2279.000000	0.019162
2280.000000	0.010845
2281.000000	0.007108
2282.000000	0.008799
2283.000000	0.015750
2284.000000	0.024101
2285.000000	0.029414
2286.000000	0.028623
2287.000000	0.020830
2288.000000	0.012439
2289.000000	0.010180
2290.000000	0.014794
2291.000000	0.024364
2292.000000	0.032339
2293.000000	0.032325
2294.000000	0.023187
2295.000000	0.006735
2296.000000	-0.008690
2297.000000	-0.015207
2298.000000	-0.013297
2299.000000	-0.005739
2300.000000	0.003849
2301.000000	0.012468
2302.000000	0.020446
2303.000000	0.028709
2304.000000	0.037261
2305.000000	0.044296
2306.000000	0.041688
2307.000000	0.024830
2308.000000	0.009506
2309.000000	0.011349
2310.000000	0.024996
2311.000000	0.040429
2312.000000	0.050016
2313.000000	0.048754
2314.000000	0.039787
2315.000000	0.027774
2316.000000	0.015298
2317.000000	0.005192
2318.000000	0.003379
2319.000000	0.013743
2320.000000	0.028917
2321.000000	0.039521
2322.000000	0.039373
2323.000000	0.026670
2324.000000	0.013945
2325.000000	0.012964
2326.000000	0.018102
2327.000000	0.021371
2328.000000	0.022716
2329.000000	0.024062
2330.000000	0.027330
2331.000000	0.032517
2332.000000	0.031944
2333.000000	0.020057
2334.000000	0.007472
2335.000000	0.005080
2336.000000	0.008689
2337.000000	0.011389
2338.000000	0.010477
2339.000000	0.005099
2340.000000	-0.002406
2341.000000	-0.008615
2342.000000	-0.008968
2343.000000	-0.001168
2344.000000	0.006893
2345.000000	0.007965
2346.000000	0.007553
2347.000000	0.012265
2348.000000	0.020381
2349.000000	0.028199
2350.000000	0.032426
2351.000000	0.031511
2352.000000	0.030453
2353.000000	0.032638
2354.000000	0.028455
2355.000000	0.010383
2356.000000	-0.007740
2357.000000	-0.010825
2358.000000	-0.000150
2359.000000	0.017634
2360.000000	0.030756
2361.000000	0.030624
2362.000000	0.026480
2363.000000	0.028631
2364.000000	0.033806
2365.000000	0.036558
2366.000000	0.036317
2367.000000	0.033727
2368.000000	0.029408
2369.000000	0.023887
2370.000000	0.017330
2371.000000	0.009736
2372.000000	0.000784
2373.000000	-0.008328
2374.000000	-0.009997
2375.000000	0.001572
2376.000000	0.018532
2377.000000	0.030855
2378.000000	0.033433
2379.000000	0.024958
2380.000000	0.014391
2381.000000	0.010729
2382.000000	0.012833
2383.000000	0.016700
2384.000000	0.017008
2385.000000	0.010257
2386.000000	0.001549
2387.000000	-0.002704
2388.000000	0.000552
2389.000000	0.010861
2390.000000	0.017070
2391.000000	0.010174
2392.000000	0.000447
2393.000000	-0.001271
2394.000000	-0.001140
2395.000000	-0.006216
2396.000000	-0.010128
2397.000000	-0.006130
2398.000000	0.000601
2399.000000	0.003997
2400.000000	0.006366
2401.000000	0.010421
2402.000000	0.012131
2403.000000	0.007830
2404.000000	0.002062
2405.000000	-0.000493
2406.000000	-0.002818
2407.000000	-0.008190
2408.000000	-0.013397
2409.000000	-0.014391
2410.000000	-0.010267
2411.000000	-0.002155
2412.000000	0.003827
2413.000000	0.003039
2414.000000	0.001739
2415.000000	0.007118
2416.000000	0.019197
2417.000000	0.034745
2418.000000	0.044701
2419.000000	0.041654
2420.000000	0.030640
2421.000000	0.018196
2422.000000	0.004421
2423.000000	-0.010356
2424.000000	-0.018450
2425.000000	-0.012773
2426.000000	0.004027
2427.000000	0.025217
2428.000000	0.037458
2429.000000	0.031104
2430.000000	0.017887
2431.000000	0.010696
2432.000000	0.005671
2433.000000	-0.002130
2434.000000	-0.005215
2435.000000	0.004397
2436.000000	0.024212
2437.000000	0.046708
2438.000000	0.054741
2439.000000	0.037208
2440.000000	0.016804
2441.000000	0.016496
2442.000000	0.026545
2443.000000	0.032608
2444.000000	0.034638
2445.000000	0.035994
2446.000000	0.039359
2447.000000	0.045404
2448.000000	0.047435
2449.000000	0.039905
2450.000000	0.029222
2451.000000	0.022319
2452.000000	0.016266
2453.000000	0.007840
2454.000000	0.002493
2455.000000	0.006159
2456.000000	0.018005
2457.000000	0.033217
2458.000000	0.037811
2459.000000	0.022999
2460.000000	0.009957
2461.000000	0.018096
2462.000000	0.029811
2463.000000	0.024492
2464.000000	0.006539
2465.000000	-0.013281
2466.000000	-0.023732
2467.000000	-0.017636
2468.000000	-0.004516
2469.000000	0.005372
2470.000000	0.015538
2471.000000	0.029670
2472.000000	0.038397
2473.000000	0.033184
2474.000000	0.021901
2475.000000	0.015058
2476.000000	0.017325
2477.000000	0.028386
2478.000000	0.033821
2479.000000	0.022057
2480.000000	0.007016
2481.000000	0.004137
2482.000000	0.009425
2483.000000	0.015115
2484.000000	0.017787
2485.000000	0.016106
2486.000000	0.012735
2487.000000	0.011312
2488.000000	0.015368
2489.000000	0.025580
2490.000000	0.031303
2491.000000	0.024328
2492.000000	0.017501
2493.000000	0.023610
2494.000000	0.034147
2495.000000	0.037176
2496.000000	0.028337
2497.000000	0.008997
2498.000000	-0.004149
2499.000000	0.001918
2500.000000	0.010198
2501.000000	0.003684
2502.000000	-0.004639
2503.000000	0.000278
2504.000000	0.011750
2505.000000	0.019130
2506.000000	0.017646
2507.000000	0.007048
2508.000000	-0.000698
2509.000000	0.005213
2510.000000	0.018729
2511.000000	0.031092
2512.000000	0.039578
2513.000000	0.043374
2514.000000	0.043268
2515.000000	0.040444
2516.000000	0.036066
2517.000000	0.030996
2518.000000	0.024914
2519.000000	0.017141
2520.000000	0.006749
2521.000000	-0.005812
2522.000000	-0.014342
2523.000000	-0.012866
2524.000000	-0.002065
2525.000000	0.014507
2526.000000	0.028456
2527.000000	0.031610
2528.000000	0.021535
2529.000000	0.001181
2530.000000	-0.010693
2531.000000	0.000929
2532.000000	0.020296
2533.000000	0.028746
2534.000000	0.026738
2535.000000	0.019624
2536.000000	0.013194
2537.000000	0.012139
2538.000000	0.016317
2539.000000	0.023830
2540.000000	0.030599
2541.000000	0.032186
2542.000000	0.024916
2543.000000	0.008127
2544.000000	-0.007538
2545.000000	-0.011672
2546.000000	-0.006107
2547.000000	0.003867
2548.000000	0.011369
2549.000000	0.011626
2550.000000	0.009877
2551.000000	0.012782
2552.000000	0.022670
2553.000000	0.037832
2554.000000	0.044747
2555.000000	0.032065
2556.000000	0.008927
2557.000000	-0.011242
2558.000000	-0.018365
2559.000000	-0.007194
2560.000000	0.011564
2561.000000	0.024975
2562.000000	0.027154
2563.000000	0.016594
2564.000000	0.002253
2565.000000	-0.006085
2566.000000	-0.005801
2567.000000	0.002469
2568.000000	0.012219
2569.000000	0.016524
2570.000000	0.012634
2571.000000	0.002510
2572.000000	0.002772
2573.000000	0.025079
2574.000000	0.046593
2575.000000	0.043929
2576.000000	0.026024
2577.000000	0.008122
2578.000000	-0.001638
2579.000000	0.000621
2580.000000	0.008824
2581.000000	0.015434
2582.000000	0.017017
2583.000000	0.012711
2584.000000	0.007830
2585.000000	0.007865
2586.000000	0.012844
2587.000000	0.020944
2588.000000	0.028400
2589.000000	0.031500
2590.000000	0.028683
2591.000000	0.019786
2592.000000	0.008100
2593.000000	-0.002615
2594.000000	-0.010173
2595.000000	-0.012486
2596.000000	-0.006283
2597.000000	0.009390
2598.000000	0.025028
2599.000000	0.030899
2600.000000	0.026822
2601.000000	0.016324
2602.000000	0.008206
2603.000000	0.008651
2604.000000	0.008083
2605.000000	-0.002383
2606.000000	-0.013098
2607.000000	-0.012499
2608.000000	0.000115
2609.000000	0.021197
2610.000000	0.041081
2611.000000	0.050352
2612.000000	0.046734
2613.000000	0.032442
2614.000000	0.020520
2615.000000	0.021659
2616.000000	0.026295
2617.000000	0.023609
2618.000000	0.018002
2619.000000	0.015883
2620.000000	0.016456
2621.000000	0.017074
2622.000000	0.014879
2623.000000	0.008021
2624.000000	-0.001117
2625.000000	-0.008573
2626.000000	-0.008304
2627.000000	0.002774
2628.000000	0.013826
2629.000000	0.014812
2630.000000	0.012792
2631.000000	0.016472
2632.000000	0.024051
2633.000000	0.030837
2634.000000	0.031079
2635.000000	0.021914
2636.000000	0.013095
2637.000000	0.013937
2638.000000	0.019403
2639.000000	0.022494
2640.000000	0.022729
2641.000000	0.022262
2642.000000	0.027271
2643.000000	0.041942
2644.000000	0.058462
2645.000000	0.065840
2646.000000	0.052382
2647.000000	0.013697
2648.000000	-0.024697
2649.000000	-0.037101
2650.000000	-0.027014
2651.000000	-0.006317
2652.000000	0.008765
2653.000000	0.005996
2654.000000	-0.006569
2655.000000	-0.016456
2656.000000	-0.013809
2657.000000	0.005391
2658.000000	0.024447
2659.000000	0.027133
2660.000000	0.019839
2661.000000	0.013037
2662.000000	0.010901
2663.000000	0.015118
2664.000000	0.023711
2665.000000	0.033531
2666.000000	0.040414
2667.000000	0.040858
2668.000000	0.035040
2669.000000	0.025018
2670.000000	0.016710
2671.000000	0.015410
2672.000000	0.020072
2673.000000	0.027027
2674.000000	0.028462
2675.000000	0.018694
2676.000000	0.004701
2677.000000	-0.004650
2678.000000	-0.005600
2679.000000	0.001984
2680.000000	0.008833
2681.000000	0.007709
2682.000000	0.008895
2683.000000	0.022237
2684.000000	0.038326
2685.000000	0.045980
2686.000000	0.046198
2687.000000	0.043067
2688.000000	0.040858
2689.000000	0.042635
2690.000000	0.046441
2691.000000	0.048693
2692.000000	0.044330
2693.000000	0.031020
2694.000000	0.018813
2695.000000	0.017172
2696.000000	0.020827
2697.000000	0.022220
2698.000000	0.019387
2699.000000	0.012574
2700.000000	0.005277
2701.000000	0.001348
2702.000000	0.002807
2703.000000	0.010240
2704.000000	0.020334
2705.000000	0.028889
2706.000000	0.032058
2707.000000	0.028653
2708.000000	0.027760
2709.000000	0.037556
2710.000000	0.052300
2711.000000	0.063619
2712.000000	0.066526
2713.000000	0.059052
2714.000000	0.047921
2715.000000	0.040229
2716.000000	0.035881
2717.000000	0.033598
2718.000000	0.034576
2719.000000	0.039335
2720.000000	0.043235
2721.000000	0.042058
2722.000000	0.038447
2723.000000	0.036390
2724.000000	0.038402
2725.000000	0.045302
2726.000000	0.052608
2727.000000	0.055482
2728.000000	0.052970
2729.000000	0.046782
2730.000000	0.045406
2731.000000	0.054759
2732.000000	0.063701
2733.000000	0.060482
2734.000000	0.047974
2735.000000	0.033308
2736.000000	0.026033
2737.000000	0.032984
2738.000000	0.047708
2739.000000	0.060031
2740.000000	0.058168
2741.000000	0.036349
2742.000000	0.014467
2743.000000	0.011671
2744.000000	0.018484
2745.000000	0.021451
2746.000000	0.019841
2747.000000	0.016656
2748.000000	0.017108
2749.000000	0.023982
2750.000000	0.028140
2751.000000	0.022007
2752.000000	0.016190
2753.000000	0.021479
2754.000000	0.031224
2755.000000	0.036333
2756.000000	0.035394
2757.000000	0.029787
2758.000000	0.024368
2759.000000	0.023853
2760.000000	0.028911
2761.000000	0.038005
2762.000000	0.044829
2763.000000	0.043556
2764.000000	0.035053
2765.000000	0.022622
2766.000000	0.012612
2767.000000	0.009277
2768.000000	0.005454
2769.000000	-0.006294
2770.000000	-0.023076
2771.000000	-0.038715
2772.000000	-0.044218
2773.000000	-0.032798
2774.000000	-0.009316
2775.000000	0.017164
2776.000000	0.032428
2777.000000	0.026569
2778.000000	0.012077
2779.000000	0.003345
2780.000000	0.000001
2781.000000	-0.001983
2782.000000	-0.006487
2783.000000	-0.015668
2784.000000	-0.024941
2785.000000	-0.028291
2786.000000	-0.020716
2787.000000	-0.001593
2788.000000	0.013189
2789.000000	0.009957
2790.000000	0.000414
2791.000000	-0.001222
2792.000000	0.003953
2793.000000	0.010602
2794.000000	0.011741
2795.000000	0.002405
2796.000000	-0.012655
2797.000000	-0.025830
2798.000000	-0.027795
2799.000000	-0.013882
2800.000000	0.000229
2801.000000	-0.000353
2802.000000	-0.007008
2803.000000	-0.008196
2804.000000	-0.004211
2805.000000	0.001439
2806.000000	0.004233
2807.000000	0.000510
2808.000000	-0.008936
2809.000000	-0.021507
2810.000000	-0.031843
2811.000000	-0.034872
2812.000000	-0.029430
2813.000000	-0.016963
2814.000000	-0.005455
2815.000000	-0.002226
2816.000000	-0.005401
2817.000000	-0.010643
2818.000000	-0.012972
2819.000000	-0.009168
2820.000000	-0.003708
2821.000000	-0.002431
2822.000000	-0.008938
2823.000000	-0.023103
2824.000000	-0.032131
2825.000000	-0.024974
2826.000000	-0.010243
2827.000000	0.000693
2828.000000	0.005084
2829.000000	0.003416
2830.000000	0.000489
2831.000000	0.001061
2832.000000	0.005398
2833.000000	0.012352
2834.000000	0.019608
2835.000000	0.025612
2836.000000	0.033015
2837.000000	0.043861
2838.000000	0.053557
2839.000000	0.058516
2840.000000	0.065818
2841.000000	0.081460
2842.000000	0.096447
2843.000000	0.101165
2844.000000	0.098521
2845.000000	0.095025
2846.000000	0.099076
2847.000000	0.116709
2848.000000	0.142624
2849.000000	0.168626
2850.000000	0.186277
2851.000000	0.191084
2852.000000	0.194571
2853.000000	0.207765
2854.000000	0.223684
2855.000000	0.235218
2856.000000	0.252760
2857.000000	0.285712
2858.000000	0.321997
2859.000000	0.344696
2860.000000	0.338995
2861.000000	0.301113
2862.000000	0.269306
2863.000000	0.278540
2864.000000	0.308577
2865.000000	0.332069
2866.000000	0.348445
2867.000000	0.362664
2868.000000	0.375038
2869.000000	0.386134
2870.000000	0.402196
2871.000000	0.428833
2872.000000	0.463441
2873.000000	0.499704
2874.000000	0.524667
2875.000000	0.529464
2876.000000	0.528226
2877.000000	0.534426
2878.000000	0.535903
2879.000000	0.520173
2880.000000	0.499087
2881.000000	0.488824
2882.000000	0.498523
2883.000000	0.530351
2884.000000	0.565609
2885.000000	0.583427
2886.000000	0.575115
2887.000000	0.542789
2888.000000	0.519615
2889.000000	0.533420
2890.000000	0.559635
2891.000000	0.567853
2892.000000	0.556727
2893.000000	0.535398
2894.000000	0.525902
2895.000000	0.544992
2896.000000	0.575391
2897.000000	0.595182
2898.000000	0.597907
2899.000000	0.586172
2900.000000	0.583385
2901.000000	0.605161
2902.000000	0.615151
2903.000000	0.582651
2904.000000	0.551502
2905.000000	0.567086
2906.000000	0.606400
2907.000000	0.637049
2908.000000	0.657440
2909.000000	0.673737
2910.000000	0.692319
2911.000000	0.716787
2912.000000	0.739419
2913.000000	0.751291
2914.000000	0.749989
2915.000000	0.737807
2916.000000	0.729360
2917.000000	0.738344
2918.000000	0.762444
2919.000000	0.794179
2920.000000	0.821400
2921.000000	0.835524
2922.000000	0.846893
2923.000000	0.866758
2924.000000	0.891093
2925.000000	0.911638
2926.000000	0.918480
2927.000000	0.907841
2928.000000	0.902128
2929.000000	0.922094
2930.000000	0.955694
2931.000000	0.984830
2932.000000	1.000000
2933.000000	0.997061
2934.000000	0.984704
2935.000000	0.972409
2936.000000	0.959977
2937.000000	0.945390
2938.000000	0.929034
2939.000000	0.912708
2940.000000	0.901471
2941.000000	0.898268
2942.000000	0.894348
2943.000000	0.878950
2944.000000	0.844991
2945.000000	0.792481
2946.000000	0.746139
2947.000000	0.728968
2948.000000	0.732390
2949.000000	0.741591
2950.000000	0.748388
2951.000000	0.746644
2952.000000	0.731787
2953.000000	0.701313
2954.000000	0.659434
2955.000000	0.616433
2956.000000	0.600165
2957.000000	0.627006
2958.000000	0.649842
2959.000000	0.625404
2960.000000	0.589279
2961.000000	0.583293
2962.000000	0.595371
2963.000000	0.604326
2964.000000	0.606415
2965.000000	0.602541
2966.000000	0.594730
2967.000000	0.583495
2968.000000	0.562161
2969.000000	0.527622
2970.000000	0.498217
2971.000000	0.488614
2972.000000	0.477337
2973.000000	0.445751
2974.000000	0.422716
2975.000000	0.436583
2976.000000	0.466157
2977.000000	0.482673
2978.000000	0.476635
2979.000000	0.447344
2980.000000	0.410029
2981.000000	0.381138
2982.000000	0.366081
2983.000000	0.365330
2984.000000	0.370650
2985.000000	0.373176
2986.000000	0.370230
2987.000000	0.360581
2988.000000	0.342603
2989.000000	0.317066
2990.000000	0.294730
2991.000000	0.283685
2992.000000	0.271354
2993.000000	0.244463
2994.000000	0.207605
2995.000000	0.170950
2996.000000	0.149113
2997.000000	0.150687
2998.000000	0.155729
2999.000000	0.146565
3000.000000	0.143133
3001.000000	0.163872
3002.000000	0.183613
3003.000000	0.176120
3004.000000	0.154510
3005.000000	0.137236
3006.000000	0.124745
3007.000000	0.113511
3008.000000	0.102114
3009.000000	0.090566
3010.000000	0.082490
3011.000000	0.080501
3012.000000	0.079558
3013.000000	0.075213
3014.000000	0.073048
3015.000000	0.078026
3016.000000	0.082616
3017.000000	0.079098
3018.000000	0.071485
3019.000000	0.064395
3020.000000	0.053133
3021.000000	0.033344
3022.000000	0.011346
3023.000000	-0.004735
3024.000000	-0.010217
3025.000000	-0.003890
3026.000000	0.004998
3027.000000	0.007238
3028.000000	0.004222
3029.000000	-0.000387
3030.000000	-0.004446
3031.000000	-0.006839
3032.000000	-0.009040
3033.000000	-0.011995
3034.000000	-0.011941
3035.000000	-0.005832
3036.000000	0.001799
3037.000000	0.005592
3038.000000	0.004449
3039.000000	-0.000582
3040.000000	-0.004142
3041.000000	-0.001648
3042.000000	0.004062
3043.000000	0.007907
3044.000000	0.003266
3045.000000	-0.011502
3046.000000	-0.016580
3047.000000	0.003156
3048.000000	0.022600
3049.000000	0.016517
3050.000000	-0.000601
3051.000000	-0.009004
3052.000000	-0.007621
3053.000000	-0.000951
3054.000000	0.002925
3055.000000	-0.001085
3056.000000	-0.002525
3057.000000	0.008228
3058.000000	0.021927
3059.000000	0.029041
3060.000000	0.037770
3061.000000	0.055347
3062.000000	0.067403
3063.000000	0.061051
3064.000000	0.050932
3065.000000	0.052530
3066.000000	0.057176
3067.000000	0.053053
3068.000000	0.039913
3069.000000	0.022470
3070.000000	0.013729
3071.000000	0.023681
3072.000000	0.041978
3073.000000	0.054210
3074.000000	0.050047
3075.000000	0.025675
3076.000000	-0.000738
3077.000000	-0.011030
3078.000000	-0.009052
3079.000000	-0.003138
3080.000000	0.002447
3081.000000	0.004641
3082.000000	0.001113
3083.000000	-0.008578
3084.000000	-0.018047
3085.000000	-0.020363
3086.000000	-0.013225
3087.000000	0.001982
3088.000000	0.013763
3089.000000	0.012161
3090.000000	0.003484
3091.000000	-0.003075
3092.000000	-0.003060
3093.000000	0.003227
3094.000000	0.001187
3095.000000	-0.019034
3096.000000	-0.033998
3097.000000	-0.022068
3098.000000	-0.002086
3099.000000	0.002239
3100.000000	-0.011783
3101.000000	-0.037243
3102.000000	-0.049862
3103.000000	-0.031410
3104.000000	-0.005217
3105.000000	0.003941
3106.000000	0.007072
3107.000000	0.016879
3108.000000	0.017060
3109.000000	-0.005934
3110.000000	-0.025626
3111.000000	-0.016817
3112.000000	0.000555
3113.000000	0.002562
3114.000000	-0.005548
3115.000000	-0.012456
3116.000000	-0.011730
3117.000000	-0.001722
3118.000000	0.004964
3119.000000	-0.002533
3120.000000	-0.013856
3121.000000	-0.017523
3122.000000	-0.018785
3123.000000	-0.023751
3124.000000	-0.025240
3125.000000	-0.016356
3126.000000	-0.004617
3127.000000	0.001114
3128.000000	0.001027
3129.000000	-0.001318
3130.000000	0.002075
3131.000000	0.016562
3132.000000	0.032503
3133.000000	0.038410
3134.000000	0.030401
3135.000000	0.010458
3136.000000	-0.003597
3137.000000	0.002833
3138.000000	0.015590
3139.000000	0.017508
3140.000000	0.008140
3141.000000	-0.007162
3142.000000	-0.016561
3143.000000	-0.011222
3144.000000	-0.000790
3145.000000	0.003783
3146.000000	0.004795
3147.000000	0.006661
3148.000000	0.008996
3149.000000	0.010869
3150.000000	0.013946
3151.000000	0.020999
3152.000000	0.036620
3153.000000	0.060919
3154.000000	0.074243
3155.000000	0.059322
3156.000000	0.028174
3157.000000	-0.001197
3158.000000	-0.016119
3159.000000	-0.010113
3160.000000	0.003867
3161.000000	0.012106
3162.000000	0.017287
3163.000000	0.023761
3164.000000	0.026165
3165.000000	0.019261
3166.000000	0.008026
3167.000000	-0.000339
3168.000000	0.000055
3169.000000	0.010077
3170.000000	0.011818
3171.000000	-0.008392
3172.000000	-0.028503
3173.000000	-0.025199
3174.000000	-0.005810
3175.000000	0.015956
3176.000000	0.031535
3177.000000	0.035409
3178.000000	0.029106
3179.000000	0.016791
3180.000000	0.006140
3181.000000	0.003191
3182.000000	0.003919
3183.000000	0.002557
3184.000000	-0.003573
3185.000000	-0.014267
3186.000000	-0.020894
3187.000000	-0.015298
3188.000000	0.000356
3189.000000	0.020287
3190.000000	0.034566
3191.000000	0.035449
3192.000000	0.028070
3193.000000	0.019462
3194.000000	0.011390
3195.000000	0.003409
3196.000000	-0.008487
3197.000000	-0.025327
3198.000000	-0.032683
3199.000000	-0.018357
3200.000000	0.005461
3201.000000	0.022243
3202.000000	0.022508
3203.000000	0.004089
3204.000000	-0.012956
3205.000000	-0.011263
3206.000000	-0.006469
3207.000000	-0.013069
3208.000000	-0.007975
3209.000000	0.026591
3210.000000	0.049593
3211.000000	0.024779
3212.000000	-0.006145
3213.000000	0.001456
3214.000000	0.025990
3215.000000	0.036817
3216.000000	0.033336
3217.000000	0.022764
3218.000000	0.013555
3219.000000	0.011641
3220.000000	0.011623
3221.000000	0.008107
3222.000000	0.007046
3223.000000	0.013561
3224.000000	0.018083
3225.000000	0.011311
3226.000000	-0.000301
3227.000000	-0.007123
3228.000000	-0.002588
3229.000000	0.014620
3230.000000	0.027886
3231.000000	0.022448
3232.000000	0.008887
3233.000000	0.001366
3234.000000	0.003030
3235.000000	0.012884
3236.000000	0.024396
3237.000000	0.030577
3238.000000	0.028162
3239.000000	0.016304
3240.000000	0.000101
3241.000000	-0.013139
3242.000000	-0.013224
3243.000000	0.004792
3244.000000	0.021978
3245.000000	0.020563
3246.000000	0.011298
3247.000000	0.007862
3248.000000	0.007119
3249.000000	0.004347
3250.000000	0.005299
3251.000000	0.015382
3252.000000	0.028132
3253.000000	0.034993
3254.000000	0.030909
3255.000000	0.014279
3256.000000	-0.006173
3257.000000	-0.020497
3258.000000	-0.024162
3259.000000	-0.016132
3260.000000	-0.003939
3261.000000	0.004728
3262.000000	0.010128
3263.000000	0.015476
3264.000000	0.027856
3265.000000	0.050532
3266.000000	0.067605
3267.000000	0.063625
3268.000000	0.044096
3269.000000	0.019831
3270.000000	0.001936
3271.000000	-0.001780
3272.000000	0.003015
3273.000000	0.009384
3274.000000	0.018793
3275.000000	0.033513
3276.000000	0.050623
3277.000000	0.065018
3278.000000	0.068046
3279.000000	0.055129
3280.000000	0.041547
3281.000000	0.041403
3282.000000	0.044243
3283.000000	0.037929
3284.000000	0.028137
3285.000000	0.024245
3286.000000	0.032611
3287.000000	0.053604
3288.000000	0.066658
3289.000000	0.054115
3290.000000	0.030890
3291.000000	0.016833
3292.000000	0.018966
3293.000000	0.037229
3294.000000	0.056066
3295.000000	0.061103
3296.000000	0.058200
3297.000000	0.057530
3298.000000	0.066302
3299.000000	0.085036
3300.000000	0.090472
3301.000000	0.064955
3302.000000	0.037030
3303.000000	0.035437
3304.000000	0.043488
3305.000000	0.040427
3306.000000	0.034642
3307.000000	0.037735
3308.000000	0.045021
3309.000000	0.049886
3310.000000	0.054273
3311.000000	0.060913
3312.000000	0.067111
3313.000000	0.070126
3314.000000	0.072445
3315.000000	0.076813
3316.000000	0.081778
3317.000000	0.084209
3318.000000	0.078457
3319.000000	0.062342
3320.000000	0.050075
3321.000000	0.054902
3322.000000	0.069802
3323.000000	0.083401
3324.000000	0.087170
3325.000000	0.076721
3326.000000	0.061371
3327.000000	0.051531
3328.000000	0.048280
3329.000000	0.050651
3330.000000	0.058819
3331.000000	0.070851
3332.000000	0.075224
3333.000000	0.064692
3334.000000	0.058696
3335.000000	0.074059
3336.000000	0.090441
3337.000000	0.085666
3338.000000	0.067371
3339.000000	0.049862
3340.000000	0.044301
3341.000000	0.055339
3342.000000	0.064726
3343.000000	0.056232
3344.000000	0.044618
3345.000000	0.045898
3346.000000	0.050115
3347.000000	0.045430
3348.000000	0.038453
3349.000000	0.038071
3350.000000	0.043817
3351.000000	0.052677
3352.000000	0.060796
3353.000000	0.064908
3354.000000	0.064945
3355.000000	0.061787
3356.000000	0.056921
3357.000000	0.051956
3358.000000	0.048392
3359.000000	0.047387
3360.000000	0.048844
3361.000000	0.051733
3362.000000	0.052549
3363.000000	0.048202
3364.000000	0.039728
3365.000000	0.030887
3366.000000	0.032193
3367.000000	0.050279
3368.000000	0.069478
3369.000000	0.073385
3370.000000	0.064922
3371.000000	0.051815
3372.000000	0.041667
3373.000000	0.039697
3374.000000	0.041714
3375.000000	0.042318
3376.000000	0.040676
3377.000000	0.036791
3378.000000	0.029444
3379.000000	0.018704
3380.000000	0.011006
3381.000000	0.012980
3382.000000	0.025662
3383.000000	0.045551
3384.000000	0.056588
3385.000000	0.046802
3386.000000	0.033132
3387.000000	0.034527
3388.000000	0.049061
3389.000000	0.068835
3390.000000	0.082938
3391.000000	0.081002
3392.000000	0.057836
3393.000000	0.016588
3394.000000	-0.011417
3395.000000	0.000772
3396.000000	0.034447
3397.000000	0.062861
3398.000000	0.072770
3399.000000	0.059931
3400.000000	0.042585
3401.000000	0.039507
3402.000000	0.049107
3403.000000	0.063325
3404.000000	0.068575
3405.000000	0.055125
3406.000000	0.034169
3407.000000	0.019909
3408.000000	0.017651
3409.000000	0.027625
3410.000000	0.038649
3411.000000	0.040435
3412.000000	0.037672
3413.000000	0.035664
3414.000000	0.027184
3415.000000	0.007148
3416.000000	-0.008439
3417.000000	-0.004709
3418.000000	0.007563
3419.000000	0.015137
3420.000000	0.020547
3421.000000	0.028279
3422.000000	0.034844
3423.000000	0.035955
3424.000000	0.032116
3425.000000	0.025627
3426.000000	0.021173
3427.000000	0.021807
3428.000000	0.021659
3429.000000	0.015233
3430.000000	0.007450
3431.000000	0.005614
3432.000000	0.016139
3433.000000	0.039546
3434.000000	0.053682
3435.000000	0.041163
3436.000000	0.026369
3437.000000	0.032510
3438.000000	0.036367
3439.000000	0.014974
3440.000000	-0.007188
3441.000000	-0.003613
3442.000000	0.012854
3443.000000	0.023982
3444.000000	0.029331
3445.000000	0.031821
3446.000000	0.030011
3447.000000	0.022723
3448.000000	0.014197
3449.000000	0.009732
3450.000000	0.013435
3451.000000	0.026516
3452.000000	0.039775
3453.000000	0.043428
3454.000000	0.035777
3455.000000	0.019244
3456.000000	0.004664
3457.000000	0.002680
3458.000000	0.014765
3459.000000	0.036714
3460.000000	0.050772
3461.000000	0.042488
3462.000000	0.024187
3463.000000	0.011407
3464.000000	0.005774
3465.000000	0.005339
3466.000000	0.007776
3467.000000	0.011601
3468.000000	0.019065
3469.000000	0.030955
3470.000000	0.038466
3471.000000	0.034115
3472.000000	0.025304
3473.000000	0.020951
3474.000000	0.021156
3475.000000	0.023968
3476.000000	0.028044
3477.000000	0.032084
3478.000000	0.034361
3479.000000	0.032761
3480.000000	0.024053
3481.000000	0.008382
3482.000000	0.000528
3483.000000	0.012207
3484.000000	0.028252
3485.000000	0.032525
3486.000000	0.031889
3487.000000	0.033795
3488.000000	0.025041
3489.000000	-0.003330
3490.000000	-0.022655
3491.000000	-0.008106
3492.000000	0.012188
3493.000000	0.008662
3494.000000	-0.001035
3495.000000	0.005056
3496.000000	0.018936
3497.000000	0.027216
3498.000000	0.024922
3499.000000	0.012015
3500.000000	-0.000217
3501.000000	-0.000960
3502.000000	0.007388
3503.000000	0.019112
3504.000000	0.028436
3505.000000	0.030984
3506.000000	0.028049
3507.000000	0.022141
3508.000000	0.014977
3509.000000	0.008493
3510.000000	0.006300
3511.000000	0.010012
3512.000000	0.011568
3513.000000	0.004410
3514.000000	-0.002341
3515.000000	0.000127
3516.000000	0.003699
3517.000000	-0.000177
3518.000000	-0.004892
3519.000000	-0.002559
3520.000000	0.004648
3521.000000	0.011726
3522.000000	0.012430
3523.000000	0.003603
3524.000000	-0.004308
3525.000000	-0.001839
3526.000000	0.002924
3527.000000	0.000519
3528.000000	-0.006482
3529.000000	-0.012559
3530.000000	-0.012444
3531.000000	-0.004059
3532.000000	0.002170
3533.000000	-0.003318
3534.000000	-0.014125
3535.000000	-0.020988
3536.000000	-0.019134
3537.000000	-0.008055
3538.000000	0.000184
3539.000000	-0.003535
3540.000000	-0.003981
3541.000000	0.011363
3542.000000	0.019799
3543.000000	0.001546
3544.000000	-0.016310
3545.000000	-0.006298
3546.000000	0.013711
3547.000000	0.020708
3548.000000	0.016462
3549.000000	0.008973
3550.000000	0.006383
3551.000000	0.013338
3552.000000	0.020355
3553.000000	0.017873
3554.000000	0.010155
3555.000000	0.003896
3556.000000	0.001697
3557.000000	0.004411
3558.000000	0.009996
3559.000000	0.015967
3560.000000	0.020955
3561.000000	0.022983
3562.000000	0.016515
3563.000000	-0.001540
3564.000000	-0.020932
3565.000000	-0.029237
3566.000000	-0.018684
3567.000000	0.011895
3568.000000	0.041903
3569.000000	0.051064
3570.000000	0.042143
3571.000000	0.023815
3572.000000	0.005335
3573.000000	-0.004639
3574.000000	-0.000434
3575.000000	0.018338
3576.000000	0.033917
3577.000000	0.029717
3578.000000	0.012013
3579.000000	-0.007675
3580.000000	-0.019692
3581.000000	-0.017515
3582.000000	-0.005291
3583.000000	0.009423
3584.000000	0.016092
3585.000000	0.007721
3586.000000	-0.005536
3587.000000	-0.012075
3588.000000	-0.011645
3589.000000	-0.006803
3590.000000	0.000010
3591.000000	0.006846
3592.000000	0.013603
3593.000000	0.020008
3594.000000	0.023259
3595.000000	0.021267
3596.000000	0.017328
3597.000000	0.014987
3598.000000	0.013406
3599.000000	0.010651
3600.000000	0.004789
