400.000000	0.012087
402.000000	0.001801
404.000000	0.017775
406.000000	0.033248
408.000000	0.019146
410.000000	0.019894
412.000000	0.037816
414.000000	0.030250
416.000000	0.014394
418.000000	0.012649
420.000000	0.014225
422.000000	0.016816
424.000000	0.022610
426.000000	0.016988
428.000000	0.004858
430.000000	0.016942
432.000000	0.029631
434.000000	0.014378
436.000000	0.003022
438.000000	0.004443
440.000000	0.000413
442.000000	-0.004817
444.000000	-0.003254
446.000000	0.004681
448.000000	0.008152
450.000000	-0.001200
452.000000	-0.002099
454.000000	0.005210
456.000000	-0.006238
458.000000	-0.013821
460.000000	0.004086
462.000000	0.017993
464.000000	0.013482
466.000000	-0.002743
468.000000	-0.010308
470.000000	-0.005022
472.000000	-0.008626
474.000000	-0.015080
476.000000	-0.009111
478.000000	0.005910
480.000000	0.010017
482.000000	-0.017522
484.000000	-0.033618
486.000000	-0.012165
488.000000	0.009680
490.000000	0.019484
492.000000	0.021918
494.000000	0.014743
496.000000	0.004491
498.000000	0.005341
500.000000	0.009497
502.000000	0.009697
504.000000	0.015103
506.000000	0.017931
508.000000	0.006406
510.000000	0.000755
512.000000	0.006504
514.000000	0.006110
516.000000	0.004820
518.000000	0.011009
520.000000	0.018364
522.000000	0.023033
524.000000	0.023609
526.000000	0.015932
528.000000	0.003964
530.000000	0.001141
532.000000	0.008812
534.000000	0.020168
536.000000	0.023630
538.000000	0.018899
540.000000	0.013342
542.000000	0.008792
544.000000	0.009400
546.000000	0.021468
548.000000	0.032120
550.000000	0.029706
552.000000	0.023454
554.000000	0.015717
556.000000	0.004609
558.000000	-0.000274
560.000000	0.005099
562.000000	0.013905
564.000000	0.016523
566.000000	0.009732
568.000000	0.005094
570.000000	0.008976
572.000000	0.019544
574.000000	0.023899
576.000000	0.016482
578.000000	0.003853
580.000000	-0.003125
582.000000	-0.001332
584.000000	-0.003730
586.000000	-0.007291
588.000000	-0.001946
590.000000	0.007461
592.000000	0.012986
594.000000	0.009211
596.000000	0.005128
598.000000	0.005712
600.000000	0.002242
602.000000	-0.000515
604.000000	0.004145
606.000000	0.005378
608.000000	-0.001980
610.000000	-0.013095
612.000000	-0.013772
614.000000	-0.004673
616.000000	-0.007663
618.000000	-0.015820
620.000000	-0.015913
622.000000	-0.012591
624.000000	-0.004129
626.000000	0.011425
628.000000	0.012972
630.000000	-0.001469
632.000000	-0.008612
634.000000	-0.004662
636.000000	0.004421
638.000000	0.010320
640.000000	0.012789
642.000000	0.016454
644.000000	0.024846
646.000000	0.026455
648.000000	0.006572
650.000000	-0.002723
652.000000	0.008777
654.000000	0.007798
656.000000	0.001387
658.000000	0.002892
660.000000	-0.001083
662.000000	-0.003016
664.000000	0.009831
666.000000	0.013247
668.000000	0.008012
670.000000	0.019038
672.000000	0.012167
674.000000	0.005297
676.000000	-0.007713
678.000000	-0.009615
680.000000	-0.006670
682.000000	-0.009578
684.000000	-0.015364
686.000000	-0.013905
688.000000	-0.006754
690.000000	-0.000201
692.000000	-0.001449
694.000000	-0.009841
696.000000	-0.014402
698.000000	0.002179
700.000000	0.011167
702.000000	-0.007669
704.000000	-0.005798
706.000000	0.009334
708.000000	0.000744
710.000000	-0.007520
712.000000	-0.003604
714.000000	-0.000461
716.000000	-0.002785
718.000000	-0.008954
720.000000	-0.011896
722.000000	0.000019
724.000000	0.024213
726.000000	0.021141
728.000000	0.018069
730.000000	0.019131
732.000000	0.012132
734.000000	-0.003706
736.000000	-0.008961
738.000000	-0.002013
740.000000	0.005192
742.000000	-0.003981
744.000000	-0.007139
746.000000	0.006746
748.000000	0.004699
750.000000	-0.002263
752.000000	0.005949
754.000000	0.006080
756.000000	0.007852
758.000000	0.032518
760.000000	0.035568
762.000000	0.014908
764.000000	0.015761
766.000000	0.020717
768.000000	0.013863
770.000000	0.009003
772.000000	0.010286
774.000000	0.017286
776.000000	0.029772
778.000000	0.036691
780.000000	0.031188
782.000000	0.032654
784.000000	0.039979
786.000000	0.038721
788.000000	0.036387
790.000000	0.032837
792.000000	0.019569
794.000000	0.011738
796.000000	0.017478
798.000000	0.025623
800.000000	0.028295
802.000000	0.021306
804.000000	0.004812
806.000000	-0.009266
808.000000	-0.008944
810.000000	0.002367
812.000000	0.009894
814.000000	0.002038
816.000000	-0.003239
818.000000	-0.000590
820.000000	0.001701
822.000000	0.009595
824.000000	0.017704
826.000000	0.010182
828.000000	0.011287
830.000000	0.026539
832.000000	0.019832
834.000000	0.007768
836.000000	0.013538
838.000000	0.025039
840.000000	0.028003
842.000000	0.017391
844.000000	0.007769
846.000000	0.012724
848.000000	0.032925
850.000000	0.039623
852.000000	0.033992
854.000000	0.038462
856.000000	0.035438
858.000000	0.021968
860.000000	0.018804
862.000000	0.029068
864.000000	0.037846
866.000000	0.021850
868.000000	0.007435
870.000000	0.016201
872.000000	0.029510
874.000000	0.030800
876.000000	0.020508
878.000000	0.023187
880.000000	0.019546
882.000000	-0.007243
884.000000	-0.004278
886.000000	0.021162
888.000000	0.027012
890.000000	0.019724
892.000000	0.010901
894.000000	0.008401
896.000000	0.018564
898.000000	0.026445
900.000000	0.008445
902.000000	-0.003327
904.000000	0.007837
906.000000	0.021703
908.000000	0.022126
910.000000	0.014206
912.000000	0.022601
914.000000	0.024793
916.000000	0.013163
918.000000	0.027501
920.000000	0.034353
922.000000	0.009148
924.000000	0.008649
926.000000	0.028975
928.000000	0.035593
930.000000	0.015710
932.000000	-0.001503
934.000000	0.013001
936.000000	0.024848
938.000000	0.018568
940.000000	0.004563
942.000000	0.005553
944.000000	0.019572
946.000000	0.028708
948.000000	0.036560
950.000000	0.039039
952.000000	0.027828
954.000000	0.023316
956.000000	0.031175
958.000000	0.036794
960.000000	0.037944
962.000000	0.037229
964.000000	0.036181
966.000000	0.025112
968.000000	0.006240
970.000000	-0.000910
972.000000	0.007066
974.000000	0.018245
976.000000	0.014463
978.000000	0.018149
980.000000	0.039487
982.000000	0.047317
984.000000	0.036448
986.000000	0.021036
988.000000	0.021534
990.000000	0.022897
992.000000	0.017619
994.000000	0.038014
996.000000	0.060140
998.000000	0.058048
1000.000000	0.062752
1002.000000	0.081825
1004.000000	0.103817
1006.000000	0.101955
1008.000000	0.100093
1010.000000	0.068620
1012.000000	0.049518
1014.000000	0.042858
1016.000000	0.032908
1018.000000	0.019295
1020.000000	0.012252
1022.000000	0.018735
1024.000000	0.023608
1026.000000	0.021023
1028.000000	0.017083
1030.000000	0.024648
1032.000000	0.041920
1034.000000	0.042635
1036.000000	0.043350
1038.000000	0.044064
1040.000000	0.026833
1042.000000	0.015570
1044.000000	0.013784
1046.000000	0.017696
1048.000000	0.019465
1050.000000	0.020931
1052.000000	0.027504
1054.000000	0.029991
1056.000000	0.025883
1058.000000	0.021131
1060.000000	0.022689
1062.000000	0.022779
1064.000000	0.012361
1066.000000	0.016338
1068.000000	0.033024
1070.000000	0.037904
1072.000000	0.024545
1074.000000	0.010646
1076.000000	0.017182
1078.000000	0.022548
1080.000000	0.027995
1082.000000	0.045235
1084.000000	0.038598
1086.000000	0.021445
1088.000000	0.035005
1090.000000	0.056176
1092.000000	0.058495
1094.000000	0.036076
1096.000000	0.021188
1098.000000	0.031200
1100.000000	0.055917
1102.000000	0.058346
1104.000000	0.043302
1106.000000	0.041715
1108.000000	0.054237
1110.000000	0.057002
1112.000000	0.034595
1114.000000	0.030119
1116.000000	0.038196
1118.000000	0.030457
1120.000000	0.027463
1122.000000	0.033912
1124.000000	0.036932
1126.000000	0.024498
1128.000000	0.025791
1130.000000	0.056814
1132.000000	0.047265
1134.000000	0.008608
1136.000000	-0.009360
1138.000000	-0.003064
1140.000000	0.003153
1142.000000	-0.006065
1144.000000	-0.005860
1146.000000	-0.010316
1148.000000	-0.029850
1150.000000	-0.028046
1152.000000	-0.011460
1154.000000	-0.001908
1156.000000	-0.003317
1158.000000	-0.000468
1160.000000	0.006829
1162.000000	-0.009238
1164.000000	-0.017194
1166.000000	0.001177
1168.000000	0.010762
1170.000000	0.003019
1172.000000	-0.009052
1174.000000	-0.004703
1176.000000	0.007086
1178.000000	0.008248
1180.000000	-0.007755
1182.000000	-0.002143
1184.000000	0.021868
1186.000000	0.015832
1188.000000	-0.001552
1190.000000	-0.007276
1192.000000	0.002472
1194.000000	0.013699
1196.000000	0.015389
1198.000000	0.010243
1200.000000	0.021685
1202.000000	0.037337
1204.000000	0.032113
1206.000000	0.030828
1208.000000	0.046381
1210.000000	0.067183
1212.000000	0.062720
1214.000000	0.061053
1216.000000	0.086525
1218.000000	0.087766
1220.000000	0.082320
1222.000000	0.091681
1224.000000	0.079108
1226.000000	0.060820
1228.000000	0.066145
1230.000000	0.097737
1232.000000	0.120400
1234.000000	0.119415
1236.000000	0.119503
1238.000000	0.119413
1240.000000	0.107738
1242.000000	0.082889
1244.000000	0.086067
1246.000000	0.106532
1248.000000	0.098814
1250.000000	0.100905
1252.000000	0.105802
1254.000000	0.081431
1256.000000	0.066452
1258.000000	0.076621
1260.000000	0.094686
1262.000000	0.088167
1264.000000	0.075467
1266.000000	0.083589
1268.000000	0.097737
1270.000000	0.089988
1272.000000	0.071276
1274.000000	0.099181
1276.000000	0.115120
1278.000000	0.088644
1280.000000	0.072255
1282.000000	0.068571
1284.000000	0.070822
1286.000000	0.080390
1288.000000	0.099610
1290.000000	0.110042
1292.000000	0.098267
1294.000000	0.111689
1296.000000	0.124882
1298.000000	0.100615
1300.000000	0.100988
1302.000000	0.121992
1304.000000	0.135992
1306.000000	0.150295
1308.000000	0.150711
1310.000000	0.135670
1312.000000	0.131479
1314.000000	0.130372
1316.000000	0.129943
1318.000000	0.138980
1320.000000	0.131090
1322.000000	0.117780
1324.000000	0.130702
1326.000000	0.134083
1328.000000	0.128459
1330.000000	0.132861
1332.000000	0.129678
1334.000000	0.132767
1336.000000	0.150325
1338.000000	0.150262
1340.000000	0.146415
1342.000000	0.138560
1344.000000	0.097088
1346.000000	0.088319
1348.000000	0.112840
1350.000000	0.095281
1352.000000	0.063070
1354.000000	0.056280
1356.000000	0.082611
1358.000000	0.093747
1360.000000	0.082587
1362.000000	0.068955
1364.000000	0.062335
1366.000000	0.065403
1368.000000	0.071953
1370.000000	0.068495
1372.000000	0.053852
1374.000000	0.042971
1376.000000	0.051825
1378.000000	0.051647
1380.000000	0.045683
1382.000000	0.054157
1384.000000	0.047529
1386.000000	0.033716
1388.000000	0.027631
1390.000000	0.007623
1392.000000	0.004124
1394.000000	0.024373
1396.000000	0.018862
1398.000000	0.009871
1400.000000	0.020886
1402.000000	0.039424
1404.000000	0.022291
1406.000000	0.004284
1408.000000	0.032331
1410.000000	0.030028
1412.000000	0.014776
1414.000000	0.023244
1416.000000	0.020737
1418.000000	0.016307
1420.000000	0.028401
1422.000000	0.053274
1424.000000	0.052804
1426.000000	0.032867
1428.000000	0.034262
1430.000000	0.058376
1432.000000	0.077469
1434.000000	0.072997
1436.000000	0.069639
1438.000000	0.074010
1440.000000	0.087928
1442.000000	0.113412
1444.000000	0.118811
1446.000000	0.117488
1448.000000	0.147724
1450.000000	0.161141
1452.000000	0.155014
1454.000000	0.159187
1456.000000	0.176359
1458.000000	0.172094
1460.000000	0.142548
1462.000000	0.136158
1464.000000	0.132515
1466.000000	0.109298
1468.000000	0.081178
1470.000000	0.105002
1472.000000	0.125043
1474.000000	0.084870
1476.000000	0.079161
1478.000000	0.077238
1480.000000	0.053602
1482.000000	0.062881
1484.000000	0.073021
1486.000000	0.065715
1488.000000	0.055535
1490.000000	0.040090
1492.000000	0.024349
1494.000000	0.017660
1496.000000	0.020929
1498.000000	0.010694
1500.000000	-0.011944
1502.000000	-0.013854
1504.000000	-0.007185
1506.000000	-0.002218
1508.000000	0.001015
1510.000000	-0.001201
1512.000000	-0.006221
1514.000000	-0.009890
1516.000000	-0.013050
1518.000000	-0.021955
1520.000000	-0.025606
1522.000000	-0.007230
1524.000000	0.003234
1526.000000	0.002307
1528.000000	0.003999
1530.000000	0.005119
1532.000000	0.002541
1534.000000	-0.002331
1536.000000	-0.005243
1538.000000	-0.009637
1540.000000	-0.014781
1542.000000	-0.015278
1544.000000	-0.008516
1546.000000	-0.000639
1548.000000	0.003747
1550.000000	0.008825
1552.000000	0.015267
1554.000000	0.023351
1556.000000	0.032134
1558.000000	0.035122
1560.000000	0.042566
1562.000000	0.055975
1564.000000	0.048669
1566.000000	0.048197
1568.000000	0.061127
1570.000000	0.058070
1572.000000	0.057666
1574.000000	0.061903
1576.000000	0.068416
1578.000000	0.075654
1580.000000	0.082893
1582.000000	0.090131
1584.000000	0.092531
1586.000000	0.098558
1588.000000	0.086219
1590.000000	0.061762
1592.000000	0.063209
1594.000000	0.078175
1596.000000	0.075226
1598.000000	0.048558
1600.000000	0.056427
1602.000000	0.091245
1604.000000	0.101262
1606.000000	0.094105
1608.000000	0.082058
1610.000000	0.079479
1612.000000	0.094822
1614.000000	0.087283
1616.000000	0.071012
1618.000000	0.081699
1620.000000	0.074261
1622.000000	0.074365
1624.000000	0.088518
1626.000000	0.063345
1628.000000	0.057069
1630.000000	0.078213
1632.000000	0.086219
1634.000000	0.088275
1636.000000	0.089437
1638.000000	0.089248
1640.000000	0.089190
1642.000000	0.102275
1644.000000	0.120192
1646.000000	0.129488
1648.000000	0.145284
1650.000000	0.152142
1652.000000	0.152930
1654.000000	0.176116
1656.000000	0.181495
1658.000000	0.169492
1660.000000	0.169059
1662.000000	0.177853
1664.000000	0.190381
1666.000000	0.200116
1668.000000	0.200342
1670.000000	0.190291
1672.000000	0.180224
1674.000000	0.179162
1676.000000	0.181967
1678.000000	0.183988
1680.000000	0.183496
1682.000000	0.180372
1684.000000	0.172208
1686.000000	0.152816
1688.000000	0.128026
1690.000000	0.119590
1692.000000	0.119672
1694.000000	0.115949
1696.000000	0.105844
1698.000000	0.097715
1700.000000	0.085421
1702.000000	0.086013
1704.000000	0.086604
1706.000000	0.087196
1708.000000	0.087787
1710.000000	0.088379
1712.000000	0.088971
1714.000000	0.089562
1716.000000	0.018081
1718.000000	0.011846
1720.000000	-0.002144
1722.000000	-0.003743
1724.000000	0.011153
1726.000000	-0.002761
1728.000000	-0.013306
1730.000000	-0.009578
1732.000000	-0.006813
1734.000000	0.004498
1736.000000	0.015107
1738.000000	0.015039
1740.000000	0.006046
1742.000000	-0.007049
1744.000000	-0.011952
1746.000000	-0.005698
1748.000000	-0.005179
1750.000000	-0.010829
1752.000000	-0.012948
1754.000000	-0.008965
1756.000000	-0.016837
1758.000000	-0.014994
1760.000000	-0.000481
1762.000000	-0.004133
1764.000000	-0.009642
1766.000000	-0.008492
1768.000000	-0.008462
1770.000000	-0.017625
1772.000000	-0.012368
1774.000000	0.004054
1776.000000	0.006956
1778.000000	-0.001374
1780.000000	-0.013229
1782.000000	-0.012534
1784.000000	-0.008808
1786.000000	-0.005075
1788.000000	-0.001342
1790.000000	-0.005153
1792.000000	-0.008642
1794.000000	-0.013428
1796.000000	-0.015179
1798.000000	-0.011165
1800.000000	-0.007699
1802.000000	-0.011031
1804.000000	-0.012904
1806.000000	-0.002217
1808.000000	0.002102
1810.000000	-0.002358
1812.000000	-0.008627
1814.000000	-0.011750
1816.000000	-0.005746
1818.000000	0.005448
1820.000000	0.009282
1822.000000	-0.002927
1824.000000	-0.007767
1826.000000	-0.002213
1828.000000	-0.000424
1830.000000	0.000849
1832.000000	0.002896
1834.000000	0.000244
1836.000000	-0.009631
1838.000000	-0.008940
1840.000000	0.002783
1842.000000	0.008904
1844.000000	-0.003949
1846.000000	-0.010675
1848.000000	-0.006335
1850.000000	-0.004046
1852.000000	-0.010959
1854.000000	-0.009135
1856.000000	-0.000996
1858.000000	-0.000373
1860.000000	-0.003049
1862.000000	-0.004341
1864.000000	0.000173
1866.000000	0.008296
1868.000000	0.005895
1870.000000	0.005159
1872.000000	0.001581
1874.000000	-0.016509
1876.000000	-0.005179
1878.000000	-0.000228
1880.000000	-0.017220
1882.000000	-0.010509
1884.000000	-0.003481
1886.000000	-0.001637
1888.000000	0.002030
1890.000000	0.005089
1892.000000	0.009652
1894.000000	0.009849
1896.000000	0.002844
1898.000000	-0.000548
1900.000000	0.000639
1902.000000	0.004225
1904.000000	0.007011
1906.000000	0.004258
1908.000000	-0.004318
1910.000000	-0.002330
1912.000000	0.012192
1914.000000	-0.004256
1916.000000	-0.012291
1918.000000	0.000000
1920.000000	0.002546
1922.000000	0.006638
1924.000000	0.011708
1926.000000	0.015362
1928.000000	0.014591
1930.000000	-0.005491
1932.000000	-0.006357
1934.000000	0.014199
1936.000000	0.011908
1938.000000	0.013585
1940.000000	0.003920
1942.000000	-0.006046
1944.000000	0.025048
1946.000000	0.025358
1948.000000	0.002139
1950.000000	-0.005758
1952.000000	-0.000224
1954.000000	-0.005196
1956.000000	-0.014309
1958.000000	-0.006774
1960.000000	0.017004
1962.000000	0.014408
1964.000000	0.001015
1966.000000	0.004866
1968.000000	0.011403
1970.000000	0.006135
1972.000000	-0.003942
1974.000000	-0.008663
1976.000000	-0.009907
1978.000000	-0.000740
1980.000000	0.004820
1982.000000	-0.000958
1984.000000	0.001428
1986.000000	0.009228
1988.000000	0.016337
1990.000000	0.019876
1992.000000	0.017123
1994.000000	0.000935
1996.000000	-0.003022
1998.000000	0.012486
2000.000000	0.008329
2002.000000	0.006516
2004.000000	0.005915
2006.000000	0.004378
2008.000000	0.022186
2010.000000	0.023920
2012.000000	0.000111
2014.000000	-0.015808
2016.000000	0.007890
2018.000000	0.009862
2020.000000	0.006398
2022.000000	0.019905
2024.000000	0.009059
2026.000000	-0.010953
2028.000000	-0.006028
2030.000000	0.015422
2032.000000	0.008049
2034.000000	0.005286
2036.000000	0.005096
2038.000000	0.000882
2040.000000	0.008318
2042.000000	0.013293
2044.000000	0.012807
2046.000000	0.011940
2048.000000	0.011469
2050.000000	0.006674
2052.000000	0.017129
2054.000000	0.022510
2056.000000	-0.009725
2058.000000	-0.006252
2060.000000	0.012340
2062.000000	0.018184
2064.000000	0.016881
2066.000000	-0.001174
2068.000000	-0.007816
2070.000000	0.004053
2072.000000	0.013391
2074.000000	0.013720
2076.000000	0.008625
2078.000000	-0.000390
2080.000000	-0.002139
2082.000000	0.022455
2084.000000	0.015213
2086.000000	-0.000325
2088.000000	0.012305
2090.000000	0.006259
2092.000000	0.019099
2094.000000	0.018281
2096.000000	-0.006924
2098.000000	0.012412
2100.000000	0.019986
2102.000000	0.013067
2104.000000	0.016632
2106.000000	0.023689
2108.000000	0.008017
2110.000000	0.002744
2112.000000	0.010326
2114.000000	0.000515
2116.000000	0.007654
2118.000000	0.006246
2120.000000	-0.006872
2122.000000	-0.006177
2124.000000	0.002068
2126.000000	0.013866
2128.000000	0.014660
2130.000000	0.007691
2132.000000	0.024498
2134.000000	0.030695
2136.000000	0.007766
2138.000000	-0.014366
2140.000000	0.000813
2142.000000	-0.000025
2144.000000	-0.007804
2146.000000	0.001898
2148.000000	0.019532
2150.000000	0.025670
2152.000000	0.021871
2154.000000	0.018315
2156.000000	0.017390
2158.000000	0.008856
2160.000000	-0.005583
2162.000000	-0.004311
2164.000000	0.006681
2166.000000	-0.011109
2168.000000	-0.000668
2170.000000	0.009323
2172.000000	-0.001231
2174.000000	0.010239
2176.000000	0.018824
2178.000000	0.013297
2180.000000	0.012561
2182.000000	0.027997
2184.000000	0.025972
2186.000000	0.015227
2188.000000	0.009154
2190.000000	0.009283
2192.000000	0.011105
2194.000000	0.008582
2196.000000	0.003428
2198.000000	0.002882
2200.000000	0.008125
2202.000000	0.004852
2204.000000	0.005359
2206.000000	0.017678
2208.000000	0.024265
2210.000000	0.001233
2212.000000	-0.013075
2214.000000	-0.010531
2216.000000	-0.005182
2218.000000	0.003667
2220.000000	0.010372
2222.000000	0.018421
2224.000000	0.026947
2226.000000	0.028929
2228.000000	0.026494
2230.000000	0.017947
2232.000000	0.007058
2234.000000	0.004780
2236.000000	0.015783
2238.000000	0.015670
2240.000000	0.010073
2242.000000	0.008370
2244.000000	0.007168
2246.000000	0.016033
2248.000000	0.013350
2250.000000	0.016132
2252.000000	0.013638
2254.000000	0.011144
2256.000000	0.009178
2258.000000	0.011034
2260.000000	0.006966
2262.000000	0.031087
2264.000000	0.024607
2266.000000	0.007903
2268.000000	0.007592
2270.000000	0.011630
2272.000000	0.000076
2274.000000	-0.001866
2276.000000	0.006618
2278.000000	0.012801
2280.000000	0.009338
2282.000000	-0.011385
2284.000000	-0.001803
2286.000000	0.012089
2288.000000	-0.003817
2290.000000	0.008169
2292.000000	0.011550
2294.000000	0.000878
2296.000000	-0.005453
2298.000000	0.000655
2300.000000	0.015682
2302.000000	0.007715
2304.000000	-0.001535
2306.000000	0.013781
2308.000000	0.020394
2310.000000	0.009578
2312.000000	0.008892
2314.000000	0.014939
2316.000000	0.003286
2318.000000	-0.005222
2320.000000	-0.005176
2322.000000	0.009279
2324.000000	0.031097
2326.000000	0.037591
2328.000000	0.026149
2330.000000	0.007901
2332.000000	0.007274
2334.000000	0.018896
2336.000000	0.002291
2338.000000	0.005508
2340.000000	0.001768
2342.000000	-0.012585
2344.000000	0.003244
2346.000000	0.020799
2348.000000	0.010018
2350.000000	0.001218
2352.000000	0.007478
2354.000000	-0.007778
2356.000000	-0.020773
2358.000000	0.000849
2360.000000	0.016844
2362.000000	-0.003949
2364.000000	-0.007047
2366.000000	-0.003288
2368.000000	0.015519
2370.000000	0.023385
2372.000000	-0.001379
2374.000000	0.000863
2376.000000	0.003671
2378.000000	-0.002816
2380.000000	-0.000311
2382.000000	0.016412
2384.000000	0.016880
2386.000000	-0.007766
2388.000000	-0.001748
2390.000000	0.005758
2392.000000	0.013263
2394.000000	0.003210
2396.000000	-0.005147
2398.000000	0.000194
2400.000000	0.020836
2402.000000	0.010202
2404.000000	0.006241
2406.000000	0.008720
2408.000000	0.007593
2410.000000	0.004593
2412.000000	-0.001476
2414.000000	-0.010565
2416.000000	0.002227
2418.000000	0.019302
2420.000000	0.009537
2422.000000	0.004452
2424.000000	-0.005060
2426.000000	-0.001431
2428.000000	0.014524
2430.000000	0.014624
2432.000000	0.003330
2434.000000	-0.000513
2436.000000	-0.000401
2438.000000	0.000994
2440.000000	0.005438
2442.000000	-0.001876
2444.000000	0.012955
2446.000000	0.027295
2448.000000	0.014558
2450.000000	0.002807
2452.000000	0.019473
2454.000000	0.016128
2456.000000	-0.003748
2458.000000	-0.006413
2460.000000	0.006955
2462.000000	0.010335
2464.000000	0.005211
2466.000000	0.004783
2468.000000	0.011237
2470.000000	0.014727
2472.000000	0.012056
2474.000000	0.001377
2476.000000	-0.004160
2478.000000	0.002099
2480.000000	0.006968
2482.000000	0.002527
2484.000000	0.005184
2486.000000	0.015763
2488.000000	0.016031
2490.000000	0.002114
2492.000000	0.003870
2494.000000	0.002759
2496.000000	0.003696
2498.000000	0.005795
2500.000000	-0.007886
2502.000000	-0.012159
2504.000000	0.011073
2506.000000	0.008042
2508.000000	-0.007881
2510.000000	0.014828
2512.000000	0.000148
2514.000000	0.002935
2516.000000	0.018022
2518.000000	0.009192
2520.000000	-0.011195
2522.000000	-0.004091
2524.000000	-0.000107
2526.000000	-0.004143
2528.000000	-0.004568
2530.000000	0.006301
2532.000000	0.023731
2534.000000	0.007649
2536.000000	-0.004339
2538.000000	0.012044
2540.000000	0.015124
2542.000000	-0.018918
2544.000000	0.009134
2546.000000	0.016358
2548.000000	0.001989
2550.000000	0.005296
2552.000000	-0.008794
2554.000000	-0.006826
2556.000000	-0.005246
2558.000000	-0.006420
2560.000000	0.006148
2562.000000	0.021470
2564.000000	0.000097
2566.000000	-0.009757
2568.000000	0.002402
2570.000000	0.010411
2572.000000	0.007341
2574.000000	0.012798
2576.000000	0.008310
2578.000000	-0.000689
2580.000000	-0.002747
2582.000000	-0.002447
2584.000000	-0.002331
2586.000000	0.021467
2588.000000	0.018209
2590.000000	-0.000471
2592.000000	-0.001367
2594.000000	0.005727
2596.000000	0.014646
2598.000000	0.000610
2600.000000	-0.003125
2602.000000	0.010295
2604.000000	0.010190
2606.000000	0.000706
2608.000000	-0.013669
2610.000000	-0.004214
2612.000000	0.001828
2614.000000	-0.005244
2616.000000	0.013500
2618.000000	0.005399
2620.000000	-0.009781
2622.000000	-0.010122
2624.000000	0.001505
2626.000000	0.007618
2628.000000	-0.001911
2630.000000	0.010066
2632.000000	0.028201
2634.000000	0.022917
2636.000000	0.008062
2638.000000	0.011759
2640.000000	0.001405
2642.000000	0.017641
2644.000000	0.033831
2646.000000	0.016053
2648.000000	-0.011886
2650.000000	-0.019434
2652.000000	-0.004894
2654.000000	-0.003322
2656.000000	-0.010418
2658.000000	-0.006446
2660.000000	-0.002241
2662.000000	0.000168
2664.000000	0.014888
2666.000000	0.006242
2668.000000	-0.009728
2670.000000	0.006895
2672.000000	0.013705
2674.000000	-0.004894
2676.000000	0.005099
2678.000000	0.004957
2680.000000	-0.012199
2682.000000	0.006131
2684.000000	0.003523
2686.000000	0.005122
2688.000000	0.013009
2690.000000	0.006862
2692.000000	-0.002479
2694.000000	0.009478
2696.000000	0.008168
2698.000000	0.008520
2700.000000	-0.001462
2702.000000	-0.000886
2704.000000	0.013494
2706.000000	-0.011220
2708.000000	-0.003042
2710.000000	0.001812
2712.000000	0.019512
2714.000000	0.033174
2716.000000	0.009460
2718.000000	0.019671
2720.000000	0.025263
2722.000000	0.014095
2724.000000	0.010858
2726.000000	0.021692
2728.000000	0.020834
2730.000000	0.006510
2732.000000	0.029160
2734.000000	0.032809
2736.000000	0.012324
2738.000000	0.012818
2740.000000	0.029792
2742.000000	0.025244
2744.000000	0.004023
2746.000000	0.001784
2748.000000	0.002355
2750.000000	-0.009255
2752.000000	-0.001825
2754.000000	0.015369
2756.000000	0.005684
2758.000000	0.001961
2760.000000	0.018606
2762.000000	0.025670
2764.000000	0.012105
2766.000000	0.007218
2768.000000	0.005172
2770.000000	-0.015815
2772.000000	-0.024645
2774.000000	-0.000389
2776.000000	0.009242
2778.000000	-0.016217
2780.000000	-0.007428
2782.000000	-0.002323
2784.000000	-0.017476
2786.000000	-0.015705
2788.000000	0.003114
2790.000000	0.000514
2792.000000	0.002888
2794.000000	-0.007089
2796.000000	-0.015953
2798.000000	-0.012687
2800.000000	-0.015432
2802.000000	-0.010193
2804.000000	-0.011426
2806.000000	-0.014885
2808.000000	-0.013631
2810.000000	-0.010953
2812.000000	-0.014464
2814.000000	-0.018830
2816.000000	-0.000636
2818.000000	-0.004342
2820.000000	-0.004451
2822.000000	-0.001704
2824.000000	-0.018236
2826.000000	-0.013091
2828.000000	-0.012501
2830.000000	-0.003600
2832.000000	-0.005373
2834.000000	-0.007477
2836.000000	0.015273
2838.000000	0.038474
2840.000000	0.034711
2842.000000	0.030466
2844.000000	0.052299
2846.000000	0.071719
2848.000000	0.082378
2850.000000	0.107913
2852.000000	0.124453
2854.000000	0.154510
2856.000000	0.183128
2858.000000	0.212197
2860.000000	0.237276
2862.000000	0.246208
2864.000000	0.261792
2866.000000	0.308521
2868.000000	0.341894
2870.000000	0.361976
2872.000000	0.388363
2874.000000	0.433959
2876.000000	0.481899
2878.000000	0.477676
2880.000000	0.451123
2882.000000	0.454400
2884.000000	0.477648
2886.000000	0.460137
2888.000000	0.433006
2890.000000	0.471134
2892.000000	0.446693
2894.000000	0.474206
2896.000000	0.508367
2898.000000	0.519406
2900.000000	0.533527
2902.000000	0.545376
2904.000000	0.564767
2906.000000	0.599988
2908.000000	0.612114
2910.000000	0.653163
2912.000000	0.689629
2914.000000	0.690587
2916.000000	0.708231
2918.000000	0.710050
2920.000000	0.844461
2922.000000	0.888650
2924.000000	0.884648
2926.000000	0.898520
2928.000000	0.895144
2930.000000	0.940812
2932.000000	0.962670
2934.000000	0.972725
2936.000000	0.984508
2938.000000	1.000000
2940.000000	0.970268
2942.000000	0.876197
2944.000000	0.816011
2946.000000	0.819119
2948.000000	0.757246
2950.000000	0.714865
2952.000000	0.744069
2954.000000	0.731734
2956.000000	0.641590
2958.000000	0.613362
2960.000000	0.620450
2962.000000	0.587984
2964.000000	0.594070
2966.000000	0.620952
2968.000000	0.578625
2970.000000	0.509972
2972.000000	0.510072
2974.000000	0.491937
2976.000000	0.488021
2978.000000	0.483973
2980.000000	0.446944
2982.000000	0.404534
2984.000000	0.397707
2986.000000	0.390806
2988.000000	0.332838
2990.000000	0.313241
2992.000000	0.313272
2994.000000	0.276835
2996.000000	0.223293
2998.000000	0.191176
3000.000000	0.174047
3002.000000	0.179142
3004.000000	0.170600
3006.000000	0.119147
3008.000000	0.098490
3010.000000	0.107235
3012.000000	0.093383
3014.000000	0.080181
3016.000000	0.073555
3018.000000	0.073826
3020.000000	0.055816
3022.000000	0.012071
3024.000000	0.023658
3026.000000	0.055688
3028.000000	0.010294
3030.000000	-0.015499
3032.000000	-0.009864
3034.000000	0.003426
3036.000000	0.013340
3038.000000	0.007052
3040.000000	0.004995
3042.000000	0.024507
3044.000000	0.036628
3046.000000	0.032847
3048.000000	0.008568
3050.000000	-0.001537
3052.000000	-0.000101
3054.000000	0.005824
3056.000000	0.014724
3058.000000	0.018166
3060.000000	0.031081
3062.000000	0.069580
3064.000000	0.054357
3066.000000	0.050110
3068.000000	0.041901
3070.000000	0.034203
3072.000000	0.041877
3074.000000	0.023031
3076.000000	0.012615
3078.000000	-0.000146
3080.000000	-0.007053
3082.000000	-0.009707
3084.000000	0.002969
3086.000000	0.005810
3088.000000	-0.010582
3090.000000	-0.008888
3092.000000	-0.010122
3094.000000	0.010385
3096.000000	-0.010013
3098.000000	-0.030891
3100.000000	-0.019925
3102.000000	-0.006628
3104.000000	-0.013408
3106.000000	-0.024759
3108.000000	-0.015037
3110.000000	0.004286
3112.000000	0.001410
3114.000000	-0.016874
3116.000000	-0.004439
3118.000000	0.004519
3120.000000	-0.007435
3122.000000	0.012729
3124.000000	0.000849
3126.000000	0.001232
3128.000000	-0.011791
3130.000000	-0.007919
3132.000000	-0.009971
3134.000000	-0.006875
3136.000000	0.000535
3138.000000	-0.027615
3140.000000	-0.014310
3142.000000	-0.008101
3144.000000	-0.016469
3146.000000	0.020154
3148.000000	0.010923
3150.000000	-0.004336
3152.000000	0.027784
3154.000000	0.013521
3156.000000	-0.019322
3158.000000	-0.019884
3160.000000	-0.003980
3162.000000	-0.000793
3164.000000	0.003194
3166.000000	0.000416
3168.000000	-0.000986
3170.000000	0.000671
3172.000000	-0.012885
3174.000000	0.006213
3176.000000	0.011415
3178.000000	0.014215
3180.000000	-0.007392
3182.000000	-0.013272
3184.000000	-0.011339
3186.000000	-0.008946
3188.000000	0.016706
3190.000000	0.017833
3192.000000	0.005035
3194.000000	-0.010326
3196.000000	-0.013519
3198.000000	-0.006704
3200.000000	-0.001001
3202.000000	0.004863
3204.000000	0.012250
3206.000000	0.020592
3208.000000	0.028269
3210.000000	0.006874
3212.000000	-0.003160
3214.000000	0.024860
3216.000000	0.037572
3218.000000	0.012577
3220.000000	0.009150
3222.000000	0.014916
3224.000000	-0.015041
3226.000000	-0.006361
3228.000000	0.015936
3230.000000	0.020986
3232.000000	-0.000666
3234.000000	0.017561
3236.000000	0.015684
3238.000000	0.007164
3240.000000	0.022816
3242.000000	0.006220
3244.000000	-0.007181
3246.000000	-0.003665
3248.000000	0.003511
3250.000000	0.011325
3252.000000	0.031684
3254.000000	0.038721
3256.000000	0.021010
3258.000000	0.017190
3260.000000	0.026104
3262.000000	0.017899
3264.000000	0.033099
3266.000000	0.038067
3268.000000	0.034227
3270.000000	0.037360
3272.000000	0.040466
3274.000000	0.024848
3276.000000	0.043742
3278.000000	0.075798
3280.000000	0.062355
3282.000000	0.063577
3284.000000	0.043111
3286.000000	0.056575
3288.000000	0.063831
3290.000000	0.063817
3292.000000	0.053762
3294.000000	0.069851
3296.000000	0.075822
3298.000000	0.061168
3300.000000	0.071109
3302.000000	0.057540
3304.000000	0.068129
3306.000000	0.076894
3308.000000	0.076775
3310.000000	0.054362
3312.000000	0.072696
3314.000000	0.080113
3316.000000	0.072093
3318.000000	0.085067
3320.000000	0.081443
3322.000000	0.077223
3324.000000	0.079226
3326.000000	0.085614
3328.000000	0.073592
3330.000000	0.068988
3332.000000	0.087766
3334.000000	0.094405
3336.000000	0.082195
3338.000000	0.074233
3340.000000	0.072803
3342.000000	0.062286
3344.000000	0.048437
3346.000000	0.067696
3348.000000	0.044968
3350.000000	0.078853
3352.000000	0.074231
3354.000000	0.063364
3356.000000	0.070428
3358.000000	0.057530
3360.000000	0.045872
3362.000000	0.058593
3364.000000	0.070537
3366.000000	0.067874
3368.000000	0.045997
3370.000000	0.057764
3372.000000	0.060705
3374.000000	0.061960
3376.000000	0.069925
3378.000000	0.069899
3380.000000	0.055481
3382.000000	0.043936
3384.000000	0.041753
3386.000000	0.044393
3388.000000	0.050009
3390.000000	0.016223
3392.000000	0.039430
3394.000000	0.053310
3396.000000	0.046714
3398.000000	0.043677
3400.000000	0.031336
3402.000000	0.031977
3404.000000	0.041213
3406.000000	0.034669
3408.000000	0.038619
3410.000000	0.046727
3412.000000	0.045223
3414.000000	0.034535
3416.000000	-0.001386
3418.000000	0.008481
3420.000000	0.018321
3422.000000	0.031347
3424.000000	0.032390
3426.000000	0.015831
3428.000000	0.019187
3430.000000	0.026180
3432.000000	0.019820
3434.000000	0.029929
3436.000000	0.019476
3438.000000	0.024182
3440.000000	0.010679
3442.000000	0.023716
3444.000000	0.023674
3446.000000	0.021513
3448.000000	-0.000765
3450.000000	0.000987
3452.000000	0.019921
3454.000000	0.005471
3456.000000	-0.009355
3458.000000	-0.008310
3460.000000	0.012430
3462.000000	0.002957
3464.000000	0.009740
3466.000000	0.013247
3468.000000	0.002652
3470.000000	0.000985
3472.000000	0.012893
3474.000000	0.006106
3476.000000	0.016773
3478.000000	0.032328
3480.000000	0.009226
3482.000000	-0.002935
3484.000000	0.005899
3486.000000	0.011567
3488.000000	0.011180
3490.000000	-0.013328
3492.000000	0.009176
3494.000000	0.008465
3496.000000	0.007013
3498.000000	0.013753
3500.000000	0.014694
3502.000000	0.010137
3504.000000	0.001117
3506.000000	0.009904
3508.000000	0.023086
3510.000000	-0.007039
3512.000000	-0.026618
3514.000000	-0.007311
3516.000000	-0.021858
3518.000000	0.015883
3520.000000	0.007936
3522.000000	0.020438
3524.000000	0.011193
3526.000000	-0.008995
3528.000000	-0.010569
3530.000000	-0.000449
3532.000000	0.007869
3534.000000	0.009076
3536.000000	0.005316
3538.000000	0.003957
3540.000000	0.012370
3542.000000	0.018657
3544.000000	0.006917
3546.000000	-0.006381
3548.000000	-0.003867
3550.000000	-0.010741
3552.000000	0.003599
3554.000000	0.001890
3556.000000	0.004168
3558.000000	-0.003783
3560.000000	-0.016214
3562.000000	-0.013447
3564.000000	-0.007482
3566.000000	0.011563
3568.000000	0.006975
3570.000000	0.002387
3572.000000	-0.009279
3574.000000	0.006130
3576.000000	0.015064
3578.000000	-0.015583
3580.000000	-0.002466
3582.000000	-0.013271
3584.000000	-0.013484
3586.000000	-0.001682
3588.000000	-0.001989
3590.000000	-0.012136
3592.000000	-0.001981
3594.000000	-0.002363
3596.000000	-0.011370
3598.000000	0.001812
3600.000000	-0.001156
