400.000000	-0.002433
402.000000	-0.000459
404.000000	-0.009957
406.000000	-0.014044
408.000000	0.000163
410.000000	0.003014
412.000000	-0.010926
414.000000	-0.018772
416.000000	-0.018058
418.000000	-0.014489
420.000000	-0.013702
422.000000	-0.013549
424.000000	-0.008379
426.000000	-0.000937
428.000000	0.002945
430.000000	-0.002358
432.000000	-0.009512
434.000000	-0.009208
436.000000	-0.004246
438.000000	-0.000759
440.000000	-0.004231
442.000000	-0.009767
444.000000	-0.009833
446.000000	0.000103
448.000000	0.007496
450.000000	-0.002263
452.000000	-0.013133
454.000000	-0.017082
456.000000	-0.022163
458.000000	-0.024750
460.000000	-0.020686
462.000000	-0.016844
464.000000	-0.017568
466.000000	-0.021548
468.000000	-0.017178
470.000000	-0.007680
472.000000	-0.017066
474.000000	-0.021960
476.000000	-0.009939
478.000000	0.002082
480.000000	-0.019981
482.000000	-0.023159
484.000000	-0.012869
486.000000	-0.004037
488.000000	0.001011
490.000000	0.004184
492.000000	0.007605
494.000000	0.008322
496.000000	0.007067
498.000000	0.007956
500.000000	0.004106
502.000000	-0.005215
504.000000	-0.002293
506.000000	0.007106
508.000000	0.006183
510.000000	0.002139
512.000000	0.001179
514.000000	0.001169
516.000000	-0.003741
518.000000	-0.014004
520.000000	-0.016873
522.000000	-0.013847
524.000000	-0.013181
526.000000	-0.004124
528.000000	0.009903
530.000000	0.006779
532.000000	0.001443
534.000000	0.008959
536.000000	0.008950
538.000000	0.000346
540.000000	-0.003811
542.000000	-0.006984
544.000000	-0.008429
546.000000	0.000978
548.000000	0.013034
550.000000	0.014750
552.000000	0.001097
554.000000	-0.017535
556.000000	-0.024784
558.000000	-0.023016
560.000000	-0.016043
562.000000	-0.005416
564.000000	-0.003661
566.000000	-0.012140
568.000000	-0.002512
570.000000	0.009866
572.000000	-0.004593
574.000000	-0.005914
576.000000	0.008489
578.000000	-0.007875
580.000000	-0.019276
582.000000	0.001039
584.000000	0.003665
586.000000	-0.006498
588.000000	0.000282
590.000000	0.002347
592.000000	-0.003885
594.000000	0.001584
596.000000	0.003734
598.000000	-0.006522
600.000000	-0.009584
602.000000	-0.008435
604.000000	-0.014429
606.000000	-0.021942
608.000000	-0.020770
610.000000	-0.005915
612.000000	-0.003343
614.000000	-0.021803
616.000000	-0.035168
618.000000	-0.036135
620.000000	-0.027774
622.000000	-0.013910
624.000000	-0.002359
626.000000	-0.001229
628.000000	-0.008280
630.000000	-0.015860
632.000000	-0.015446
634.000000	-0.014532
636.000000	-0.019438
638.000000	-0.023098
640.000000	-0.014996
642.000000	0.007491
644.000000	0.010170
646.000000	0.012849
648.000000	0.015529
650.000000	-0.001013
652.000000	-0.023589
654.000000	-0.030071
656.000000	-0.020860
658.000000	-0.008444
660.000000	-0.006649
662.000000	-0.008221
664.000000	0.000484
666.000000	0.006363
668.000000	0.008300
670.000000	0.018132
672.000000	0.021503
674.000000	0.009904
676.000000	-0.003333
678.000000	-0.007926
680.000000	-0.003724
682.000000	-0.006409
684.000000	-0.008591
686.000000	0.003342
688.000000	0.000900
690.000000	-0.017326
692.000000	-0.020445
694.000000	-0.013634
696.000000	-0.008211
698.000000	-0.005116
700.000000	-0.001801
702.000000	0.001568
704.000000	-0.003392
706.000000	-0.013461
708.000000	-0.016729
710.000000	-0.004397
712.000000	0.010098
714.000000	0.000570
716.000000	-0.010471
718.000000	-0.008279
720.000000	-0.009816
722.000000	-0.009392
724.000000	0.002405
726.000000	0.017424
728.000000	0.020120
730.000000	0.003519
732.000000	-0.004011
734.000000	0.007099
736.000000	0.023316
738.000000	0.034163
740.000000	0.041490
742.000000	0.059633
744.000000	0.090196
746.000000	0.121798
748.000000	0.133313
750.000000	0.113326
752.000000	0.093339
754.000000	0.073352
756.000000	0.053365
758.000000	0.033402
760.000000	0.017740
762.000000	-0.001056
764.000000	0.007298
766.000000	0.015613
768.000000	0.005867
770.000000	-0.002449
772.000000	-0.003207
774.000000	0.000178
776.000000	0.000145
778.000000	-0.006008
780.000000	-0.014146
782.000000	-0.011352
784.000000	0.003657
786.000000	0.018167
788.000000	0.008268
790.000000	-0.012782
792.000000	-0.003408
794.000000	0.014020
796.000000	0.014235
798.000000	-0.001405
800.000000	-0.011327
802.000000	-0.005873
804.000000	-0.008078
806.000000	-0.019173
808.000000	-0.025086
810.000000	-0.011176
812.000000	0.001178
814.000000	-0.012434
816.000000	-0.007354
818.000000	0.007220
820.000000	-0.014548
822.000000	-0.015216
824.000000	0.012244
826.000000	0.002610
828.000000	-0.004872
830.000000	0.017288
832.000000	0.027345
834.000000	0.014741
836.000000	-0.004372
838.000000	0.000420
840.000000	0.011582
842.000000	0.000817
844.000000	-0.017424
846.000000	-0.018939
848.000000	0.005076
850.000000	0.011219
852.000000	-0.002750
854.000000	-0.001209
856.000000	0.020248
858.000000	0.036156
860.000000	0.012230
862.000000	-0.011214
864.000000	-0.006398
866.000000	0.007175
868.000000	0.020327
870.000000	0.026293
872.000000	0.016154
874.000000	0.002917
876.000000	-0.000289
878.000000	-0.001319
880.000000	-0.003032
882.000000	-0.005908
884.000000	-0.014342
886.000000	-0.015934
888.000000	0.000310
890.000000	0.005775
892.000000	0.002443
894.000000	0.013137
896.000000	0.018141
898.000000	0.010674
900.000000	0.006484
902.000000	0.016919
904.000000	0.027717
906.000000	0.008782
908.000000	-0.000678
910.000000	0.014630
912.000000	0.012131
914.000000	0.009522
916.000000	0.024128
918.000000	0.031926
920.000000	0.026566
922.000000	0.017275
924.000000	0.020821
926.000000	0.029362
928.000000	0.031924
930.000000	0.040326
932.000000	0.048086
934.000000	0.044825
936.000000	0.043479
938.000000	0.030813
940.000000	-0.003042
942.000000	0.003009
944.000000	0.037288
946.000000	0.040468
948.000000	0.033664
950.000000	0.037996
952.000000	0.050364
954.000000	0.039888
956.000000	0.018335
958.000000	0.031347
960.000000	0.044912
962.000000	0.042408
964.000000	0.048013
966.000000	0.052422
968.000000	0.048339
970.000000	0.045627
972.000000	0.051581
974.000000	0.053233
976.000000	0.022516
978.000000	0.007361
980.000000	0.035349
982.000000	0.058771
984.000000	0.072033
986.000000	0.084752
988.000000	0.094578
990.000000	0.087490
992.000000	0.068467
994.000000	0.079100
996.000000	0.090814
998.000000	0.081135
1000.000000	0.108236
1002.000000	0.142074
1004.000000	0.134761
1006.000000	0.116783
1008.000000	0.100544
1010.000000	0.084509
1012.000000	0.073876
1014.000000	0.067862
1016.000000	0.059825
1018.000000	0.041598
1020.000000	0.029125
1022.000000	0.037650
1024.000000	0.040091
1026.000000	0.033540
1028.000000	0.035155
1030.000000	0.055135
1032.000000	0.076991
1034.000000	0.077887
1036.000000	0.069142
1038.000000	0.048368
1040.000000	0.015869
1042.000000	0.020614
1044.000000	0.045712
1046.000000	0.042173
1048.000000	0.038614
1050.000000	0.045669
1052.000000	0.050625
1054.000000	0.051559
1056.000000	0.053347
1058.000000	0.059814
1060.000000	0.060388
1062.000000	0.056251
1064.000000	0.060670
1066.000000	0.084094
1068.000000	0.093216
1070.000000	0.055371
1072.000000	0.050939
1074.000000	0.078314
1076.000000	0.076090
1078.000000	0.072018
1080.000000	0.074200
1082.000000	0.071062
1084.000000	0.087662
1086.000000	0.114341
1088.000000	0.119648
1090.000000	0.112250
1092.000000	0.090351
1094.000000	0.049664
1096.000000	0.023659
1098.000000	0.033742
1100.000000	0.069542
1102.000000	0.075661
1104.000000	0.051592
1106.000000	0.037352
1108.000000	0.046985
1110.000000	0.062776
1112.000000	0.064683
1114.000000	0.078126
1116.000000	0.083853
1118.000000	0.062652
1120.000000	0.086215
1122.000000	0.119692
1124.000000	0.102410
1126.000000	0.111124
1128.000000	0.151069
1130.000000	0.148976
1132.000000	0.146883
1134.000000	0.144790
1136.000000	0.102953
1138.000000	0.071459
1140.000000	0.054630
1142.000000	0.045871
1144.000000	0.038892
1146.000000	0.034435
1148.000000	0.033260
1150.000000	0.028486
1152.000000	0.009386
1154.000000	-0.011279
1156.000000	0.013507
1158.000000	0.056892
1160.000000	0.074385
1162.000000	0.057599
1164.000000	0.047789
1166.000000	0.061430
1168.000000	0.058328
1170.000000	0.050801
1172.000000	0.053376
1174.000000	0.054294
1176.000000	0.041596
1178.000000	0.019482
1180.000000	0.008637
1182.000000	0.016808
1184.000000	0.031629
1186.000000	0.029130
1188.000000	0.010594
1190.000000	-0.009632
1192.000000	-0.015649
1194.000000	-0.008897
1196.000000	0.002902
1198.000000	0.010170
1200.000000	0.004792
1202.000000	-0.003636
1204.000000	0.000732
1206.000000	0.013454
1208.000000	0.027615
1210.000000	0.033868
1212.000000	0.019068
1214.000000	0.017716
1216.000000	0.053224
1218.000000	0.072902
1220.000000	0.080727
1222.000000	0.093213
1224.000000	0.090294
1226.000000	0.069467
1228.000000	0.052442
1230.000000	0.070698
1232.000000	0.080298
1234.000000	0.066432
1236.000000	0.073595
1238.000000	0.064065
1240.000000	0.046629
1242.000000	0.076964
1244.000000	0.067053
1246.000000	0.029560
1248.000000	0.057928
1250.000000	0.073139
1252.000000	0.059610
1254.000000	0.057735
1256.000000	0.039763
1258.000000	0.027819
1260.000000	0.046413
1262.000000	0.037286
1264.000000	0.020834
1266.000000	0.033716
1268.000000	0.047233
1270.000000	0.043769
1272.000000	0.029138
1274.000000	0.028386
1276.000000	0.041146
1278.000000	0.050468
1280.000000	0.039961
1282.000000	0.033611
1284.000000	0.040260
1286.000000	0.044845
1288.000000	0.049358
1290.000000	0.055605
1292.000000	0.061320
1294.000000	0.063357
1296.000000	0.056167
1298.000000	0.049948
1300.000000	0.086381
1302.000000	0.129463
1304.000000	0.135663
1306.000000	0.130509
1308.000000	0.138490
1310.000000	0.163472
1312.000000	0.185107
1314.000000	0.184772
1316.000000	0.154194
1318.000000	0.107445
1320.000000	0.102742
1322.000000	0.121061
1324.000000	0.098198
1326.000000	0.076797
1328.000000	0.078715
1330.000000	0.096533
1332.000000	0.123357
1334.000000	0.138664
1336.000000	0.135594
1338.000000	0.142046
1340.000000	0.160511
1342.000000	0.158717
1344.000000	0.098411
1346.000000	0.064062
1348.000000	0.080613
1350.000000	0.082452
1352.000000	0.061541
1354.000000	0.042415
1356.000000	0.052164
1358.000000	0.082662
1360.000000	0.101015
1362.000000	0.090804
1364.000000	0.086909
1366.000000	0.085288
1368.000000	0.074100
1370.000000	0.061938
1372.000000	0.059251
1374.000000	0.063211
1376.000000	0.057646
1378.000000	0.034610
1380.000000	0.016757
1382.000000	0.028455
1384.000000	0.034965
1386.000000	0.023220
1388.000000	0.011305
1390.000000	0.029550
1392.000000	0.036774
1394.000000	0.021017
1396.000000	0.039938
1398.000000	0.044879
1400.000000	0.023639
1402.000000	0.022019
1404.000000	0.017709
1406.000000	0.007380
1408.000000	0.004886
1410.000000	0.000426
1412.000000	-0.003061
1414.000000	-0.002552
1416.000000	-0.007698
1418.000000	-0.010303
1420.000000	-0.000046
1422.000000	0.017982
1424.000000	0.006265
1426.000000	-0.011133
1428.000000	0.019742
1430.000000	0.056566
1432.000000	0.055155
1434.000000	0.018897
1436.000000	0.015896
1438.000000	0.046769
1440.000000	0.070703
1442.000000	0.056244
1444.000000	0.064238
1446.000000	0.096488
1448.000000	0.101311
1450.000000	0.119218
1452.000000	0.127040
1454.000000	0.096318
1456.000000	0.094870
1458.000000	0.108765
1460.000000	0.104132
1462.000000	0.086514
1464.000000	0.082313
1466.000000	0.074155
1468.000000	0.033435
1470.000000	0.040786
1472.000000	0.069301
1474.000000	0.057862
1476.000000	0.049814
1478.000000	0.037247
1480.000000	0.018214
1482.000000	0.025289
1484.000000	0.024096
1486.000000	0.007733
1488.000000	0.002284
1490.000000	-0.001419
1492.000000	-0.001471
1494.000000	0.009313
1496.000000	0.023697
1498.000000	0.016227
1500.000000	-0.013638
1502.000000	-0.031162
1504.000000	-0.023655
1506.000000	-0.014426
1508.000000	-0.027211
1510.000000	-0.027065
1512.000000	-0.015489
1514.000000	-0.011558
1516.000000	-0.019186
1518.000000	-0.027940
1520.000000	-0.015494
1522.000000	0.020243
1524.000000	-0.002407
1526.000000	-0.027037
1528.000000	0.017532
1530.000000	0.025109
1532.000000	0.015297
1534.000000	0.018326
1536.000000	0.005825
1538.000000	0.011640
1540.000000	0.025718
1542.000000	0.013027
1544.000000	0.007494
1546.000000	0.019040
1548.000000	0.035105
1550.000000	0.040830
1552.000000	0.036812
1554.000000	0.034214
1556.000000	0.047279
1558.000000	0.079234
1560.000000	0.089211
1562.000000	0.060017
1564.000000	0.058405
1566.000000	0.093472
1568.000000	0.119826
1570.000000	0.093653
1572.000000	0.087086
1574.000000	0.106858
1576.000000	0.119527
1578.000000	0.142849
1580.000000	0.174748
1582.000000	0.186417
1584.000000	0.155053
1586.000000	0.151947
1588.000000	0.168258
1590.000000	0.153598
1592.000000	0.142338
1594.000000	0.120216
1596.000000	0.084776
1598.000000	0.077421
1600.000000	0.089642
1602.000000	0.099059
1604.000000	0.096270
1606.000000	0.098720
1608.000000	0.100196
1610.000000	0.095742
1612.000000	0.096294
1614.000000	0.090733
1616.000000	0.084814
1618.000000	0.090756
1620.000000	0.089497
1622.000000	0.073875
1624.000000	0.059651
1626.000000	0.069279
1628.000000	0.067177
1630.000000	0.056715
1632.000000	0.064378
1634.000000	0.064810
1636.000000	0.064906
1638.000000	0.070529
1640.000000	0.065765
1642.000000	0.062578
1644.000000	0.076988
1646.000000	0.105141
1648.000000	0.111568
1650.000000	0.107113
1652.000000	0.106543
1654.000000	0.102295
1656.000000	0.098523
1658.000000	0.113852
1660.000000	0.142654
1662.000000	0.126884
1664.000000	0.108639
1666.000000	0.119886
1668.000000	0.131428
1670.000000	0.127753
1672.000000	0.123605
1674.000000	0.131754
1676.000000	0.133034
1678.000000	0.132385
1680.000000	0.127165
1682.000000	0.107644
1684.000000	0.094392
1686.000000	0.081302
1688.000000	0.060274
1690.000000	0.050674
1692.000000	0.072263
1694.000000	0.079353
1696.000000	0.036255
1698.000000	0.051572
1700.000000	0.077850
1702.000000	0.078521
1704.000000	0.079192
1706.000000	0.079862
1708.000000	0.080533
1710.000000	0.081204
1712.000000	0.081875
1714.000000	0.082546
1716.000000	-0.004169
1718.000000	-0.014896
1720.000000	-0.022263
1722.000000	-0.009046
1724.000000	0.013131
1726.000000	-0.003664
1728.000000	-0.003519
1730.000000	0.011340
1732.000000	-0.002627
1734.000000	-0.013562
1736.000000	-0.012536
1738.000000	-0.006719
1740.000000	-0.004013
1742.000000	-0.008939
1744.000000	-0.007156
1746.000000	-0.001033
1748.000000	-0.023269
1750.000000	-0.021840
1752.000000	-0.009082
1754.000000	-0.029688
1756.000000	-0.019515
1758.000000	-0.011975
1760.000000	-0.018809
1762.000000	0.005834
1764.000000	-0.005894
1766.000000	-0.035478
1768.000000	-0.030857
1770.000000	-0.009082
1772.000000	-0.000468
1774.000000	-0.007731
1776.000000	-0.012797
1778.000000	-0.011247
1780.000000	-0.006555
1782.000000	-0.011386
1784.000000	-0.029455
1786.000000	-0.017580
1788.000000	-0.002564
1790.000000	-0.010349
1792.000000	-0.003570
1794.000000	-0.002973
1796.000000	-0.004396
1798.000000	0.009742
1800.000000	0.016420
1802.000000	0.011088
1804.000000	0.002080
1806.000000	-0.001274
1808.000000	0.001408
1810.000000	-0.001374
1812.000000	-0.009462
1814.000000	-0.009421
1816.000000	-0.018510
1818.000000	-0.018807
1820.000000	-0.004033
1822.000000	-0.016544
1824.000000	-0.010098
1826.000000	0.008600
1828.000000	-0.001598
1830.000000	-0.010278
1832.000000	-0.003936
1834.000000	0.007311
1836.000000	0.006066
1838.000000	-0.006965
1840.000000	-0.021046
1842.000000	-0.020001
1844.000000	0.002298
1846.000000	0.010770
1848.000000	0.001667
1850.000000	-0.008580
1852.000000	-0.012668
1854.000000	-0.008210
1856.000000	-0.001194
1858.000000	0.000000
1860.000000	-0.004152
1862.000000	0.002106
1864.000000	0.024899
1866.000000	0.019766
1868.000000	0.014633
1870.000000	0.001880
1872.000000	0.021774
1874.000000	0.021386
1876.000000	0.011474
1878.000000	0.006456
1880.000000	0.004704
1882.000000	-0.002285
1884.000000	0.000982
1886.000000	0.004085
1888.000000	0.000120
1890.000000	0.006976
1892.000000	0.013627
1894.000000	0.000815
1896.000000	-0.023652
1898.000000	-0.017750
1900.000000	0.006609
1902.000000	0.015968
1904.000000	0.001016
1906.000000	-0.002039
1908.000000	0.004943
1910.000000	0.015813
1912.000000	0.023515
1914.000000	0.007354
1916.000000	-0.005549
1918.000000	-0.004665
1920.000000	-0.003680
1922.000000	0.004915
1924.000000	0.002295
1926.000000	-0.001374
1928.000000	0.013932
1930.000000	-0.009259
1932.000000	-0.015413
1934.000000	0.010202
1936.000000	0.001623
1938.000000	-0.005092
1940.000000	-0.002415
1942.000000	-0.001559
1944.000000	-0.002627
1946.000000	0.002025
1948.000000	-0.002105
1950.000000	-0.018138
1952.000000	-0.020921
1954.000000	-0.003188
1956.000000	0.002716
1958.000000	-0.009083
1960.000000	0.002144
1962.000000	0.009403
1964.000000	-0.000712
1966.000000	-0.010316
1968.000000	0.002707
1970.000000	0.008599
1972.000000	-0.000518
1974.000000	-0.001252
1976.000000	0.022174
1978.000000	0.009583
1980.000000	-0.013094
1982.000000	-0.010531
1984.000000	-0.018415
1986.000000	-0.003908
1988.000000	0.014547
1990.000000	0.008664
1992.000000	0.001444
1994.000000	-0.003119
1996.000000	-0.006903
1998.000000	-0.004695
2000.000000	0.008929
2002.000000	0.003024
2004.000000	0.000682
2006.000000	0.015468
2008.000000	0.005269
2010.000000	0.004165
2012.000000	-0.000764
2014.000000	-0.018229
2016.000000	-0.006788
2018.000000	0.005604
2020.000000	0.009268
2022.000000	0.013394
2024.000000	0.012648
2026.000000	-0.022928
2028.000000	-0.024855
2030.000000	0.013758
2032.000000	-0.004538
2034.000000	0.015690
2036.000000	0.019776
2038.000000	-0.020667
2040.000000	-0.006713
2042.000000	0.020054
2044.000000	0.019840
2046.000000	-0.000754
2048.000000	-0.006812
2050.000000	0.009644
2052.000000	0.012167
2054.000000	-0.007051
2056.000000	-0.014426
2058.000000	-0.008685
2060.000000	-0.006262
2062.000000	-0.000132
2064.000000	0.012767
2066.000000	-0.020346
2068.000000	-0.019483
2070.000000	0.012178
2072.000000	0.005331
2074.000000	0.009008
2076.000000	0.006200
2078.000000	-0.005438
2080.000000	-0.004609
2082.000000	0.002664
2084.000000	-0.007113
2086.000000	-0.009181
2088.000000	0.012819
2090.000000	0.015491
2092.000000	0.022129
2094.000000	0.020577
2096.000000	0.001699
2098.000000	-0.001053
2100.000000	0.004476
2102.000000	0.001559
2104.000000	0.001413
2106.000000	0.021593
2108.000000	0.010400
2110.000000	-0.009547
2112.000000	-0.007307
2114.000000	0.004345
2116.000000	-0.001679
2118.000000	-0.007858
2120.000000	-0.001980
2122.000000	0.012076
2124.000000	0.031897
2126.000000	0.016658
2128.000000	-0.002932
2130.000000	0.010860
2132.000000	0.016073
2134.000000	0.023131
2136.000000	0.029521
2138.000000	0.019101
2140.000000	-0.005037
2142.000000	-0.004161
2144.000000	0.001466
2146.000000	-0.002904
2148.000000	-0.000323
2150.000000	-0.000394
2152.000000	0.005252
2154.000000	0.001782
2156.000000	-0.001688
2158.000000	-0.005159
2160.000000	-0.003599
2162.000000	0.008669
2164.000000	-0.004332
2166.000000	-0.002886
2168.000000	-0.008786
2170.000000	-0.007566
2172.000000	0.000166
2174.000000	-0.015483
2176.000000	-0.015484
2178.000000	0.006960
2180.000000	0.021364
2182.000000	0.011224
2184.000000	0.012604
2186.000000	0.000794
2188.000000	-0.022275
2190.000000	-0.019439
2192.000000	0.019323
2194.000000	0.021932
2196.000000	0.015397
2198.000000	0.016104
2200.000000	-0.011915
2202.000000	-0.006225
2204.000000	-0.010998
2206.000000	-0.019541
2208.000000	0.011070
2210.000000	0.017702
2212.000000	-0.009172
2214.000000	-0.015452
2216.000000	0.003002
2218.000000	-0.014340
2220.000000	0.019033
2222.000000	0.025796
2224.000000	0.001817
2226.000000	0.033304
2228.000000	0.016030
2230.000000	-0.012180
2232.000000	-0.007730
2234.000000	0.013942
2236.000000	0.019757
2238.000000	0.008774
2240.000000	-0.003185
2242.000000	0.001158
2244.000000	0.017734
2246.000000	0.010640
2248.000000	0.015849
2250.000000	0.015239
2252.000000	-0.008664
2254.000000	0.014547
2256.000000	0.014350
2258.000000	0.004424
2260.000000	0.016524
2262.000000	0.021096
2264.000000	0.009606
2266.000000	0.006154
2268.000000	0.016487
2270.000000	0.023508
2272.000000	0.017699
2274.000000	0.003978
2276.000000	0.010208
2278.000000	0.035275
2280.000000	0.039704
2282.000000	0.018360
2284.000000	0.010556
2286.000000	0.008420
2288.000000	-0.003370
2290.000000	0.011093
2292.000000	0.010990
2294.000000	0.007650
2296.000000	0.005441
2298.000000	-0.013609
2300.000000	-0.008329
2302.000000	0.002835
2304.000000	0.019955
2306.000000	0.038754
2308.000000	0.022233
2310.000000	0.005342
2312.000000	0.016752
2314.000000	0.019921
2316.000000	-0.011504
2318.000000	0.000251
2320.000000	0.016820
2322.000000	0.019402
2324.000000	0.018835
2326.000000	0.016287
2328.000000	0.013056
2330.000000	0.008873
2332.000000	0.009530
2334.000000	0.013786
2336.000000	0.006243
2338.000000	-0.003726
2340.000000	-0.004060
2342.000000	0.003836
2344.000000	0.009389
2346.000000	0.008696
2348.000000	0.002465
2350.000000	0.026500
2352.000000	0.050745
2354.000000	0.008117
2356.000000	0.012621
2358.000000	0.026598
2360.000000	0.021197
2362.000000	0.018320
2364.000000	0.018440
2366.000000	0.022703
2368.000000	0.023237
2370.000000	0.021213
2372.000000	0.018150
2374.000000	-0.001465
2376.000000	-0.020983
2378.000000	-0.014782
2380.000000	-0.001158
2382.000000	-0.005414
2384.000000	0.020981
2386.000000	0.013780
2388.000000	-0.000351
2390.000000	0.008856
2392.000000	-0.007518
2394.000000	-0.014141
2396.000000	-0.009661
2398.000000	-0.006137
2400.000000	0.001883
2402.000000	0.018344
2404.000000	-0.002303
2406.000000	0.000354
2408.000000	0.019329
2410.000000	0.002380
2412.000000	-0.010232
2414.000000	-0.004991
2416.000000	0.005902
2418.000000	0.007165
2420.000000	0.000277
2422.000000	0.001661
2424.000000	0.001751
2426.000000	0.000952
2428.000000	0.012044
2430.000000	0.026189
2432.000000	0.005596
2434.000000	0.000247
2436.000000	0.004025
2438.000000	-0.007711
2440.000000	-0.013747
2442.000000	0.015534
2444.000000	0.025063
2446.000000	0.024666
2448.000000	0.027553
2450.000000	0.018469
2452.000000	0.038354
2454.000000	0.034764
2456.000000	0.007426
2458.000000	-0.004148
2460.000000	0.003096
2462.000000	-0.002199
2464.000000	-0.001354
2466.000000	0.003776
2468.000000	0.010591
2470.000000	0.026445
2472.000000	0.020066
2474.000000	0.004883
2476.000000	0.005929
2478.000000	0.011733
2480.000000	0.002618
2482.000000	0.017224
2484.000000	0.011058
2486.000000	0.000082
2488.000000	0.009313
2490.000000	0.016778
2492.000000	0.020966
2494.000000	-0.000300
2496.000000	-0.005689
2498.000000	0.013489
2500.000000	0.005586
2502.000000	-0.011764
2504.000000	0.006537
2506.000000	0.010944
2508.000000	-0.008478
2510.000000	0.002367
2512.000000	0.013102
2514.000000	0.008970
2516.000000	0.002658
2518.000000	0.001166
2520.000000	-0.001298
2522.000000	-0.000305
2524.000000	0.012290
2526.000000	-0.000021
2528.000000	-0.014268
2530.000000	-0.003968
2532.000000	-0.018784
2534.000000	0.021427
2536.000000	0.007192
2538.000000	-0.015844
2540.000000	0.029732
2542.000000	0.018036
2544.000000	0.010432
2546.000000	-0.006661
2548.000000	-0.007576
2550.000000	0.023445
2552.000000	0.025471
2554.000000	-0.000619
2556.000000	0.011276
2558.000000	0.013787
2560.000000	-0.011851
2562.000000	-0.011323
2564.000000	-0.024653
2566.000000	0.002766
2568.000000	0.034720
2570.000000	0.033278
2572.000000	0.018310
2574.000000	0.004705
2576.000000	0.010189
2578.000000	0.000556
2580.000000	-0.016358
2582.000000	-0.003293
2584.000000	0.023986
2586.000000	0.015479
2588.000000	-0.005716
2590.000000	-0.000130
2592.000000	0.006328
2594.000000	-0.017818
2596.000000	0.002585
2598.000000	0.016201
2600.000000	0.018995
2602.000000	0.008761
2604.000000	-0.017107
2606.000000	-0.012526
2608.000000	-0.007104
2610.000000	0.012787
2612.000000	0.014953
2614.000000	-0.004443
2616.000000	0.013991
2618.000000	0.018145
2620.000000	-0.004615
2622.000000	-0.005503
2624.000000	0.019349
2626.000000	0.018514
2628.000000	-0.008806
2630.000000	-0.012313
2632.000000	-0.000095
2634.000000	0.019146
2636.000000	0.020925
2638.000000	-0.011261
2640.000000	0.020582
2642.000000	0.015212
2644.000000	0.012556
2646.000000	0.035953
2648.000000	0.015109
2650.000000	-0.016455
2652.000000	-0.013228
2654.000000	0.000414
2656.000000	-0.008535
2658.000000	-0.007195
2660.000000	0.030351
2662.000000	0.004705
2664.000000	0.000682
2666.000000	0.010781
2668.000000	0.013651
2670.000000	0.017146
2672.000000	-0.000367
2674.000000	0.010016
2676.000000	0.000773
2678.000000	-0.018525
2680.000000	-0.002191
2682.000000	0.027995
2684.000000	0.014908
2686.000000	0.007956
2688.000000	0.001743
2690.000000	-0.006772
2692.000000	0.001136
2694.000000	0.020893
2696.000000	0.027811
2698.000000	0.016528
2700.000000	0.007215
2702.000000	0.008814
2704.000000	0.023365
2706.000000	0.044424
2708.000000	0.016904
2710.000000	0.031431
2712.000000	0.062062
2714.000000	0.032386
2716.000000	-0.005626
2718.000000	0.039847
2720.000000	0.020222
2722.000000	0.010942
2724.000000	0.024018
2726.000000	0.027361
2728.000000	0.039658
2730.000000	0.025828
2732.000000	-0.013540
2734.000000	0.023886
2736.000000	0.062020
2738.000000	0.032398
2740.000000	0.028263
2742.000000	0.039175
2744.000000	0.006592
2746.000000	0.008160
2748.000000	0.028932
2750.000000	0.022659
2752.000000	0.027468
2754.000000	0.024218
2756.000000	0.019106
2758.000000	0.012039
2760.000000	0.003808
2762.000000	0.011334
2764.000000	0.032897
2766.000000	0.023756
2768.000000	0.028490
2770.000000	0.009119
2772.000000	-0.024710
2774.000000	-0.026247
2776.000000	0.002068
2778.000000	0.038631
2780.000000	0.001477
2782.000000	-0.032793
2784.000000	-0.030517
2786.000000	-0.020410
2788.000000	-0.005901
2790.000000	-0.006900
2792.000000	-0.012621
2794.000000	-0.007715
2796.000000	0.002961
2798.000000	0.001616
2800.000000	-0.014183
2802.000000	-0.024563
2804.000000	-0.030431
2806.000000	-0.027699
2808.000000	-0.011031
2810.000000	0.001093
2812.000000	-0.006485
2814.000000	-0.013068
2816.000000	-0.030310
2818.000000	-0.042004
2820.000000	-0.016811
2822.000000	-0.000046
2824.000000	-0.019903
2826.000000	-0.014620
2828.000000	-0.034062
2830.000000	0.003755
2832.000000	0.024442
2834.000000	0.024701
2836.000000	0.031374
2838.000000	-0.005198
2840.000000	0.010659
2842.000000	0.006207
2844.000000	0.044592
2846.000000	0.071111
2848.000000	0.089256
2850.000000	0.174186
2852.000000	0.177972
2854.000000	0.180687
2856.000000	0.227449
2858.000000	0.258975
2860.000000	0.261696
2862.000000	0.273481
2864.000000	0.289840
2866.000000	0.317219
2868.000000	0.333013
2870.000000	0.406233
2872.000000	0.453182
2874.000000	0.462468
2876.000000	0.535421
2878.000000	0.524000
2880.000000	0.491840
2882.000000	0.494780
2884.000000	0.522395
2886.000000	0.511792
2888.000000	0.485649
2890.000000	0.528131
2892.000000	0.523911
2894.000000	0.540392
2896.000000	0.547631
2898.000000	0.562528
2900.000000	0.580583
2902.000000	0.574821
2904.000000	0.619106
2906.000000	0.609737
2908.000000	0.637871
2910.000000	0.651130
2912.000000	0.702220
2914.000000	0.780533
2916.000000	0.744771
2918.000000	0.781333
2920.000000	0.827921
2922.000000	0.913787
2924.000000	0.953451
2926.000000	0.944732
2928.000000	0.955614
2930.000000	0.954294
2932.000000	0.988188
2934.000000	0.946000
2936.000000	0.962932
2938.000000	1.000000
2940.000000	0.964809
2942.000000	0.920477
2944.000000	0.874085
2946.000000	0.740006
2948.000000	0.730141
2950.000000	0.724599
2952.000000	0.728545
2954.000000	0.722288
2956.000000	0.646189
2958.000000	0.658577
2960.000000	0.627140
2962.000000	0.565156
2964.000000	0.549713
2966.000000	0.583315
2968.000000	0.552016
2970.000000	0.474210
2972.000000	0.512375
2974.000000	0.474291
2976.000000	0.481762
2978.000000	0.444135
2980.000000	0.413317
2982.000000	0.429480
2984.000000	0.420342
2986.000000	0.417699
2988.000000	0.352051
2990.000000	0.251311
2992.000000	0.233874
2994.000000	0.238223
2996.000000	0.215042
2998.000000	0.199868
3000.000000	0.178082
3002.000000	0.170206
3004.000000	0.116084
3006.000000	0.083443
3008.000000	0.098324
3010.000000	0.102312
3012.000000	0.088613
3014.000000	0.079691
3016.000000	0.025341
3018.000000	0.029934
3020.000000	0.035068
3022.000000	0.002295
3024.000000	-0.007807
3026.000000	0.000196
3028.000000	-0.013788
3030.000000	-0.001432
3032.000000	-0.020478
3034.000000	-0.002999
3036.000000	0.006288
3038.000000	-0.009586
3040.000000	-0.005501
3042.000000	0.013876
3044.000000	0.011691
3046.000000	0.011672
3048.000000	-0.011582
3050.000000	-0.001867
3052.000000	0.008363
3054.000000	0.018870
3056.000000	0.038374
3058.000000	0.034073
3060.000000	0.032328
3062.000000	0.055426
3064.000000	0.055115
3066.000000	0.051407
3068.000000	0.044945
3070.000000	0.041889
3072.000000	0.037766
3074.000000	0.006339
3076.000000	-0.016184
3078.000000	-0.012269
3080.000000	-0.019188
3082.000000	-0.011298
3084.000000	-0.010084
3086.000000	-0.015823
3088.000000	-0.007582
3090.000000	-0.016942
3092.000000	-0.030672
3094.000000	-0.021278
3096.000000	-0.025698
3098.000000	-0.019043
3100.000000	-0.009028
3102.000000	-0.011120
3104.000000	-0.015201
3106.000000	-0.023550
3108.000000	-0.020395
3110.000000	-0.004992
3112.000000	-0.008973
3114.000000	-0.022585
3116.000000	-0.024964
3118.000000	-0.018764
3120.000000	-0.014767
3122.000000	-0.007152
3124.000000	0.018055
3126.000000	0.002724
3128.000000	-0.012606
3130.000000	-0.005850
3132.000000	-0.004698
3134.000000	-0.028847
3136.000000	-0.002062
3138.000000	0.010663
3140.000000	-0.014842
3142.000000	-0.015725
3144.000000	-0.018257
3146.000000	0.014547
3148.000000	0.026680
3150.000000	-0.007377
3152.000000	-0.014681
3154.000000	0.009311
3156.000000	-0.000424
3158.000000	0.001022
3160.000000	-0.017598
3162.000000	0.002372
3164.000000	-0.009583
3166.000000	-0.041285
3168.000000	0.003017
3170.000000	0.045561
3172.000000	-0.000251
3174.000000	0.024464
3176.000000	0.008995
3178.000000	-0.001562
3180.000000	0.002455
3182.000000	-0.000772
3184.000000	0.009277
3186.000000	0.022643
3188.000000	0.011621
3190.000000	0.011869
3192.000000	0.007987
3194.000000	-0.029895
3196.000000	-0.023624
3198.000000	-0.007558
3200.000000	0.000407
3202.000000	-0.003633
3204.000000	-0.013816
3206.000000	-0.006543
3208.000000	0.003277
3210.000000	0.021666
3212.000000	-0.016889
3214.000000	-0.030293
3216.000000	-0.000892
3218.000000	0.004280
3220.000000	-0.001302
3222.000000	0.019433
3224.000000	0.013325
3226.000000	-0.023881
3228.000000	-0.004579
3230.000000	-0.012699
3232.000000	0.007723
3234.000000	0.010598
3236.000000	0.009566
3238.000000	0.011506
3240.000000	0.004881
3242.000000	0.005076
3244.000000	-0.009646
3246.000000	-0.003331
3248.000000	0.034432
3250.000000	0.008631
3252.000000	-0.004629
3254.000000	0.025957
3256.000000	0.020233
3258.000000	-0.010627
3260.000000	-0.006152
3262.000000	0.012007
3264.000000	0.040149
3266.000000	0.032025
3268.000000	0.009517
3270.000000	0.020996
3272.000000	0.020989
3274.000000	0.024457
3276.000000	0.057635
3278.000000	0.055817
3280.000000	0.022152
3282.000000	0.035799
3284.000000	0.033758
3286.000000	0.079804
3288.000000	0.064817
3290.000000	0.049458
3292.000000	0.035742
3294.000000	0.005715
3296.000000	0.030694
3298.000000	0.073615
3300.000000	0.058614
3302.000000	0.070947
3304.000000	0.066900
3306.000000	0.069622
3308.000000	0.060009
3310.000000	0.056809
3312.000000	0.055701
3314.000000	0.065453
3316.000000	0.069261
3318.000000	0.062939
3320.000000	0.071719
3322.000000	0.083623
3324.000000	0.096798
3326.000000	0.063059
3328.000000	0.041599
3330.000000	0.065866
3332.000000	0.064195
3334.000000	0.062430
3336.000000	0.075230
3338.000000	0.069527
3340.000000	0.063675
3342.000000	0.062677
3344.000000	0.052076
3346.000000	0.068316
3348.000000	0.014454
3350.000000	0.061664
3352.000000	0.059724
3354.000000	0.081101
3356.000000	0.057114
3358.000000	0.037877
3360.000000	0.079294
3362.000000	0.063494
3364.000000	0.058817
3366.000000	0.035047
3368.000000	0.026156
3370.000000	0.079426
3372.000000	0.050226
3374.000000	0.003276
3376.000000	0.036911
3378.000000	0.045015
3380.000000	0.039912
3382.000000	0.040699
3384.000000	0.026599
3386.000000	0.064313
3388.000000	0.036013
3390.000000	0.047081
3392.000000	0.055770
3394.000000	0.007866
3396.000000	0.019575
3398.000000	0.035326
3400.000000	0.050982
3402.000000	0.035993
3404.000000	0.021498
3406.000000	0.034056
3408.000000	0.010255
3410.000000	0.020903
3412.000000	0.024895
3414.000000	0.037454
3416.000000	0.027207
3418.000000	0.023091
3420.000000	0.033076
3422.000000	0.052047
3424.000000	0.014400
3426.000000	-0.011714
3428.000000	0.009281
3430.000000	0.019809
3432.000000	0.041173
3434.000000	0.028610
3436.000000	-0.011240
3438.000000	0.011085
3440.000000	0.020997
3442.000000	0.005294
3444.000000	0.032444
3446.000000	0.033774
3448.000000	0.015018
3450.000000	0.007646
3452.000000	0.016989
3454.000000	0.014761
3456.000000	-0.009283
3458.000000	-0.002073
3460.000000	0.005818
3462.000000	0.030081
3464.000000	-0.021218
3466.000000	-0.003183
3468.000000	0.023859
3470.000000	0.006080
3472.000000	0.008633
3474.000000	0.018191
3476.000000	0.021494
3478.000000	0.027850
3480.000000	0.013894
3482.000000	-0.002645
3484.000000	0.002175
3486.000000	0.011220
3488.000000	0.035345
3490.000000	0.000599
3492.000000	-0.019507
3494.000000	-0.005009
3496.000000	-0.003065
3498.000000	0.007634
3500.000000	0.004912
3502.000000	0.004054
3504.000000	0.011363
3506.000000	0.007610
3508.000000	-0.000241
3510.000000	0.001662
3512.000000	0.013860
3514.000000	-0.013470
3516.000000	-0.007116
3518.000000	-0.017576
3520.000000	-0.026396
3522.000000	0.003966
3524.000000	0.021480
3526.000000	-0.011897
3528.000000	0.002536
3530.000000	0.008728
3532.000000	-0.000180
3534.000000	0.025087
3536.000000	0.024768
3538.000000	0.006098
3540.000000	0.004563
3542.000000	-0.000457
3544.000000	0.001647
3546.000000	0.018403
3548.000000	0.026410
3550.000000	0.007255
3552.000000	-0.011261
3554.000000	0.000450
3556.000000	-0.007794
3558.000000	0.001359
3560.000000	-0.005561
3562.000000	-0.020612
3564.000000	-0.020163
3566.000000	0.008644
3568.000000	0.041350
3570.000000	0.002771
3572.000000	0.006635
3574.000000	0.012441
3576.000000	-0.009577
3578.000000	-0.013150
3580.000000	-0.016438
3582.000000	-0.041572
3584.000000	0.002114
3586.000000	-0.024667
3588.000000	-0.013195
3590.000000	0.004237
3592.000000	-0.004621
3594.000000	0.001748
3596.000000	-0.002552
3598.000000	0.003959
3600.000000	0.008749
