400.000000	0.010446
402.000000	-0.005464
404.000000	-0.005364
406.000000	0.004395
408.000000	0.007427
410.000000	0.006929
412.000000	0.003529
414.000000	-0.005955
416.000000	-0.011788
418.000000	-0.005852
420.000000	0.007120
422.000000	0.016501
424.000000	0.013027
426.000000	0.005244
428.000000	-0.001041
430.000000	-0.008822
432.000000	-0.013177
434.000000	-0.009492
436.000000	-0.005175
438.000000	-0.004875
440.000000	-0.008261
442.000000	-0.012362
444.000000	-0.010563
446.000000	0.006141
448.000000	0.016390
450.000000	-0.003310
452.000000	-0.015164
454.000000	-0.008163
456.000000	-0.014115
458.000000	-0.025416
460.000000	-0.024502
462.000000	-0.013104
464.000000	-0.008379
466.000000	-0.025209
468.000000	-0.022868
470.000000	0.007782
472.000000	0.013642
474.000000	0.003713
476.000000	0.008561
478.000000	0.019471
480.000000	0.017448
482.000000	-0.009032
484.000000	-0.013938
486.000000	0.016973
488.000000	0.017408
490.000000	-0.000836
492.000000	0.004448
494.000000	0.002874
496.000000	-0.009766
498.000000	-0.001023
500.000000	0.010914
502.000000	0.009023
504.000000	0.015187
506.000000	0.017988
508.000000	-0.003622
510.000000	-0.012270
512.000000	0.000717
514.000000	-0.000120
516.000000	-0.006759
518.000000	-0.000405
520.000000	0.017968
522.000000	0.026232
524.000000	0.005735
526.000000	0.003131
528.000000	0.024900
530.000000	0.017370
532.000000	0.004626
534.000000	0.016796
536.000000	0.020564
538.000000	0.016691
540.000000	0.027453
542.000000	0.032403
544.000000	0.022604
546.000000	0.015757
548.000000	0.015776
550.000000	0.017445
552.000000	0.011423
554.000000	-0.001730
556.000000	-0.012172
558.000000	-0.005327
560.000000	0.009697
562.000000	0.000613
564.000000	-0.011615
566.000000	-0.005794
568.000000	-0.006661
570.000000	-0.008000
572.000000	0.009169
574.000000	0.005137
576.000000	0.001105
578.000000	-0.013341
580.000000	-0.008337
582.000000	0.011200
584.000000	0.003090
586.000000	-0.017568
588.000000	-0.014003
590.000000	-0.007793
592.000000	-0.005089
594.000000	0.008185
596.000000	0.000018
598.000000	-0.031890
600.000000	-0.021256
602.000000	0.015903
604.000000	0.029252
606.000000	0.015581
608.000000	-0.000335
610.000000	0.011000
612.000000	0.018317
614.000000	0.001232
616.000000	-0.019978
618.000000	-0.025722
620.000000	-0.012360
622.000000	-0.006145
624.000000	-0.006816
626.000000	0.002565
628.000000	0.014545
630.000000	0.012576
632.000000	-0.015939
634.000000	-0.036132
636.000000	-0.020888
638.000000	0.010167
640.000000	0.025096
642.000000	0.009804
644.000000	0.010529
646.000000	0.022092
648.000000	-0.000374
650.000000	-0.023831
652.000000	-0.019546
654.000000	0.001454
656.000000	0.009776
658.000000	-0.008453
660.000000	-0.020852
662.000000	-0.011122
664.000000	0.013738
666.000000	0.020975
668.000000	0.015494
670.000000	0.031973
672.000000	0.031592
674.000000	0.001848
676.000000	-0.000412
678.000000	0.016341
680.000000	0.019089
682.000000	0.001770
684.000000	-0.012927
686.000000	-0.001579
688.000000	-0.000888
690.000000	-0.016102
692.000000	-0.012289
694.000000	0.004047
696.000000	0.018441
698.000000	0.026759
700.000000	0.023044
702.000000	0.005369
704.000000	-0.015353
706.000000	-0.020354
708.000000	-0.000271
710.000000	0.008936
712.000000	0.001539
714.000000	0.004806
716.000000	0.003150
718.000000	-0.007890
720.000000	-0.001040
722.000000	0.007841
724.000000	0.005206
726.000000	0.022767
728.000000	0.041584
730.000000	0.028562
732.000000	0.020102
734.000000	0.026359
736.000000	0.028191
738.000000	0.039257
740.000000	0.063689
742.000000	0.082584
744.000000	0.086630
746.000000	0.091372
748.000000	0.139059
750.000000	0.179339
752.000000	0.154140
754.000000	0.117943
756.000000	0.094860
758.000000	0.074870
760.000000	0.058182
762.000000	0.049445
764.000000	0.050971
766.000000	0.043374
768.000000	0.018048
770.000000	-0.006996
772.000000	-0.001376
774.000000	0.031204
776.000000	0.023535
778.000000	0.008826
780.000000	0.035703
782.000000	0.032488
784.000000	0.012059
786.000000	0.035766
788.000000	0.045833
790.000000	0.023060
792.000000	0.010159
794.000000	0.016564
796.000000	0.028694
798.000000	0.021984
800.000000	0.006541
802.000000	-0.003071
804.000000	-0.010038
806.000000	-0.009958
808.000000	-0.001835
810.000000	-0.002872
812.000000	-0.003267
814.000000	0.010482
816.000000	0.000237
818.000000	-0.012849
820.000000	0.026576
822.000000	0.051972
824.000000	0.035596
826.000000	0.024857
828.000000	0.021576
830.000000	0.023151
832.000000	0.040688
834.000000	0.045671
836.000000	0.023553
838.000000	0.015910
840.000000	0.018335
842.000000	0.012126
844.000000	0.014263
846.000000	0.020446
848.000000	0.016596
850.000000	0.016432
852.000000	0.022245
854.000000	0.024528
856.000000	0.026177
858.000000	0.029101
860.000000	0.030257
862.000000	0.024879
864.000000	0.013318
866.000000	0.004604
868.000000	0.014905
870.000000	0.036650
872.000000	0.027478
874.000000	0.013248
876.000000	0.020795
878.000000	0.012340
880.000000	-0.013828
882.000000	-0.032825
884.000000	-0.020865
886.000000	0.018289
888.000000	0.054036
890.000000	0.039161
892.000000	0.000693
894.000000	0.005099
896.000000	0.021377
898.000000	0.024537
900.000000	0.020760
902.000000	0.023342
904.000000	0.026225
906.000000	0.009107
908.000000	0.009418
910.000000	0.033644
912.000000	0.029585
914.000000	0.027850
916.000000	0.051864
918.000000	0.059772
920.000000	0.045081
922.000000	0.026990
924.000000	0.031879
926.000000	0.047041
928.000000	0.047386
930.000000	0.031412
932.000000	0.019702
934.000000	0.028862
936.000000	0.034949
938.000000	0.023660
940.000000	0.001147
942.000000	-0.002093
944.000000	0.020044
946.000000	0.047428
948.000000	0.053699
950.000000	0.045793
952.000000	0.049785
954.000000	0.041057
956.000000	0.021274
958.000000	0.023263
960.000000	0.035285
962.000000	0.040965
964.000000	0.036511
966.000000	0.031410
968.000000	0.026907
970.000000	0.014115
972.000000	0.016661
974.000000	0.035867
976.000000	0.034253
978.000000	0.039069
980.000000	0.064540
982.000000	0.069302
984.000000	0.063971
986.000000	0.063697
988.000000	0.052318
990.000000	0.043341
992.000000	0.051454
994.000000	0.065105
996.000000	0.080083
998.000000	0.092475
1000.000000	0.091689
1002.000000	0.099987
1004.000000	0.127421
1006.000000	0.123200
1008.000000	0.101774
1010.000000	0.094865
1012.000000	0.075155
1014.000000	0.043375
1016.000000	0.023650
1018.000000	0.035728
1020.000000	0.042292
1022.000000	0.011014
1024.000000	0.014535
1026.000000	0.042295
1028.000000	0.041928
1030.000000	0.036871
1032.000000	0.032539
1034.000000	0.022233
1036.000000	0.027009
1038.000000	0.023959
1040.000000	-0.008866
1042.000000	0.011833
1044.000000	0.050605
1046.000000	0.022446
1048.000000	0.018901
1050.000000	0.045013
1052.000000	0.041499
1054.000000	0.048624
1056.000000	0.058613
1058.000000	0.032599
1060.000000	0.009396
1062.000000	0.016143
1064.000000	0.050821
1066.000000	0.093000
1068.000000	0.113867
1070.000000	0.094963
1072.000000	0.064045
1074.000000	0.051168
1076.000000	0.066022
1078.000000	0.074724
1080.000000	0.088892
1082.000000	0.131176
1084.000000	0.121541
1086.000000	0.078143
1088.000000	0.080945
1090.000000	0.096444
1092.000000	0.093444
1094.000000	0.069011
1096.000000	0.043920
1098.000000	0.038196
1100.000000	0.057578
1102.000000	0.077431
1104.000000	0.070795
1106.000000	0.038721
1108.000000	0.049232
1110.000000	0.083255
1112.000000	0.081820
1114.000000	0.078835
1116.000000	0.093379
1118.000000	0.111149
1120.000000	0.094659
1122.000000	0.079070
1124.000000	0.109677
1126.000000	0.131993
1128.000000	0.156065
1130.000000	0.200727
1132.000000	0.189859
1134.000000	0.125703
1136.000000	0.067725
1138.000000	0.068300
1140.000000	0.097980
1142.000000	0.100281
1144.000000	0.064578
1146.000000	0.031669
1148.000000	0.029000
1150.000000	0.017654
1152.000000	0.008475
1154.000000	0.022774
1156.000000	0.046723
1158.000000	0.049152
1160.000000	0.029161
1162.000000	0.035507
1164.000000	0.050942
1166.000000	0.045464
1168.000000	0.022200
1170.000000	0.032979
1172.000000	0.071897
1174.000000	0.057705
1176.000000	0.046954
1178.000000	0.054330
1180.000000	0.012136
1182.000000	-0.015354
1184.000000	0.003655
1186.000000	0.024681
1188.000000	0.024072
1190.000000	-0.001091
1192.000000	-0.031903
1194.000000	-0.024025
1196.000000	0.006599
1198.000000	0.008108
1200.000000	0.000337
1202.000000	0.001714
1204.000000	0.012799
1206.000000	0.021583
1208.000000	0.033115
1210.000000	0.047151
1212.000000	0.027537
1214.000000	0.020454
1216.000000	0.063916
1218.000000	0.079291
1220.000000	0.064993
1222.000000	0.053672
1224.000000	0.052642
1226.000000	0.058871
1228.000000	0.072103
1230.000000	0.095569
1232.000000	0.097297
1234.000000	0.075235
1236.000000	0.071880
1238.000000	0.068580
1240.000000	0.061621
1242.000000	0.070554
1244.000000	0.050852
1246.000000	0.029148
1248.000000	0.067800
1250.000000	0.070446
1252.000000	0.037172
1254.000000	0.036526
1256.000000	0.035526
1258.000000	0.031217
1260.000000	0.038877
1262.000000	0.041936
1264.000000	0.036343
1266.000000	0.027548
1268.000000	0.020774
1270.000000	0.021141
1272.000000	0.034222
1274.000000	0.061214
1276.000000	0.073419
1278.000000	0.062407
1280.000000	0.052054
1282.000000	0.030965
1284.000000	0.009441
1286.000000	0.017092
1288.000000	0.027744
1290.000000	0.035816
1292.000000	0.051638
1294.000000	0.049236
1296.000000	0.048935
1298.000000	0.082841
1300.000000	0.125162
1302.000000	0.144718
1304.000000	0.142540
1306.000000	0.165144
1308.000000	0.187051
1310.000000	0.182260
1312.000000	0.172338
1314.000000	0.175756
1316.000000	0.179004
1318.000000	0.148393
1320.000000	0.107204
1322.000000	0.091038
1324.000000	0.111994
1326.000000	0.121030
1328.000000	0.112844
1330.000000	0.116270
1332.000000	0.142813
1334.000000	0.164901
1336.000000	0.159046
1338.000000	0.145397
1340.000000	0.142662
1342.000000	0.144949
1344.000000	0.127918
1346.000000	0.125881
1348.000000	0.131155
1350.000000	0.096495
1352.000000	0.068305
1354.000000	0.075580
1356.000000	0.104975
1358.000000	0.120253
1360.000000	0.116810
1362.000000	0.115257
1364.000000	0.132922
1366.000000	0.115677
1368.000000	0.068960
1370.000000	0.099136
1372.000000	0.108931
1374.000000	0.068756
1376.000000	0.068522
1378.000000	0.052669
1380.000000	0.031448
1382.000000	0.057159
1384.000000	0.064861
1386.000000	0.062057
1388.000000	0.075665
1390.000000	0.064465
1392.000000	0.054965
1394.000000	0.066319
1396.000000	0.066276
1398.000000	0.071168
1400.000000	0.077147
1402.000000	0.057391
1404.000000	0.042529
1406.000000	0.034921
1408.000000	0.017094
1410.000000	0.001854
1412.000000	-0.003865
1414.000000	-0.002876
1416.000000	-0.002162
1418.000000	0.002731
1420.000000	0.015676
1422.000000	0.029794
1424.000000	0.024016
1426.000000	0.014680
1428.000000	0.033624
1430.000000	0.051842
1432.000000	0.053632
1434.000000	0.045725
1436.000000	0.045539
1438.000000	0.052173
1440.000000	0.061161
1442.000000	0.073304
1444.000000	0.081058
1446.000000	0.093196
1448.000000	0.121881
1450.000000	0.134094
1452.000000	0.121255
1454.000000	0.102843
1456.000000	0.105871
1458.000000	0.131910
1460.000000	0.158020
1462.000000	0.150592
1464.000000	0.110260
1466.000000	0.068996
1468.000000	0.061883
1470.000000	0.070175
1472.000000	0.072918
1474.000000	0.067096
1476.000000	0.069893
1478.000000	0.064414
1480.000000	0.046755
1482.000000	0.045854
1484.000000	0.050823
1486.000000	0.034123
1488.000000	-0.004119
1490.000000	0.017185
1492.000000	0.051709
1494.000000	0.029017
1496.000000	-0.000521
1498.000000	-0.016810
1500.000000	-0.019819
1502.000000	-0.014997
1504.000000	-0.019894
1506.000000	-0.024337
1508.000000	-0.012142
1510.000000	-0.013857
1512.000000	-0.023931
1514.000000	-0.022349
1516.000000	-0.008009
1518.000000	0.003239
1520.000000	0.013396
1522.000000	0.032701
1524.000000	0.020296
1526.000000	0.002632
1528.000000	0.019048
1530.000000	0.026747
1532.000000	0.022460
1534.000000	0.017872
1536.000000	0.017655
1538.000000	0.035853
1540.000000	0.052295
1542.000000	0.041998
1544.000000	0.044247
1546.000000	0.062117
1548.000000	0.079756
1550.000000	0.091164
1552.000000	0.089232
1554.000000	0.089585
1556.000000	0.112365
1558.000000	0.122197
1560.000000	0.114526
1562.000000	0.103247
1564.000000	0.087947
1566.000000	0.073613
1568.000000	0.087272
1570.000000	0.146621
1572.000000	0.164548
1574.000000	0.141518
1576.000000	0.136137
1578.000000	0.157296
1580.000000	0.186856
1582.000000	0.213410
1584.000000	0.239210
1586.000000	0.241897
1588.000000	0.206261
1590.000000	0.153136
1592.000000	0.148489
1594.000000	0.162924
1596.000000	0.143655
1598.000000	0.092884
1600.000000	0.095716
1602.000000	0.136432
1604.000000	0.144337
1606.000000	0.153622
1608.000000	0.145451
1610.000000	0.111109
1612.000000	0.095477
1614.000000	0.102263
1616.000000	0.112956
1618.000000	0.109041
1620.000000	0.092915
1622.000000	0.079024
1624.000000	0.081013
1626.000000	0.096153
1628.000000	0.085805
1630.000000	0.064543
1632.000000	0.073042
1634.000000	0.089193
1636.000000	0.099781
1638.000000	0.099738
1640.000000	0.089738
1642.000000	0.097137
1644.000000	0.111006
1646.000000	0.105409
1648.000000	0.100510
1650.000000	0.097702
1652.000000	0.093573
1654.000000	0.094417
1656.000000	0.107980
1658.000000	0.118237
1660.000000	0.105072
1662.000000	0.080539
1664.000000	0.079512
1666.000000	0.105455
1668.000000	0.121260
1670.000000	0.111451
1672.000000	0.095197
1674.000000	0.094123
1676.000000	0.100934
1678.000000	0.122636
1680.000000	0.137480
1682.000000	0.109756
1684.000000	0.070594
1686.000000	0.061215
1688.000000	0.079275
1690.000000	0.071725
1692.000000	0.060218
1694.000000	0.059321
1696.000000	0.051492
1698.000000	0.018980
1700.000000	0.021659
1702.000000	0.022506
1704.000000	0.023354
1706.000000	0.024202
1708.000000	0.025050
1710.000000	0.025897
1712.000000	0.026745
1714.000000	0.027593
1716.000000	0.000017
1718.000000	-0.013209
1720.000000	-0.021240
1722.000000	-0.012491
1724.000000	0.001748
1726.000000	-0.013559
1728.000000	-0.022800
1730.000000	-0.010510
1732.000000	0.009378
1734.000000	0.031835
1736.000000	0.027536
1738.000000	0.003996
1740.000000	0.006120
1742.000000	0.010520
1744.000000	0.001518
1746.000000	-0.013087
1748.000000	-0.016611
1750.000000	-0.020978
1752.000000	-0.024145
1754.000000	-0.015115
1756.000000	-0.009642
1758.000000	-0.006621
1760.000000	0.001351
1762.000000	0.008084
1764.000000	-0.018576
1766.000000	-0.036262
1768.000000	-0.011543
1770.000000	-0.001731
1772.000000	-0.005642
1774.000000	-0.004887
1776.000000	0.006889
1778.000000	0.016742
1780.000000	0.008216
1782.000000	-0.007806
1784.000000	-0.001802
1786.000000	0.009770
1788.000000	-0.002515
1790.000000	-0.032729
1792.000000	-0.030493
1794.000000	-0.006515
1796.000000	0.009428
1798.000000	0.000958
1800.000000	-0.015860
1802.000000	-0.004024
1804.000000	0.020333
1806.000000	0.012091
1808.000000	0.011135
1810.000000	0.014700
1812.000000	0.004627
1814.000000	-0.013582
1816.000000	-0.019246
1818.000000	-0.005763
1820.000000	0.007774
1822.000000	-0.004808
1824.000000	0.009211
1826.000000	0.024500
1828.000000	-0.004282
1830.000000	0.002427
1832.000000	0.011918
1834.000000	-0.003585
1836.000000	-0.014096
1838.000000	-0.000601
1840.000000	0.004524
1842.000000	-0.008707
1844.000000	-0.004491
1846.000000	0.001187
1848.000000	-0.003012
1850.000000	-0.007340
1852.000000	0.003983
1854.000000	0.003373
1856.000000	-0.007680
1858.000000	-0.011798
1860.000000	-0.015245
1862.000000	0.007180
1864.000000	0.031323
1866.000000	0.013474
1868.000000	-0.008288
1870.000000	-0.011266
1872.000000	0.000000
1874.000000	0.008190
1876.000000	0.009653
1878.000000	0.019499
1880.000000	0.029337
1882.000000	0.008223
1884.000000	-0.016661
1886.000000	-0.011823
1888.000000	0.009741
1890.000000	-0.001723
1892.000000	0.000086
1894.000000	0.004632
1896.000000	-0.010339
1898.000000	-0.006253
1900.000000	-0.004179
1902.000000	-0.007683
1904.000000	-0.006857
1906.000000	-0.013084
1908.000000	0.000867
1910.000000	0.015427
1912.000000	0.000410
1914.000000	0.004213
1916.000000	-0.000948
1918.000000	-0.008349
1920.000000	-0.003420
1922.000000	0.001509
1924.000000	0.006438
1926.000000	-0.011340
1928.000000	-0.005950
1930.000000	-0.005937
1932.000000	-0.004908
1934.000000	-0.002069
1936.000000	-0.012047
1938.000000	-0.009605
1940.000000	-0.002774
1942.000000	0.003653
1944.000000	0.008603
1946.000000	0.013553
1948.000000	-0.006144
1950.000000	-0.010134
1952.000000	0.005682
1954.000000	0.006648
1956.000000	-0.009676
1958.000000	-0.009487
1960.000000	0.027651
1962.000000	0.021782
1964.000000	0.005014
1966.000000	0.014430
1968.000000	0.000503
1970.000000	0.007044
1972.000000	0.012483
1974.000000	-0.000543
1976.000000	0.015807
1978.000000	0.012694
1980.000000	-0.001993
1982.000000	-0.002686
1984.000000	-0.010528
1986.000000	-0.016184
1988.000000	-0.013962
1990.000000	-0.005590
1992.000000	0.005968
1994.000000	0.010454
1996.000000	0.017668
1998.000000	0.024773
2000.000000	0.006996
2002.000000	0.010100
2004.000000	0.012395
2006.000000	0.001194
2008.000000	0.026928
2010.000000	0.014398
2012.000000	-0.016625
2014.000000	-0.009330
2016.000000	0.015666
2018.000000	0.001027
2020.000000	-0.014943
2022.000000	0.000677
2024.000000	-0.002701
2026.000000	-0.021257
2028.000000	-0.016656
2030.000000	0.011007
2032.000000	0.014253
2034.000000	0.014555
2036.000000	0.006781
2038.000000	-0.014642
2040.000000	-0.021680
2042.000000	0.015095
2044.000000	0.037007
2046.000000	0.020616
2048.000000	0.020961
2050.000000	0.034271
2052.000000	0.026741
2054.000000	0.003787
2056.000000	-0.001137
2058.000000	-0.012039
2060.000000	0.004743
2062.000000	0.033260
2064.000000	0.015175
2066.000000	-0.014481
2068.000000	-0.005482
2070.000000	0.022700
2072.000000	0.021345
2074.000000	0.012026
2076.000000	-0.005829
2078.000000	-0.017311
2080.000000	-0.002209
2082.000000	0.021902
2084.000000	0.010657
2086.000000	-0.006959
2088.000000	0.002083
2090.000000	-0.002045
2092.000000	0.005942
2094.000000	0.015378
2096.000000	0.015401
2098.000000	0.029568
2100.000000	0.031250
2102.000000	0.026748
2104.000000	0.024468
2106.000000	0.013704
2108.000000	0.007352
2110.000000	0.002803
2112.000000	0.005351
2114.000000	0.021850
2116.000000	0.023207
2118.000000	0.009101
2120.000000	-0.013565
2122.000000	-0.018256
2124.000000	0.036980
2126.000000	0.030372
2128.000000	-0.013080
2130.000000	-0.001295
2132.000000	0.019957
2134.000000	0.014300
2136.000000	0.008409
2138.000000	0.013435
2140.000000	-0.003183
2142.000000	0.001044
2144.000000	0.012675
2146.000000	0.019010
2148.000000	0.007063
2150.000000	-0.004884
2152.000000	0.001688
2154.000000	0.021163
2156.000000	-0.009227
2158.000000	-0.001685
2160.000000	-0.004121
2162.000000	-0.005701
2164.000000	0.012901
2166.000000	-0.001291
2168.000000	0.017876
2170.000000	0.013960
2172.000000	-0.012388
2174.000000	0.033316
2176.000000	0.031386
2178.000000	-0.000686
2180.000000	-0.014224
2182.000000	-0.008005
2184.000000	0.009671
2186.000000	0.009857
2188.000000	0.001123
2190.000000	0.007794
2192.000000	0.020533
2194.000000	0.012660
2196.000000	0.008694
2198.000000	0.013681
2200.000000	-0.002645
2202.000000	-0.005175
2204.000000	0.004699
2206.000000	0.014686
2208.000000	0.017026
2210.000000	0.004310
2212.000000	0.006183
2214.000000	0.008442
2216.000000	-0.008040
2218.000000	-0.017018
2220.000000	-0.005133
2222.000000	0.009042
2224.000000	0.018569
2226.000000	0.029363
2228.000000	0.020685
2230.000000	0.015021
2232.000000	0.026510
2234.000000	0.036196
2236.000000	0.015040
2238.000000	-0.017919
2240.000000	-0.010550
2242.000000	0.020962
2244.000000	0.009822
2246.000000	-0.001220
2248.000000	0.012524
2250.000000	0.027616
2252.000000	0.032227
2254.000000	0.056807
2256.000000	0.031559
2258.000000	0.001017
2260.000000	0.003036
2262.000000	0.000945
2264.000000	0.035108
2266.000000	0.036609
2268.000000	0.017038
2270.000000	0.021647
2272.000000	-0.004519
2274.000000	0.018173
2276.000000	0.047354
2278.000000	0.030824
2280.000000	0.010845
2282.000000	0.008799
2284.000000	0.024101
2286.000000	0.028623
2288.000000	0.012439
2290.000000	0.014794
2292.000000	0.032339
2294.000000	0.023187
2296.000000	-0.008690
2298.000000	-0.013297
2300.000000	0.003849
2302.000000	0.020446
2304.000000	0.037261
2306.000000	0.041688
2308.000000	0.009506
2310.000000	0.024996
2312.000000	0.050016
2314.000000	0.039787
2316.000000	0.015298
2318.000000	0.003379
2320.000000	0.028917
2322.000000	0.039373
2324.000000	0.013945
2326.000000	0.018102
2328.000000	0.022716
2330.000000	0.027330
2332.000000	0.031944
2334.000000	0.007472
2336.000000	0.008689
2338.000000	0.010477
2340.000000	-0.002406
2342.000000	-0.008968
2344.000000	0.006893
2346.000000	0.007553
2348.000000	0.020381
2350.000000	0.032426
2352.000000	0.030453
2354.000000	0.028455
2356.000000	-0.007740
2358.000000	-0.000150
2360.000000	0.030756
2362.000000	0.026480
2364.000000	0.033806
2366.000000	0.036317
2368.000000	0.029408
2370.000000	0.017330
2372.000000	0.000784
2374.000000	-0.009997
2376.000000	0.018532
2378.000000	0.033433
2380.000000	0.014391
2382.000000	0.012833
2384.000000	0.017008
2386.000000	0.001549
2388.000000	0.000552
2390.000000	0.017070
2392.000000	0.000447
2394.000000	-0.001140
2396.000000	-0.010128
2398.000000	0.000601
2400.000000	0.006366
2402.000000	0.012131
2404.000000	0.002062
2406.000000	-0.002818
2408.000000	-0.013397
2410.000000	-0.010267
2412.000000	0.003827
2414.000000	0.001739
2416.000000	0.019197
2418.000000	0.044701
2420.000000	0.030640
2422.000000	0.004421
2424.000000	-0.018450
2426.000000	0.004027
2428.000000	0.037458
2430.000000	0.017887
2432.000000	0.005671
2434.000000	-0.005215
2436.000000	0.024212
2438.000000	0.054741
2440.000000	0.016804
2442.000000	0.026545
2444.000000	0.034638
2446.000000	0.039359
2448.000000	0.047435
2450.000000	0.029222
2452.000000	0.016266
2454.000000	0.002493
2456.000000	0.018005
2458.000000	0.037811
2460.000000	0.009957
2462.000000	0.029811
2464.000000	0.006539
2466.000000	-0.023732
2468.000000	-0.004516
2470.000000	0.015538
2472.000000	0.038397
2474.000000	0.021901
2476.000000	0.017325
2478.000000	0.033821
2480.000000	0.007016
2482.000000	0.009425
2484.000000	0.017787
2486.000000	0.012735
2488.000000	0.015368
2490.000000	0.031303
2492.000000	0.017501
2494.000000	0.034147
2496.000000	0.028337
2498.000000	-0.004149
2500.000000	0.010198
2502.000000	-0.004639
2504.000000	0.011750
2506.000000	0.017646
2508.000000	-0.000698
2510.000000	0.018729
2512.000000	0.039578
2514.000000	0.043268
2516.000000	0.036066
2518.000000	0.024914
2520.000000	0.006749
2522.000000	-0.014342
2524.000000	-0.002065
2526.000000	0.028456
2528.000000	0.021535
2530.000000	-0.010693
2532.000000	0.020296
2534.000000	0.026738
2536.000000	0.013194
2538.000000	0.016317
2540.000000	0.030599
2542.000000	0.024916
2544.000000	-0.007538
2546.000000	-0.006107
2548.000000	0.011369
2550.000000	0.009877
2552.000000	0.022670
2554.000000	0.044747
2556.000000	0.008927
2558.000000	-0.018365
2560.000000	0.011564
2562.000000	0.027154
2564.000000	0.002253
2566.000000	-0.005801
2568.000000	0.012219
2570.000000	0.012634
2572.000000	0.002772
2574.000000	0.046593
2576.000000	0.026024
2578.000000	-0.001638
2580.000000	0.008824
2582.000000	0.017017
2584.000000	0.007830
2586.000000	0.012844
2588.000000	0.028400
2590.000000	0.028683
2592.000000	0.008100
2594.000000	-0.010173
2596.000000	-0.006283
2598.000000	0.025028
2600.000000	0.026822
2602.000000	0.008206
2604.000000	0.008083
2606.000000	-0.013098
2608.000000	0.000115
2610.000000	0.041081
2612.000000	0.046734
2614.000000	0.020520
2616.000000	0.026295
2618.000000	0.018002
2620.000000	0.016456
2622.000000	0.014879
2624.000000	-0.001117
2626.000000	-0.008304
2628.000000	0.013826
2630.000000	0.012792
2632.000000	0.024051
2634.000000	0.031079
2636.000000	0.013095
2638.000000	0.019403
2640.000000	0.022729
2642.000000	0.027271
2644.000000	0.058462
2646.000000	0.052382
2648.000000	-0.024697
2650.000000	-0.027014
2652.000000	0.008765
2654.000000	-0.006569
2656.000000	-0.013809
2658.000000	0.024447
2660.000000	0.019839
2662.000000	0.010901
2664.000000	0.023711
2666.000000	0.040414
2668.000000	0.035040
2670.000000	0.016710
2672.000000	0.020072
2674.000000	0.028462
2676.000000	0.004701
2678.000000	-0.005600
2680.000000	0.008833
2682.000000	0.008895
2684.000000	0.038326
2686.000000	0.046198
2688.000000	0.040858
2690.000000	0.046441
2692.000000	0.044330
2694.000000	0.018813
2696.000000	0.020827
2698.000000	0.019387
2700.000000	0.005277
2702.000000	0.002807
2704.000000	0.020334
2706.000000	0.032058
2708.000000	0.027760
2710.000000	0.052300
2712.000000	0.066526
2714.000000	0.047921
2716.000000	0.035881
2718.000000	0.034576
2720.000000	0.043235
2722.000000	0.038447
2724.000000	0.038402
2726.000000	0.052608
2728.000000	0.052970
2730.000000	0.045406
2732.000000	0.063701
2734.000000	0.047974
2736.000000	0.026033
2738.000000	0.047708
2740.000000	0.058168
2742.000000	0.014467
2744.000000	0.018484
2746.000000	0.019841
2748.000000	0.017108
2750.000000	0.028140
2752.000000	0.016190
2754.000000	0.031224
2756.000000	0.035394
2758.000000	0.024368
2760.000000	0.028911
2762.000000	0.044829
2764.000000	0.035053
2766.000000	0.012612
2768.000000	0.005454
2770.000000	-0.023076
2772.000000	-0.044218
2774.000000	-0.009316
2776.000000	0.032428
2778.000000	0.012077
2780.000000	0.000001
2782.000000	-0.006487
2784.000000	-0.024941
2786.000000	-0.020716
2788.000000	0.013189
2790.000000	0.000414
2792.000000	0.003953
2794.000000	0.011741
2796.000000	-0.012655
2798.000000	-0.027795
2800.000000	0.000229
2802.000000	-0.007008
2804.000000	-0.004211
2806.000000	0.004233
2808.000000	-0.008936
2810.000000	-0.031843
2812.000000	-0.029430
2814.000000	-0.005455
2816.000000	-0.005401
2818.000000	-0.012972
2820.000000	-0.003708
2822.000000	-0.008938
2824.000000	-0.032131
2826.000000	-0.010243
2828.000000	0.005084
2830.000000	0.000489
2832.000000	0.005398
2834.000000	0.019608
2836.000000	0.033015
2838.000000	0.053557
2840.000000	0.065818
2842.000000	0.096447
2844.000000	0.098521
2846.000000	0.099076
2848.000000	0.142624
2850.000000	0.186277
2852.000000	0.194571
2854.000000	0.223684
2856.000000	0.252760
2858.000000	0.321997
2860.000000	0.338995
2862.000000	0.269306
2864.000000	0.308577
2866.000000	0.348445
2868.000000	0.375038
2870.000000	0.402196
2872.000000	0.463441
2874.000000	0.524667
2876.000000	0.528226
2878.000000	0.535903
2880.000000	0.499087
2882.000000	0.498523
2884.000000	0.565609
2886.000000	0.575115
2888.000000	0.519615
2890.000000	0.559635
2892.000000	0.556727
2894.000000	0.525902
2896.000000	0.575391
2898.000000	0.597907
2900.000000	0.583385
2902.000000	0.615151
2904.000000	0.551502
2906.000000	0.606400
2908.000000	0.657440
2910.000000	0.692319
2912.000000	0.739419
2914.000000	0.749989
2916.000000	0.729360
2918.000000	0.762444
2920.000000	0.821400
2922.000000	0.846893
2924.000000	0.891093
2926.000000	0.918480
2928.000000	0.902128
2930.000000	0.955694
2932.000000	1.000000
2934.000000	0.984704
2936.000000	0.959977
2938.000000	0.929034
2940.000000	0.901471
2942.000000	0.894348
2944.000000	0.844991
2946.000000	0.746139
2948.000000	0.732390
2950.000000	0.748388
2952.000000	0.731787
2954.000000	0.659434
2956.000000	0.600165
2958.000000	0.649842
2960.000000	0.589279
2962.000000	0.595371
2964.000000	0.606415
2966.000000	0.594730
2968.000000	0.562161
2970.000000	0.498217
2972.000000	0.477337
2974.000000	0.422716
2976.000000	0.466157
2978.000000	0.476635
2980.000000	0.410029
2982.000000	0.366081
2984.000000	0.370650
2986.000000	0.370230
2988.000000	0.342603
2990.000000	0.294730
2992.000000	0.271354
2994.000000	0.207605
2996.000000	0.149113
2998.000000	0.155729
3000.000000	0.143133
3002.000000	0.183613
3004.000000	0.154510
3006.000000	0.124745
3008.000000	0.102114
3010.000000	0.082490
3012.000000	0.079558
3014.000000	0.073048
3016.000000	0.082616
3018.000000	0.071485
3020.000000	0.053133
3022.000000	0.011346
3024.000000	-0.010217
3026.000000	0.004998
3028.000000	0.004222
3030.000000	-0.004446
3032.000000	-0.009040
3034.000000	-0.011941
3036.000000	0.001799
3038.000000	0.004449
3040.000000	-0.004142
3042.000000	0.004062
3044.000000	0.003266
3046.000000	-0.016580
3048.000000	0.022600
3050.000000	-0.000601
3052.000000	-0.007621
3054.000000	0.002925
3056.000000	-0.002525
3058.000000	0.021927
3060.000000	0.037770
3062.000000	0.067403
3064.000000	0.050932
3066.000000	0.057176
3068.000000	0.039913
3070.000000	0.013729
3072.000000	0.041978
3074.000000	0.050047
3076.000000	-0.000738
3078.000000	-0.009052
3080.000000	0.002447
3082.000000	0.001113
3084.000000	-0.018047
3086.000000	-0.013225
3088.000000	0.013763
3090.000000	0.003484
3092.000000	-0.003060
3094.000000	0.001187
3096.000000	-0.033998
3098.000000	-0.002086
3100.000000	-0.011783
3102.000000	-0.049862
3104.000000	-0.005217
3106.000000	0.007072
3108.000000	0.017060
3110.000000	-0.025626
3112.000000	0.000555
3114.000000	-0.005548
3116.000000	-0.011730
3118.000000	0.004964
3120.000000	-0.013856
3122.000000	-0.018785
3124.000000	-0.025240
3126.000000	-0.004617
3128.000000	0.001027
3130.000000	0.002075
3132.000000	0.032503
3134.000000	0.030401
3136.000000	-0.003597
3138.000000	0.015590
3140.000000	0.008140
3142.000000	-0.016561
3144.000000	-0.000790
3146.000000	0.004795
3148.000000	0.008996
3150.000000	0.013946
3152.000000	0.036620
3154.000000	0.074243
3156.000000	0.028174
3158.000000	-0.016119
3160.000000	0.003867
3162.000000	0.017287
3164.000000	0.026165
3166.000000	0.008026
3168.000000	0.000055
3170.000000	0.011818
3172.000000	-0.028503
3174.000000	-0.005810
3176.000000	0.031535
3178.000000	0.029106
3180.000000	0.006140
3182.000000	0.003919
3184.000000	-0.003573
3186.000000	-0.020894
3188.000000	0.000356
3190.000000	0.034566
3192.000000	0.028070
3194.000000	0.011390
3196.000000	-0.008487
3198.000000	-0.032683
3200.000000	0.005461
3202.000000	0.022508
3204.000000	-0.012956
3206.000000	-0.006469
3208.000000	-0.007975
3210.000000	0.049593
3212.000000	-0.006145
3214.000000	0.025990
3216.000000	0.033336
3218.000000	0.013555
3220.000000	0.011623
3222.000000	0.007046
3224.000000	0.018083
3226.000000	-0.000301
3228.000000	-0.002588
3230.000000	0.027886
3232.000000	0.008887
3234.000000	0.003030
3236.000000	0.024396
3238.000000	0.028162
3240.000000	0.000101
3242.000000	-0.013224
3244.000000	0.021978
3246.000000	0.011298
3248.000000	0.007119
3250.000000	0.005299
3252.000000	0.028132
3254.000000	0.030909
3256.000000	-0.006173
3258.000000	-0.024162
3260.000000	-0.003939
3262.000000	0.010128
3264.000000	0.027856
3266.000000	0.067605
3268.000000	0.044096
3270.000000	0.001936
3272.000000	0.003015
3274.000000	0.018793
3276.000000	0.050623
3278.000000	0.068046
3280.000000	0.041547
3282.000000	0.044243
3284.000000	0.028137
3286.000000	0.032611
3288.000000	0.066658
3290.000000	0.030890
3292.000000	0.018966
3294.000000	0.056066
3296.000000	0.058200
3298.000000	0.066302
3300.000000	0.090472
3302.000000	0.037030
3304.000000	0.043488
3306.000000	0.034642
3308.000000	0.045021
3310.000000	0.054273
3312.000000	0.067111
3314.000000	0.072445
3316.000000	0.081778
3318.000000	0.078457
3320.000000	0.050075
3322.000000	0.069802
3324.000000	0.087170
3326.000000	0.061371
3328.000000	0.048280
3330.000000	0.058819
3332.000000	0.075224
3334.000000	0.058696
3336.000000	0.090441
3338.000000	0.067371
3340.000000	0.044301
3342.000000	0.064726
3344.000000	0.044618
3346.000000	0.050115
3348.000000	0.038453
3350.000000	0.043817
3352.000000	0.060796
3354.000000	0.064945
3356.000000	0.056921
3358.000000	0.048392
3360.000000	0.048844
3362.000000	0.052549
3364.000000	0.039728
3366.000000	0.032193
3368.000000	0.069478
3370.000000	0.064922
3372.000000	0.041667
3374.000000	0.041714
3376.000000	0.040676
3378.000000	0.029444
3380.000000	0.011006
3382.000000	0.025662
3384.000000	0.056588
3386.000000	0.033132
3388.000000	0.049061
3390.000000	0.082938
3392.000000	0.057836
3394.000000	-0.011417
3396.000000	0.034447
3398.000000	0.072770
3400.000000	0.042585
3402.000000	0.049107
3404.000000	0.068575
3406.000000	0.034169
3408.000000	0.017651
3410.000000	0.038649
3412.000000	0.037672
3414.000000	0.027184
3416.000000	-0.008439
3418.000000	0.007563
3420.000000	0.020547
3422.000000	0.034844
3424.000000	0.032116
3426.000000	0.021173
3428.000000	0.021659
3430.000000	0.007450
3432.000000	0.016139
3434.000000	0.053682
3436.000000	0.026369
3438.000000	0.036367
3440.000000	-0.007188
3442.000000	0.012854
3444.000000	0.029331
3446.000000	0.030011
3448.000000	0.014197
3450.000000	0.013435
3452.000000	0.039775
3454.000000	0.035777
3456.000000	0.004664
3458.000000	0.014765
3460.000000	0.050772
3462.000000	0.024187
3464.000000	0.005774
3466.000000	0.007776
3468.000000	0.019065
3470.000000	0.038466
3472.000000	0.025304
3474.000000	0.021156
3476.000000	0.028044
3478.000000	0.034361
3480.000000	0.024053
3482.000000	0.000528
3484.000000	0.028252
3486.000000	0.031889
3488.000000	0.025041
3490.000000	-0.022655
3492.000000	0.012188
3494.000000	-0.001035
3496.000000	0.018936
3498.000000	0.024922
3500.000000	-0.000217
3502.000000	0.007388
3504.000000	0.028436
3506.000000	0.028049
3508.000000	0.014977
3510.000000	0.006300
3512.000000	0.011568
3514.000000	-0.002341
3516.000000	0.003699
3518.000000	-0.004892
3520.000000	0.004648
3522.000000	0.012430
3524.000000	-0.004308
3526.000000	0.002924
3528.000000	-0.006482
3530.000000	-0.012444
3532.000000	0.002170
3534.000000	-0.014125
3536.000000	-0.019134
3538.000000	0.000184
3540.000000	-0.003981
3542.000000	0.019799
3544.000000	-0.016310
3546.000000	0.013711
3548.000000	0.016462
3550.000000	0.006383
3552.000000	0.020355
3554.000000	0.010155
3556.000000	0.001697
3558.000000	0.009996
3560.000000	0.020955
3562.000000	0.016515
3564.000000	-0.020932
3566.000000	-0.018684
3568.000000	0.041903
3570.000000	0.042143
3572.000000	0.005335
3574.000000	-0.000434
3576.000000	0.033917
3578.000000	0.012013
3580.000000	-0.019692
3582.000000	-0.005291
3584.000000	0.016092
3586.000000	-0.005536
3588.000000	-0.011645
3590.000000	0.000010
3592.000000	0.013603
3594.000000	0.023259
3596.000000	0.017328
3598.000000	0.013406
3600.000000	0.004789
