610	1.8399096666666666
611	1.83644
612	1.8259726666666665
613	1.8145646666666666
614	1.8067659999999999
615	1.8022026666666664
616	1.7997023333333333
617	1.801154333333333
618	1.8093426666666668
619	1.8255793333333332
620	1.8484413333333332
621	1.8720303333333332
622	1.8910253333333333
623	1.9057029999999997
624	1.9175490000000002
625	1.9251089999999997
626	1.9258073333333332
627	1.9180316666666666
628	1.9033449999999998
629	1.8892139999999997
630	1.8821130000000001
631	1.8804143333333334
632	1.8797553333333332
633	1.8778979999999998
634	1.8752213333333332
635	1.8752163333333332
636	1.8791406666666668
637	1.8802713333333332
638	1.870794
639	1.848931
640	1.8194949999999999
641	1.7956823333333336
642	1.78876
643	1.797254
644	1.8132143333333337
645	1.8270089999999999
646	1.8322986666666667
647	1.8313253333333332
648	1.8288036666666667
649	1.8266593333333332
650	1.8253533333333334
651	1.825160333333333
652	1.8262893333333334
653	1.8287653333333331
654	1.8320186666666667
655	1.8345433333333332
656	1.8363826666666667
657	1.8420759999999998
658	1.857122
659	1.8844036666666666
660	1.9228426666666667
661	1.9651283333333334
662	2.0034016666666665
663	2.034850666666667
664	2.0609349999999997
665	2.0874606666666664
666	2.119017
667	2.1532103333333334
668	2.1841283333333332
669	2.2051809999999996
670	2.2129263333333333
671	2.2114849999999997
672	2.2068266666666667
673	2.2014863333333334
674	2.1946203333333334
675	2.181603
676	2.159076
677	2.130116
678	2.099618
679	2.0700243333333335
680	2.041608666666667
681	2.0125606666666664
682	1.9819363333333335
683	1.9524853333333334
684	1.926356
685	1.9007733333333334
686	1.8729283333333333
687	1.8451973333333334
688	1.8231570000000001
689	1.81388
690	1.820317
691	1.8348076666666664
692	1.8478296666666667
693	1.85643
694	1.8630016666666669
695	1.8748436666666666
696	1.8967036666666668
697	1.9228953333333332
698	1.9440103333333334
699	1.952983666666667
700	1.9474696666666667
701	1.9333136666666666
702	1.919254
703	1.9125466666666666
704	1.9171626666666666
705	1.931064
706	1.9484223333333335
707	1.960718
708	1.961259
709	1.9503163333333335
710	1.9331150000000001
711	1.9192496666666665
712	1.9178883333333336
713	1.9328683333333334
714	1.9630053333333335
715	2.0010546666666666
716	2.0393576666666666
717	2.0751236666666664
718	2.1085023333333335
719	2.141261666666667
720	2.174699
721	2.2075746666666665
722	2.2369836666666667
723	2.2588479999999995
724	2.2698996666666664
725	2.2701203333333333
726	2.2631923333333335
727	2.258028
728	2.263994666666667
729	2.2859079999999996
730	2.322198666666667
731	2.361287
732	2.3896466666666667
733	2.399539
734	2.390959
735	2.3755726666666663
736	2.367656666666667
737	2.3759959999999998
738	2.404216
739	2.449846
740	2.507994666666667
741	2.573799
742	2.64264
743	2.7102320000000004
744	2.773332
745	2.830779
746	2.8817880000000002
747	2.9242803333333334
748	2.9546686666666666
749	2.967709666666667
750	2.9613373333333333
751	2.942543
752	2.921800666666667
753	2.9081406666666667
754	2.9055120000000003
755	2.9078916666666665
756	2.9056660000000005
757	2.890890333333333
758	2.8586296666666664
759	2.8090343333333334
760	2.7454963333333335
761	2.674192
762	2.6027146666666665
763	2.5391613333333334
764	2.4890440000000003
765	2.451339
766	2.421798
767	2.3954173333333335
768	2.3694463333333333
769	2.3468353333333334
770	2.3326423333333333
771	2.3308566666666666
772	2.3421943333333335
773	2.361119
774	2.380192
775	2.393997
776	2.4006793333333336
777	2.404316333333333
778	2.410303
779	2.421133
780	2.436067333333333
781	2.45003
782	2.456657666666666
783	2.4511010000000004
784	2.4320676666666667
785	2.4050173333333333
786	2.3785186666666664
787	2.3613790000000003
788	2.3584603333333334
789	2.365267666666667
790	2.3718986666666666
791	2.3656653333333333
792	2.337622
793	2.2901983333333336
794	2.232185
795	2.175641333333333
796	2.1312046666666666
797	2.1030976666666668
798	2.0893673333333336
799	2.080400666666667
800	2.0663413333333334
801	2.0445513333333336
802	2.0192383333333335
803	2.002568
804	2.004909
805	2.0246283333333333
806	2.052981
807	2.0774083333333335
808	2.088381666666667
809	2.0869453333333334
810	2.0805916666666664
811	2.080801
812	2.096288
813	2.125585666666667
814	2.1608906666666665
815	2.1903156666666668
816	2.204547
817	2.204493666666667
818	2.2000126666666664
819	2.2104756666666665
820	2.249407333333333
821	2.3077736666666664
822	2.368374
823	2.418231
824	2.4504853333333334
825	2.4673176666666667
826	2.475046
827	2.4807126666666663
828	2.4889756666666667
829	2.498617666666667
830	2.506029333333333
831	2.508004
832	2.5029893333333333
833	2.492784
834	2.4818526666666667
835	2.4770699999999994
836	2.4817566666666666
837	2.4886926666666667
838	2.4870113333333337
839	2.4688523333333334
840	2.4353863333333337
841	2.4043989999999997
842	2.391881
843	2.3936183333333334
844	2.4000513333333338
845	2.410130666666667
846	2.427422666666667
847	2.4562009999999996
848	2.496869
849	2.540852
850	2.5786696666666664
851	2.607750333333333
852	2.6293596666666663
853	2.646133
854	2.6588879999999997
855	2.663572
856	2.657127333333333
857	2.6436066666666664
858	2.628952
859	2.6160323333333335
860	2.6049956666666665
861	2.593314666666667
862	2.579471
863	2.5663886666666667
864	2.5556486666666665
865	2.541325333333334
866	2.516063
867	2.4774220000000002
868	2.429269
869	2.384482
870	2.3551743333333333
871	2.3426023333333337
872	2.3406693333333335
873	2.3377920000000003
874	2.3248423333333337
875	2.30353
876	2.281601666666667
877	2.2692563333333333
878	2.2719543333333334
879	2.282263
880	2.2886086666666667
881	2.283074666666667
882	2.263365666666666
883	2.2358993333333332
884	2.2091673333333333
885	2.187821
886	2.172673
887	2.16005
888	2.1468303333333334
889	2.135217
890	2.1282376666666667
891	2.125359
892	2.1248856666666667
893	2.1265566666666667
894	2.1331736666666665
895	2.1523763333333332
896	2.187969333333333
897	2.2303083333333333
898	2.266735666666667
899	2.291589
900	2.3055283333333336
901	2.3159986666666668
902	2.3296673333333335
903	2.3451993333333334
904	2.3590313333333333
905	2.3709463333333334
906	2.3841676666666665
907	2.4056793333333335
908	2.439326
909	2.4780736666666665
910	2.5106949999999997
911	2.527902666666667
912	2.527247
913	2.5192406666666667
914	2.514506333333333
915	2.511184333333333
916	2.502204666666666
917	2.4820529999999996
918	2.451244333333334
919	2.4217386666666667
920	2.4060236666666666
921	2.406200666666667
922	2.4172276666666668
923	2.4287673333333335
924	2.432973333333333
925	2.4322703333333333
926	2.431122
927	2.428239
928	2.419306
929	2.3999106666666665
930	2.371224333333333
931	2.3466756666666666
932	2.3394626666666665
933	2.3498596666666667
934	2.3714276666666665
935	2.395833666666667
936	2.417392333333333
937	2.4374366666666667
938	2.457453
939	2.472507
940	2.4770790000000003
941	2.4712826666666667
942	2.459395333333333
943	2.448999666666667
944	2.4449466666666666
945	2.4430016666666665
946	2.437799
947	2.4305733333333333
948	2.425893
949	2.4285633333333334
950	2.4394413333333334
951	2.4506156666666667
952	2.453881
953	2.4490433333333335
954	2.439192666666666
955	2.4265030000000003
956	2.4111339999999997
957	2.390124
958	2.3612683333333333
959	2.3272076666666663
960	2.292804
961	2.2632393333333334
962	2.2442046666666666
963	2.2418263333333335
964	2.2568246666666667
965	2.277021
966	2.287342333333333
967	2.279577666666667
968	2.254709
969	2.227275
970	2.2124746666666666
971	2.2136543333333334
972	2.226529
973	2.241869
974	2.2525686666666664
975	2.260673333333333
976	2.271065333333333
977	2.2858676666666664
978	2.3049929999999996
979	2.326509333333333
980	2.3484666666666665
981	2.370367
982	2.391047
983	2.4068503333333333
984	2.4176076666666666
985	2.433331333333333
986	2.463194666666667
987	2.5044276666666665
988	2.5515126666666665
989	2.604611333333333
990	2.6637923333333338
991	2.7231223333333334
992	2.778242333333333
993	2.8341193333333337
994	2.8938963333333336
995	2.947614
996	2.9862776666666666
997	3.0163243333333334
998	3.0470980000000005
999	3.0786336666666667
1000	3.1064266666666667
1001	3.125663
1002	3.133141666666667
1003	3.129247
1004	3.1158563333333333
1005	3.0948816666666663
1006	3.068525333333333
1007	3.039262
1008	3.005076
1009	2.9543463333333326
1010	2.8811606666666667
1011	2.8015856666666665
1012	2.732300333333333
1013	2.669576666666667
1014	2.605347
1015	2.542568666666667
1016	2.4864543333333335
1017	2.435810666666667
1018	2.390089
1019	2.3566249999999997
1020	2.3407413333333333
1021	2.335160333333333
1022	2.3303936666666667
1023	2.324672333333333
1024	2.318887666666667
1025	2.312106333333334
1026	2.304755
1027	2.3022563333333337
1028	2.3082083333333334
1029	2.3169263333333334
1030	2.319794
1031	2.3112806666666668
1032	2.2907243333333334
1033	2.2651399999999997
1034	2.242791
1035	2.2272483333333337
1036	2.218427666666667
1037	2.2126703333333335
1038	2.204461666666667
1039	2.1879566666666665
1040	2.1628740000000004
1041	2.1414293333333334
1042	2.1347086666666666
1043	2.138861666666667
1044	2.1452246666666666
1045	2.149423666666667
1046	2.1496223333333333
1047	2.1451320000000003
1048	2.137775
1049	2.1341303333333332
1050	2.140190333333333
1051	2.155950333333333
1052	2.1795016666666664
1053	2.210530666666667
1054	2.2483636666666666
1055	2.2895743333333334
1056	2.329922333333333
1057	2.366363666666667
1058	2.398557333333333
1059	2.430678
1060	2.4648956666666666
1061	2.494625
1062	2.5128946666666665
1063	2.520956
1064	2.5249319999999997
1065	2.533354666666667
1066	2.5527689999999996
1067	2.5830796666666664
1068	2.621532333333333
1069	2.665705333333333
1070	2.712820333333333
1071	2.7584996666666664
1072	2.797592
1073	2.825120666666667
1074	2.83929
1075	2.8454553333333332
1076	2.8513550000000003
1077	2.8628926666666668
1078	2.8826243333333332
1079	2.9076353333333333
1080	2.934683666666667
1081	2.964971333333333
1082	3.0009499999999996
1083	3.0428573333333335
1084	3.0867080000000002
1085	3.1213846666666667
1086	3.135810666666667
1087	3.126771666666667
1088	3.100471333333333
1089	3.0761323333333332
1090	3.0706389999999995
1091	3.082657
1092	3.102084333333333
1093	3.117506333333333
1094	3.1215409999999997
1095	3.1164859999999996
1096	3.107809
1097	3.0986866666666666
1098	3.090325333333334
1099	3.0821916666666667
1100	3.0736983333333336
1101	3.0654516666666667
1102	3.0564729999999996
1103	3.041269
1104	3.0162540000000004
1105	2.9871249999999994
1106	2.9647960000000007
1107	2.9617639999999996
1108	2.981431666666667
1109	3.005661666666666
1110	3.014927
1111	3.0082223333333333
1112	2.9943160000000004
1113	2.984977
1114	2.9894560000000006
1115	3.0091989999999997
1116	3.042592
1117	3.0885276666666663
1118	3.1449629999999997
1119	3.206620333333333
1120	3.266272
1121	3.315832333333333
1122	3.3504909999999994
1123	3.373745333333333
1124	3.391609333333333
1125	3.407392333333333
1126	3.4205666666666668
1127	3.4250743333333333
1128	3.4153903333333324
1129	3.392475333333333
1130	3.3590513333333325
1131	3.315415333333333
1132	3.2619983333333327
1133	3.2021003333333327
1134	3.1383256666666663
1135	3.068531666666667
1136	2.9879446666666665
1137	2.8909519999999995
1138	2.7752666666666665
1139	2.647024666666666
1140	2.515659
1141	2.3897923333333333
1142	2.276202333333333
1143	2.178575333333333
1144	2.0992586666666666
1145	2.0402196666666668
1146	2.0016423333333333
1147	1.9797789999999997
1148	1.96989
1149	1.9687700000000001
1150	1.97367
1151	1.9812673333333333
1152	1.9886950000000003
1153	1.9951483333333333
1154	2.0031086666666664
1155	2.020160666666667
1156	2.051698666666667
1157	2.093004666666667
1158	2.1355686666666664
1159	2.1726186666666663
1160	2.201032
1161	2.22394
1162	2.2466853333333328
1163	2.273385333333333
1164	2.3051516666666667
1165	2.337521333333333
1166	2.3637533333333334
1167	2.3775660000000003
1168	2.375962333333333
1169	2.3630280000000004
1170	2.3465420000000003
1171	2.3354806666666668
1172	2.3354613333333334
1173	2.343231
1174	2.350973
1175	2.3495836666666663
1176	2.334145
1177	2.3101326666666666
1178	2.2850453333333336
1179	2.2607090000000003
1180	2.236068
1181	2.209574666666667
1182	2.1801333333333335
1183	2.14799
1184	2.1148593333333334
1185	2.084543666666667
1186	2.061235
1187	2.0478323333333335
1188	2.044945333333333
1189	2.0492646666666667
1190	2.056422333333333
1191	2.0633043333333334
1192	2.0666903333333333
1193	2.062225333333333
1194	2.049445
1195	2.0380686666666668
1196	2.0403569999999998
1197	2.0635839999999996
1198	2.1069926666666663
1199	2.157152
1200	2.201414333333333
1201	2.2412756666666667
1202	2.2839993333333335
1203	2.3352833333333334
1204	2.3968593333333335
1205	2.463756
1206	2.5304876666666667
1207	2.5967363333333338
1208	2.663224
1209	2.727646333333334
1210	2.7867193333333335
1211	2.83888
1212	2.8888243333333334
1213	2.9529243333333333
1214	3.0431796666666666
1215	3.149677333333333
1216	3.2530683333333332
1217	3.3357256666666664
1218	3.3927066666666668
1219	3.4448206666666668
1220	3.513666
1221	3.5970783333333336
1222	3.681757333333333
1223	3.7538139999999998
1224	3.804108333333333
1225	3.833938
1226	3.8490536666666673
1227	3.855436333333333
1228	3.859573
1229	3.869176
1230	3.890220666666667
1231	3.922891
1232	3.9617470000000004
1233	3.9944623333333333
1234	4.010315333333334
1235	4.009175666666667
1236	3.997364
1237	3.984998666666667
1238	3.9796736666666668
1239	3.9799733333333336
1240	3.9819566666666666
1241	3.984737
1242	3.987991666666667
1243	3.989341666666667
1244	3.987012
1245	3.982788
1246	3.9792286666666667
1247	3.9770093333333336
1248	3.9757833333333332
1249	3.9748916666666667
1250	3.973695
1251	3.9716986666666663
1252	3.9677160000000002
1253	3.9588843333333337
1254	3.9426036666666664
1255	3.9187819999999993
1256	3.8901579999999996
1257	3.86315
1258	3.8427753333333334
1259	3.8271736666666665
1260	3.8115883333333334
1261	3.7917569999999996
1262	3.7661843333333334
1263	3.7388483333333333
1264	3.7147543333333335
1265	3.6958283333333335
1266	3.6821016666666666
1267	3.672326
1268	3.6637293333333334
1269	3.6512786666666663
1270	3.6312736666666665
1271	3.605306333333333
1272	3.5770919999999995
1273	3.5498026666666664
1274	3.525262666666667
1275	3.503047
1276	3.482663666666667
1277	3.465667
1278	3.4546023333333333
1279	3.4519969999999995
1280	3.4589143333333334
1281	3.473215666666667
1282	3.4923940000000004
1283	3.516174
1284	3.544616666666667
1285	3.5761613333333333
1286	3.6084106666666664
1287	3.639076
1288	3.6683519999999996
1289	3.701953
1290	3.7465223333333335
1291	3.8052273333333337
1292	3.878069333333333
1293	3.961610666666666
1294	4.0529063333333335
1295	4.153187666666667
1296	4.263671666666666
1297	4.381208
1298	4.500643333333333
1299	4.616917333333333
1300	4.726515666666666
1301	4.829176666666667
1302	4.925331666666667
1303	5.013867333333334
1304	5.0931273333333325
1305	5.162022666666667
1306	5.220587333333333
1307	5.270623
1308	5.312838666666667
1309	5.34381
1310	5.359693333333333
1311	5.3601226666666655
1312	5.348137333333334
1313	5.330787333333333
1314	5.31419
1315	5.298436333333333
1316	5.280857999999999
1317	5.258559
1318	5.229267666666667
1319	5.192329
1320	5.149849666666667
1321	5.108688666666667
1322	5.076463666666667
1323	5.057677
1324	5.053652666666666
1325	5.061672
1326	5.078362666666666
1327	5.102606333333333
1328	5.134049666666666
1329	5.171567333333334
1330	5.212908666666666
1331	5.254056666666667
1332	5.290276333333333
1333	5.316912
1334	5.329898666666667
1335	5.326597333333334
1336	5.306510333333333
1337	5.273205
1338	5.235073333333334
1339	5.206805
1340	5.197062666666667
1341	5.194403000000001
1342	5.180644000000001
1343	5.1430359999999995
1344	5.078864333333333
1345	5.0017700000000005
1346	4.925867
1347	4.850648333333334
1348	4.7709563333333325
1349	4.686486666666666
1350	4.601994666666667
1351	4.527901666666667
1352	4.472348666666667
1353	4.432893666666667
1354	4.403751
1355	4.382148333333333
1356	4.367225333333333
1357	4.358663
1358	4.353410333333334
1359	4.342289666666666
1360	4.318528
1361	4.287049333333334
1362	4.256538333333333
1363	4.232056
1364	4.212849666666666
1365	4.189419
1366	4.1539253333333335
1367	4.110848
1368	4.068937666666666
1369	4.033905666666667
1370	4.007003
1371	3.9829866666666667
1372	3.9561553333333337
1373	3.9260023333333334
1374	3.8941009999999996
1375	3.861422333333334
1376	3.828534666666666
1377	3.795742666666667
1378	3.7614983333333334
1379	3.720441666666667
1380	3.6682836666666665
1381	3.6072363333333337
1382	3.5435853333333336
1383	3.486381
1384	3.444356
1385	3.4227043333333333
1386	3.421907666666667
1387	3.434990333333334
1388	3.4519913333333334
1389	3.4637016666666662
1390	3.4655683333333336
1391	3.4624279999999996
1392	3.4593730000000003
1393	3.4529486666666664
1394	3.437097
1395	3.409254
1396	3.372845
1397	3.340716333333333
1398	3.3236316666666665
1399	3.318356333333334
1400	3.316413
1401	3.3117313333333334
1402	3.3018283333333334
1403	3.289147333333333
1404	3.2753976666666667
1405	3.2562913333333334
1406	3.2285776666666663
1407	3.197686666666667
1408	3.1725406666666665
1409	3.160347
1410	3.160154
1411	3.1549356666666664
1412	3.1287380000000002
1413	3.0841536666666665
1414	3.0324783333333336
1415	2.9856876666666667
1416	2.9519890000000006
1417	2.9310913333333333
1418	2.919450666666666
1419	2.9143683333333334
1420	2.914404333333333
1421	2.919949333333333
1422	2.9334953333333327
1423	2.960197333333333
1424	3.0021066666666667
1425	3.0516386666666664
1426	3.0991863333333334
1427	3.140417
1428	3.1755613333333335
1429	3.2094739999999997
1430	3.2459379999999998
1431	3.28258
1432	3.319324
1433	3.367639333333333
1434	3.4417176666666665
1435	3.549079666666666
1436	3.68485
1437	3.8235019999999995
1438	3.9412619999999996
1439	4.038669
1440	4.126251666666667
1441	4.212236666666667
1442	4.299193333333333
1443	4.380646666666667
1444	4.451146333333334
1445	4.516007333333333
1446	4.581582666666666
1447	4.6452729999999995
1448	4.699425
1449	4.735106666666667
1450	4.751744666666667
1451	4.768106666666667
1452	4.802331666666666
1453	4.851375666666666
1454	4.9006609999999995
1455	4.931255333333333
1456	4.928421666666666
1457	4.890858
1458	4.826167
1459	4.748962000000001
1460	4.673222666666667
1461	4.604533
1462	4.540208
1463	4.467815
1464	4.379567666666667
1465	4.287373
1466	4.207647
1467	4.146757666666667
1468	4.102726
1469	4.065320000000001
1470	4.023829666666666
1471	3.9740373333333334
1472	3.914727
1473	3.845052666666667
1474	3.765588666666666
1475	3.680599
1476	3.598297666666667
1477	3.5316140000000003
1478	3.4882536666666666
1479	3.4593519999999995
1480	3.431335
1481	3.396916333333334
1482	3.3566753333333326
1483	3.321308
1484	3.2959759999999996
1485	3.263962333333333
1486	3.2063456666666665
1487	3.1218826666666666
1488	3.0211173333333328
1489	2.922333666666667
1490	2.837406333333333
1491	2.7570116666666666
1492	2.668016333333333
1493	2.569964666666667
1494	2.469499
1495	2.3758483333333333
1496	2.2966303333333333
1497	2.2335013333333333
1498	2.1832556666666667
1499	2.1374656666666665
1500	2.087629666666667
1501	2.030199666666667
1502	1.9659616666666668
1503	1.9006893333333335
1504	1.8419696666666665
1505	1.7965566666666668
1506	1.7675533333333333
1507	1.750467
1508	1.7373770000000002
1509	1.7205636666666666
1510	1.6986570000000003
1511	1.6838453333333332
1512	1.6876123333333333
1513	1.7062499999999998
1514	1.7294266666666667
1515	1.747525
1516	1.7551033333333332
1517	1.7550253333333332
1518	1.753744666666667
1519	1.7577563333333333
1520	1.7714323333333335
1521	1.7943353333333334
1522	1.8222746666666667
1523	1.8473376666666668
1524	1.8628663333333333
1525	1.8687993333333335
1526	1.8691403333333336
1527	1.8705613333333333
1528	1.879257666666667
1529	1.8976086666666667
1530	1.9230933333333335
1531	1.9463080000000001
1532	1.960674
1533	1.9726923333333335
1534	1.9921863333333334
1535	2.0229623333333335
1536	2.062419666666667
1537	2.100259
1538	2.1281593333333335
1539	2.1496493333333335
1540	2.171946
1541	2.198703
1542	2.2311786666666666
1543	2.2694706666666664
1544	2.3148986666666667
1545	2.3720886666666665
1546	2.4428010000000002
1547	2.5189366666666664
1548	2.5899693333333333
1549	2.650214666666667
1550	2.700089
1551	2.748324333333333
1552	2.8013500000000002
1553	2.8526133333333332
1554	2.893463666666667
1555	2.923969333333333
1556	2.9501533333333327
1557	2.9819956666666663
1558	3.0259016666666665
1559	3.076856666666666
1560	3.1286433333333337
1561	3.183599666666667
1562	3.2464889999999995
1563	3.318075
1564	3.393356666666666
1565	3.4592296666666664
1566	3.507428
1567	3.548488666666666
1568	3.597466666666667
1569	3.660421
1570	3.735857
1571	3.8152726666666665
1572	3.8936339999999996
1573	3.9796076666666664
1574	4.080558333333333
1575	4.186857666666667
1576	4.282412333333333
1577	4.354607333333333
1578	4.400262
1579	4.432982333333333
1580	4.465045333333333
1581	4.489492
1582	4.494243
1583	4.475805333333334
1584	4.438961666666668
1585	4.397473
1586	4.361663666666667
1587	4.325791
1588	4.280844
1589	4.226761333333333
1590	4.168735666666667
1591	4.113911333333333
1592	4.065301333333333
1593	4.015283999999999
1594	3.9558589999999993
1595	3.8889066666666663
1596	3.821229333333333
1597	3.7603696666666666
1598	3.7105566666666667
1599	3.6684753333333333
1600	3.6310986666666665
1601	3.6033473333333332
1602	3.59147
1603	3.5962373333333333
1604	3.6139143333333337
1605	3.636314666666667
1606	3.6555750000000007
1607	3.6689229999999995
1608	3.6774926666666667
1609	3.6860406666666665
1610	3.6985343333333334
1611	3.7136286666666667
1612	3.7268593333333335
1613	3.732254
1614	3.726262333333333
1615	3.7121423333333334
1616	3.6952013333333333
1617	3.6785206666666665
1618	3.662684666666667
1619	3.6451103333333332
1620	3.6229999999999998
1621	3.5961476666666665
1622	3.566152333333333
1623	3.536047
1624	3.508831333333333
1625	3.486111666666667
1626	3.468632666666667
1627	3.4563623333333333
1628	3.4474226666666663
1629	3.4366423333333334
1630	3.4203149999999996
1631	3.401569666666667
1632	3.3873733333333336
1633	3.386285333333333
1634	3.4037663333333334
1635	3.4370253333333336
1636	3.4818936666666667
1637	3.5389953333333333
1638	3.609195
1639	3.6886390000000007
1640	3.7712463333333335
1641	3.8509143333333338
1642	3.92354
1643	3.9894879999999997
1644	4.050988666666667
1645	4.110253666666667
1646	4.169616333333334
1647	4.231825666666667
1648	4.298864666666667
1649	4.370179666666667
1650	4.441951666666666
1651	4.5056536666666664
1652	4.554356666666666
1653	4.589749333333333
1654	4.619318
1655	4.654566666666667
1656	4.702224
1657	4.754426666666667
1658	4.798966999999999
1659	4.828538
1660	4.841305333333333
1661	4.842572333333333
1662	4.839842333333333
1663	4.838771333333333
1664	4.8423316666666665
1665	4.849404333333333
1666	4.857507
1667	4.864865333333333
1668	4.869931666666667
1669	4.870939333333333
1670	4.867449000000001
1671	4.862059333333334
1672	4.855935333333332
1673	4.843829333333334
1674	4.818164333333333
1675	4.772896333333334
1676	4.706418
1677	4.625559333333333
1678	4.539417333333333
1679	4.454006333333333
1680	4.3729569999999995
1681	4.297611
1682	4.227067666666667
1683	4.157446
1684	4.085622666666667
1685	4.0129909999999995
1686	3.9419296666666663
1687	3.872288
1688	3.801369666666667
1689	3.7237606666666663
1690	3.636897
1691	3.5472669999999997
1692	3.4631950000000002
1693	3.388128333333333
1694	3.322838
1695	3.267061333333333
1696	3.2193783333333337
1697	3.176603
1698	3.136499666666667
1699	3.1006503333333333
1700	3.070999
1701	3.0465986666666667
1702	3.0263356666666668
1703	3.0111426666666667
1704	2.997618666666667
1705	2.970934333333333
1706	2.919156666666667
1707	2.8486219999999998
1708	2.7723596666666666
1709	2.699988
1710	2.636467333333333
1711	2.5804033333333334
1712	2.5293259999999997
1713	2.4840919999999995
1714	2.445270333333333
1715	2.4092086666666668
1716	2.371288
1717	2.3291246666666665
1718	2.282025
1719	2.230946
1720	2.1782969999999997
1721	2.1281413333333337
1722	2.08286
1723	2.040008666666667
1724	2.000373666666667
1725	1.9763156666666668
1726	1.9775489999999998
1727	1.995944666666667
1728	2.0174126666666665
1729	2.0326813333333336
1730	2.037977666666667
1731	2.036634666666667
1732	2.0341
1733	2.0338836666666666
1734	2.037126333333333
1735	2.041949333333333
1736	2.0472036666666664
1737	2.05597
1738	2.070159
1739	2.0845723333333335
1740	2.091331333333333
1741	2.0840366666666665
1742	2.060805
1743	2.02814
1744	1.9930473333333332
1745	1.9556473333333333
1746	1.9146996666666665
1747	1.8732443333333333
1748	1.8377423333333334
1749	1.8173406666666667
1750	1.8169616666666666
1751	1.8291106666666668
1752	1.8413026666666668
1753	1.8423756666666669
1754	1.826632
1755	1.7991519999999999
1756	1.7686456666666668
1757	1.7415473333333333
1758	1.7217093333333335
1759	1.709855333333333
1760	1.706389666666667
1761	1.7135876666666665
1762	1.7319810000000002
1763	1.7562463333333334
1764	1.7808576666666667
1765	1.8057673333333333
1766	1.8332476666666668
1767	1.86502
1768	1.900504666666667
1769	1.9346933333333334
1770	1.9616056666666668
1771	1.977642
1772	1.9823696666666666
1773	1.9801763333333333
1774	1.9768473333333334
1775	1.976462333333333
1776	1.9795283333333333
1777	1.9804303333333333
1778	1.9737083333333334
1779	1.9602953333333335
1780	1.9439469999999999
1781	1.9282253333333335
1782	1.915152
1783	1.9037486666666665
1784	1.8921150000000002
1785	1.879143
1786	1.8639266666666665
1787	1.845241
1788	1.822784
1789	1.7990043333333332
1790	1.7789253333333335
