400.000000	0.009702
402.000000	0.002770
404.000000	-0.001953
406.000000	-0.005500
408.000000	-0.010524
410.000000	-0.003841
412.000000	0.009848
414.000000	0.009095
416.000000	-0.003858
418.000000	-0.013692
420.000000	0.000052
422.000000	0.006020
424.000000	0.011987
426.000000	0.000957
428.000000	0.000330
430.000000	-0.004538
432.000000	-0.010582
434.000000	-0.009578
436.000000	-0.005959
438.000000	-0.004717
440.000000	-0.007396
442.000000	-0.004827
444.000000	0.005834
446.000000	0.010695
448.000000	0.005784
450.000000	-0.003809
452.000000	-0.008268
454.000000	-0.006394
456.000000	-0.007456
458.000000	-0.012825
460.000000	-0.018032
462.000000	-0.014909
464.000000	-0.011149
466.000000	-0.020213
468.000000	-0.022573
470.000000	-0.013055
472.000000	-0.016979
474.000000	-0.023437
476.000000	-0.014094
478.000000	-0.006160
480.000000	-0.009077
482.000000	-0.017039
484.000000	-0.014647
486.000000	0.000887
488.000000	0.007252
490.000000	0.003048
492.000000	-0.001822
494.000000	-0.007683
496.000000	-0.012080
498.000000	-0.009367
500.000000	-0.007236
502.000000	-0.007772
504.000000	0.005490
506.000000	0.018561
508.000000	0.008197
510.000000	-0.001528
512.000000	-0.000115
514.000000	-0.002660
516.000000	0.000695
518.000000	0.016761
520.000000	0.023564
522.000000	0.014906
524.000000	0.000999
526.000000	-0.000758
528.000000	0.011763
530.000000	0.021291
532.000000	0.025242
534.000000	0.025060
536.000000	0.016374
538.000000	0.006511
540.000000	0.006039
542.000000	0.001283
544.000000	-0.004945
546.000000	0.012728
548.000000	0.015518
550.000000	0.018307
552.000000	0.021097
554.000000	0.008001
556.000000	-0.000018
558.000000	-0.001528
560.000000	0.001403
562.000000	0.004034
564.000000	0.003955
566.000000	0.002843
568.000000	0.007515
570.000000	0.009482
572.000000	-0.002382
574.000000	-0.008242
576.000000	-0.005105
578.000000	-0.012601
580.000000	-0.017326
582.000000	-0.009261
584.000000	-0.008627
586.000000	-0.014928
588.000000	-0.013878
590.000000	0.001530
592.000000	0.000209
594.000000	-0.001112
596.000000	-0.019650
598.000000	-0.017449
600.000000	-0.011952
602.000000	-0.011252
604.000000	-0.013091
606.000000	-0.008125
608.000000	-0.001607
610.000000	-0.008779
612.000000	-0.024710
614.000000	-0.034858
616.000000	-0.023708
618.000000	-0.009903
620.000000	-0.012033
622.000000	-0.012603
624.000000	-0.010643
626.000000	-0.014698
628.000000	-0.009282
630.000000	0.002937
632.000000	-0.002077
634.000000	-0.009491
636.000000	-0.003229
638.000000	0.007828
640.000000	0.017364
642.000000	0.021834
644.000000	0.017049
646.000000	0.004894
648.000000	-0.006569
650.000000	-0.007274
652.000000	-0.000816
654.000000	-0.006694
656.000000	-0.017130
658.000000	-0.018464
660.000000	-0.012117
662.000000	-0.003773
664.000000	0.001454
666.000000	0.006060
668.000000	0.014251
670.000000	0.016723
672.000000	0.019195
674.000000	-0.006189
676.000000	-0.011531
678.000000	-0.007954
680.000000	-0.015640
682.000000	-0.016639
684.000000	-0.011676
686.000000	-0.013977
688.000000	-0.018796
690.000000	-0.019624
692.000000	-0.014460
694.000000	-0.012519
696.000000	-0.013015
698.000000	0.002391
700.000000	0.020070
702.000000	0.018744
704.000000	-0.000404
706.000000	-0.015354
708.000000	-0.006005
710.000000	-0.001206
712.000000	-0.006703
714.000000	-0.001479
716.000000	-0.005255
718.000000	-0.017749
720.000000	0.001456
722.000000	0.023616
724.000000	0.017440
726.000000	0.015185
728.000000	0.020667
730.000000	0.017865
732.000000	0.005127
734.000000	-0.003903
736.000000	0.007391
738.000000	0.017912
740.000000	0.022509
742.000000	0.044388
744.000000	0.069373
746.000000	0.084481
748.000000	0.104390
750.000000	0.107164
752.000000	0.109939
754.000000	0.086531
756.000000	0.063123
758.000000	0.027322
760.000000	0.013576
762.000000	0.021437
764.000000	0.019226
766.000000	0.013529
768.000000	0.011028
770.000000	0.003638
772.000000	0.003424
774.000000	0.014432
776.000000	0.011133
778.000000	0.003789
780.000000	0.011381
782.000000	0.016336
784.000000	0.018738
786.000000	0.029138
788.000000	0.029496
790.000000	0.016542
792.000000	0.006940
794.000000	0.006027
796.000000	0.009539
798.000000	0.007010
800.000000	-0.000406
802.000000	-0.007063
804.000000	-0.008990
806.000000	-0.009387
808.000000	-0.010005
810.000000	-0.001393
812.000000	0.010567
814.000000	0.012793
816.000000	0.007839
818.000000	0.005007
820.000000	0.011536
822.000000	0.012670
824.000000	0.005958
826.000000	0.008044
828.000000	0.023808
830.000000	0.038638
832.000000	0.022093
834.000000	-0.008625
836.000000	-0.020959
838.000000	-0.000182
840.000000	0.018604
842.000000	0.003601
844.000000	-0.005418
846.000000	0.000500
848.000000	0.005782
850.000000	0.010800
852.000000	0.017328
854.000000	0.022843
856.000000	0.015010
858.000000	0.003464
860.000000	0.015274
862.000000	0.031302
864.000000	0.029630
866.000000	0.009555
868.000000	0.001441
870.000000	0.017677
872.000000	0.025634
874.000000	0.022903
876.000000	0.016745
878.000000	0.001707
880.000000	-0.010747
882.000000	-0.008400
884.000000	-0.003072
886.000000	0.008080
888.000000	0.026548
890.000000	0.013587
892.000000	-0.008869
894.000000	0.012444
896.000000	0.031994
898.000000	0.021395
900.000000	-0.003570
902.000000	-0.013489
904.000000	-0.004298
906.000000	-0.000254
908.000000	0.006110
910.000000	0.012469
912.000000	-0.004079
914.000000	-0.007204
916.000000	0.021745
918.000000	0.037752
920.000000	0.039031
922.000000	0.036843
924.000000	0.025299
926.000000	0.023762
928.000000	0.042018
930.000000	0.039580
932.000000	0.027305
934.000000	0.035674
936.000000	0.049456
938.000000	0.047800
940.000000	0.025254
942.000000	0.016567
944.000000	0.029129
946.000000	0.040365
948.000000	0.026443
950.000000	0.007607
952.000000	0.024738
954.000000	0.038053
956.000000	0.023901
958.000000	0.002823
960.000000	0.019673
962.000000	0.054137
964.000000	0.031231
966.000000	0.018575
968.000000	0.040806
970.000000	0.027650
972.000000	0.031174
974.000000	0.065864
976.000000	0.046914
978.000000	0.021646
980.000000	0.034088
982.000000	0.041995
984.000000	0.049736
986.000000	0.066414
988.000000	0.070877
990.000000	0.061765
992.000000	0.049798
994.000000	0.047053
996.000000	0.059262
998.000000	0.080144
1000.000000	0.089167
1002.000000	0.095305
1004.000000	0.111509
1006.000000	0.110024
1008.000000	0.108540
1010.000000	0.073297
1012.000000	0.048845
1014.000000	0.038239
1016.000000	0.028636
1018.000000	0.022481
1020.000000	0.023903
1022.000000	0.029066
1024.000000	0.017598
1026.000000	0.006655
1028.000000	0.019985
1030.000000	0.024303
1032.000000	0.029749
1034.000000	0.057448
1036.000000	0.053028
1038.000000	0.021107
1040.000000	0.008613
1042.000000	0.022043
1044.000000	0.034991
1046.000000	0.022385
1048.000000	0.019873
1050.000000	0.038683
1052.000000	0.060344
1054.000000	0.065937
1056.000000	0.059845
1058.000000	0.058305
1060.000000	0.055381
1062.000000	0.054960
1064.000000	0.065066
1066.000000	0.069826
1068.000000	0.071133
1070.000000	0.078546
1072.000000	0.067881
1074.000000	0.057501
1076.000000	0.081498
1078.000000	0.094206
1080.000000	0.094252
1082.000000	0.106320
1084.000000	0.081754
1086.000000	0.046322
1088.000000	0.063620
1090.000000	0.086469
1092.000000	0.091795
1094.000000	0.086085
1096.000000	0.054370
1098.000000	0.032208
1100.000000	0.064938
1102.000000	0.098715
1104.000000	0.097724
1106.000000	0.070600
1108.000000	0.068305
1110.000000	0.088282
1112.000000	0.091413
1114.000000	0.066563
1116.000000	0.046514
1118.000000	0.063773
1120.000000	0.078957
1122.000000	0.080358
1124.000000	0.081558
1126.000000	0.091541
1128.000000	0.119237
1130.000000	0.150432
1132.000000	0.123884
1134.000000	0.071240
1136.000000	0.049413
1138.000000	0.037096
1140.000000	0.025806
1142.000000	0.015815
1144.000000	0.000603
1146.000000	0.001846
1148.000000	0.025884
1150.000000	0.026723
1152.000000	0.013203
1154.000000	0.010672
1156.000000	0.019290
1158.000000	0.030995
1160.000000	0.032336
1162.000000	0.011755
1164.000000	0.000611
1166.000000	0.013604
1168.000000	0.018828
1170.000000	0.015043
1172.000000	0.015324
1174.000000	0.028695
1176.000000	0.033126
1178.000000	0.017898
1180.000000	-0.001050
1182.000000	-0.008068
1184.000000	-0.005261
1186.000000	-0.007597
1188.000000	-0.006653
1190.000000	-0.003234
1192.000000	-0.009957
1194.000000	-0.025260
1196.000000	-0.030217
1198.000000	-0.007132
1200.000000	0.018883
1202.000000	0.027434
1204.000000	0.020254
1206.000000	0.027763
1208.000000	0.047477
1210.000000	0.056364
1212.000000	0.047094
1214.000000	0.041134
1216.000000	0.053141
1218.000000	0.055696
1220.000000	0.061902
1222.000000	0.086743
1224.000000	0.105836
1226.000000	0.093231
1228.000000	0.064652
1230.000000	0.081896
1232.000000	0.110594
1234.000000	0.108322
1236.000000	0.080516
1238.000000	0.074272
1240.000000	0.092702
1242.000000	0.090277
1244.000000	0.080762
1246.000000	0.078566
1248.000000	0.080611
1250.000000	0.076140
1252.000000	0.068737
1254.000000	0.066711
1256.000000	0.057932
1258.000000	0.054985
1260.000000	0.071407
1262.000000	0.080552
1264.000000	0.071279
1266.000000	0.057431
1268.000000	0.068867
1270.000000	0.071328
1272.000000	0.050422
1274.000000	0.057886
1276.000000	0.073904
1278.000000	0.072337
1280.000000	0.058896
1282.000000	0.052260
1284.000000	0.058209
1286.000000	0.066706
1288.000000	0.072426
1290.000000	0.082039
1292.000000	0.098174
1294.000000	0.089676
1296.000000	0.082743
1298.000000	0.111946
1300.000000	0.134520
1302.000000	0.149036
1304.000000	0.165197
1306.000000	0.165816
1308.000000	0.173591
1310.000000	0.195263
1312.000000	0.194363
1314.000000	0.172620
1316.000000	0.156934
1318.000000	0.169051
1320.000000	0.161260
1322.000000	0.139942
1324.000000	0.148730
1326.000000	0.146854
1328.000000	0.129801
1330.000000	0.125956
1332.000000	0.147785
1334.000000	0.170333
1336.000000	0.173123
1338.000000	0.175866
1340.000000	0.178636
1342.000000	0.166758
1344.000000	0.130217
1346.000000	0.112656
1348.000000	0.126662
1350.000000	0.137009
1352.000000	0.124250
1354.000000	0.110858
1356.000000	0.123959
1358.000000	0.124159
1360.000000	0.119313
1362.000000	0.127012
1364.000000	0.116930
1366.000000	0.104188
1368.000000	0.103071
1370.000000	0.094318
1372.000000	0.079197
1374.000000	0.071363
1376.000000	0.079557
1378.000000	0.077228
1380.000000	0.080181
1382.000000	0.113724
1384.000000	0.117060
1386.000000	0.094829
1388.000000	0.082308
1390.000000	0.076159
1392.000000	0.078773
1394.000000	0.091150
1396.000000	0.102946
1398.000000	0.093049
1400.000000	0.078659
1402.000000	0.095149
1404.000000	0.089928
1406.000000	0.070027
1408.000000	0.071257
1410.000000	0.053983
1412.000000	0.042905
1414.000000	0.056800
1416.000000	0.042215
1418.000000	0.028113
1420.000000	0.038990
1422.000000	0.050787
1424.000000	0.054127
1426.000000	0.052685
1428.000000	0.059009
1430.000000	0.085441
1432.000000	0.097444
1434.000000	0.071498
1436.000000	0.060557
1438.000000	0.082173
1440.000000	0.108794
1442.000000	0.098960
1444.000000	0.107829
1446.000000	0.140341
1448.000000	0.147972
1450.000000	0.155731
1452.000000	0.155893
1454.000000	0.137540
1456.000000	0.143604
1458.000000	0.156657
1460.000000	0.148151
1462.000000	0.124544
1464.000000	0.117915
1466.000000	0.115945
1468.000000	0.084082
1470.000000	0.073897
1472.000000	0.084591
1474.000000	0.083436
1476.000000	0.070497
1478.000000	0.049906
1480.000000	0.033945
1482.000000	0.039857
1484.000000	0.054421
1486.000000	0.051511
1488.000000	0.019533
1490.000000	-0.002786
1492.000000	-0.005224
1494.000000	-0.002454
1496.000000	-0.006279
1498.000000	-0.001490
1500.000000	0.004666
1502.000000	-0.018174
1504.000000	-0.023459
1506.000000	-0.003825
1508.000000	0.003308
1510.000000	-0.020626
1512.000000	-0.037692
1514.000000	-0.025878
1516.000000	-0.025877
1518.000000	-0.019097
1520.000000	-0.000907
1522.000000	0.003829
1524.000000	0.003080
1526.000000	0.001873
1528.000000	0.004048
1530.000000	0.020689
1532.000000	0.023797
1534.000000	0.006413
1536.000000	0.003695
1538.000000	0.010232
1540.000000	0.009894
1542.000000	0.001293
1544.000000	0.013791
1546.000000	0.035950
1548.000000	0.046506
1550.000000	0.049262
1552.000000	0.056325
1554.000000	0.072507
1556.000000	0.089337
1558.000000	0.088037
1560.000000	0.067944
1562.000000	0.047609
1564.000000	0.051748
1566.000000	0.069650
1568.000000	0.084199
1570.000000	0.091088
1572.000000	0.098945
1574.000000	0.102230
1576.000000	0.096892
1578.000000	0.104585
1580.000000	0.126904
1582.000000	0.147199
1584.000000	0.147761
1586.000000	0.145107
1588.000000	0.129728
1590.000000	0.094701
1592.000000	0.091698
1594.000000	0.100978
1596.000000	0.090939
1598.000000	0.071500
1600.000000	0.075900
1602.000000	0.098944
1604.000000	0.108573
1606.000000	0.099469
1608.000000	0.095887
1610.000000	0.102872
1612.000000	0.089395
1614.000000	0.064075
1616.000000	0.051488
1618.000000	0.065176
1620.000000	0.083812
1622.000000	0.087636
1624.000000	0.073209
1626.000000	0.055572
1628.000000	0.049997
1630.000000	0.054926
1632.000000	0.056950
1634.000000	0.050588
1636.000000	0.054784
1638.000000	0.068208
1640.000000	0.061035
1642.000000	0.063769
1644.000000	0.078393
1646.000000	0.087069
1648.000000	0.104761
1650.000000	0.110520
1652.000000	0.101347
1654.000000	0.109551
1656.000000	0.122327
1658.000000	0.141873
1660.000000	0.161080
1662.000000	0.131042
1664.000000	0.126568
1666.000000	0.156375
1668.000000	0.137623
1670.000000	0.147630
1672.000000	0.156037
1674.000000	0.113480
1676.000000	0.099519
1678.000000	0.113976
1680.000000	0.128950
1682.000000	0.124076
1684.000000	0.087035
1686.000000	0.070220
1688.000000	0.092491
1690.000000	0.082067
1692.000000	0.064847
1694.000000	0.065869
1696.000000	0.069418
1698.000000	0.042580
1700.000000	0.029585
1702.000000	0.030322
1704.000000	0.031059
1706.000000	0.031796
1708.000000	0.032533
1710.000000	0.033270
1712.000000	0.034007
1714.000000	0.034744
1716.000000	0.003556
1718.000000	0.007205
1720.000000	-0.008112
1722.000000	-0.005088
1724.000000	0.023435
1726.000000	0.001034
1728.000000	-0.024905
1730.000000	-0.020271
1732.000000	-0.000599
1734.000000	0.009399
1736.000000	0.013053
1738.000000	0.013296
1740.000000	0.002084
1742.000000	-0.011369
1744.000000	-0.016193
1746.000000	-0.012278
1748.000000	-0.011485
1750.000000	-0.008360
1752.000000	-0.009591
1754.000000	-0.021638
1756.000000	-0.016489
1758.000000	-0.002312
1760.000000	0.003588
1762.000000	-0.001167
1764.000000	-0.010515
1766.000000	-0.012263
1768.000000	-0.007135
1770.000000	-0.015559
1772.000000	-0.023539
1774.000000	-0.017085
1776.000000	0.000485
1778.000000	0.009050
1780.000000	-0.009698
1782.000000	-0.031177
1784.000000	-0.010602
1786.000000	0.009772
1788.000000	0.009329
1790.000000	-0.006767
1792.000000	-0.026741
1794.000000	-0.022391
1796.000000	-0.004937
1798.000000	-0.001469
1800.000000	-0.001016
1802.000000	-0.002929
1804.000000	-0.004630
1806.000000	0.001566
1808.000000	0.013114
1810.000000	0.012305
1812.000000	-0.003926
1814.000000	-0.013338
1816.000000	-0.007130
1818.000000	0.004107
1820.000000	0.003823
1822.000000	-0.010453
1824.000000	-0.011908
1826.000000	-0.000614
1828.000000	0.002367
1830.000000	-0.001957
1832.000000	0.004964
1834.000000	0.013322
1836.000000	-0.001164
1838.000000	-0.008088
1840.000000	-0.005630
1842.000000	-0.008126
1844.000000	-0.014510
1846.000000	0.007699
1848.000000	0.012059
1850.000000	-0.019206
1852.000000	-0.005474
1854.000000	0.000817
1856.000000	-0.008422
1858.000000	-0.005195
1860.000000	-0.008297
1862.000000	0.001125
1864.000000	0.015883
1866.000000	0.009449
1868.000000	-0.002303
1870.000000	-0.000536
1872.000000	0.010862
1874.000000	0.010441
1876.000000	-0.004685
1878.000000	-0.007940
1880.000000	0.002973
1882.000000	-0.001196
1884.000000	-0.000508
1886.000000	0.001975
1888.000000	-0.004906
1890.000000	-0.010661
1892.000000	0.007142
1894.000000	0.019408
1896.000000	0.003280
1898.000000	0.000000
1900.000000	0.011444
1902.000000	0.007351
1904.000000	-0.014816
1906.000000	0.002601
1908.000000	0.012561
1910.000000	0.005355
1912.000000	0.008322
1914.000000	-0.004450
1916.000000	-0.006692
1918.000000	0.006112
1920.000000	0.007797
1922.000000	0.003899
1924.000000	0.006419
1926.000000	0.011466
1928.000000	0.005712
1930.000000	-0.002448
1932.000000	-0.004673
1934.000000	0.001472
1936.000000	0.008952
1938.000000	0.001243
1940.000000	-0.001707
1942.000000	0.005971
1944.000000	0.003450
1946.000000	0.012681
1948.000000	0.003512
1950.000000	-0.016935
1952.000000	0.008097
1954.000000	-0.003670
1956.000000	-0.016657
1958.000000	0.005346
1960.000000	0.003815
1962.000000	0.009526
1964.000000	0.006660
1966.000000	-0.012477
1968.000000	-0.001843
1970.000000	0.011639
1972.000000	0.005929
1974.000000	-0.007878
1976.000000	-0.005025
1978.000000	-0.009068
1980.000000	-0.001077
1982.000000	0.016062
1984.000000	-0.012906
1986.000000	-0.012658
1988.000000	-0.000847
1990.000000	-0.012977
1992.000000	-0.001872
1994.000000	0.007074
1996.000000	-0.001311
1998.000000	-0.009527
2000.000000	0.003766
2002.000000	0.003098
2004.000000	-0.009338
2006.000000	-0.010297
2008.000000	-0.000205
2010.000000	0.004935
2012.000000	-0.004084
2014.000000	-0.010615
2016.000000	0.009955
2018.000000	0.010723
2020.000000	0.000863
2022.000000	0.003056
2024.000000	-0.000445
2026.000000	-0.008996
2028.000000	-0.006709
2030.000000	0.006157
2032.000000	0.006709
2034.000000	-0.002046
2036.000000	-0.010695
2038.000000	-0.013491
2040.000000	-0.009359
2042.000000	0.002539
2044.000000	0.010224
2046.000000	0.009593
2048.000000	0.010939
2050.000000	0.015428
2052.000000	0.021987
2054.000000	0.022109
2056.000000	0.009515
2058.000000	0.002719
2060.000000	0.005371
2062.000000	0.014764
2064.000000	0.022395
2066.000000	0.008543
2068.000000	-0.002169
2070.000000	0.009667
2072.000000	0.028002
2074.000000	0.019084
2076.000000	0.010235
2078.000000	-0.000301
2080.000000	-0.017580
2082.000000	0.002959
2084.000000	0.001621
2086.000000	-0.012269
2088.000000	-0.003134
2090.000000	-0.003029
2092.000000	0.005948
2094.000000	0.021756
2096.000000	0.023373
2098.000000	0.006756
2100.000000	0.005013
2102.000000	0.008894
2104.000000	0.009104
2106.000000	0.015608
2108.000000	0.002523
2110.000000	0.001179
2112.000000	0.014836
2114.000000	0.009251
2116.000000	0.004799
2118.000000	-0.000177
2120.000000	-0.002667
2122.000000	0.009233
2124.000000	0.027434
2126.000000	0.010731
2128.000000	-0.014524
2130.000000	-0.004245
2132.000000	0.018248
2134.000000	0.028822
2136.000000	0.007685
2138.000000	-0.021184
2140.000000	-0.007332
2142.000000	0.006036
2144.000000	0.005776
2146.000000	0.007724
2148.000000	0.020435
2150.000000	0.024464
2152.000000	0.006375
2154.000000	-0.004695
2156.000000	0.012640
2158.000000	0.007649
2160.000000	-0.011160
2162.000000	-0.018600
2164.000000	-0.009059
2166.000000	0.004276
2168.000000	0.026811
2170.000000	0.027919
2172.000000	0.007298
2174.000000	0.010163
2176.000000	0.021568
2178.000000	0.011214
2180.000000	-0.007485
2182.000000	-0.007195
2184.000000	-0.014429
2186.000000	-0.010325
2188.000000	-0.001725
2190.000000	-0.000108
2192.000000	0.014563
2194.000000	0.016788
2196.000000	0.003109
2198.000000	-0.008395
2200.000000	-0.004334
2202.000000	0.008587
2204.000000	0.024979
2206.000000	0.032834
2208.000000	0.024950
2210.000000	0.015534
2212.000000	0.002676
2214.000000	0.000151
2216.000000	0.006420
2218.000000	-0.003568
2220.000000	0.005947
2222.000000	0.029231
2224.000000	0.040089
2226.000000	0.032244
2228.000000	0.023509
2230.000000	0.010167
2232.000000	0.004110
2234.000000	0.015555
2236.000000	0.021535
2238.000000	0.008172
2240.000000	0.007354
2242.000000	0.018465
2244.000000	0.001670
2246.000000	-0.012243
2248.000000	0.010182
2250.000000	0.028415
2252.000000	0.008964
2254.000000	0.013305
2256.000000	0.019744
2258.000000	0.020799
2260.000000	0.020456
2262.000000	0.014049
2264.000000	0.008619
2266.000000	-0.000456
2268.000000	0.000254
2270.000000	0.018276
2272.000000	0.018475
2274.000000	-0.011493
2276.000000	0.001193
2278.000000	0.042640
2280.000000	0.016275
2282.000000	0.008033
2284.000000	0.013855
2286.000000	0.020584
2288.000000	0.022309
2290.000000	-0.002218
2292.000000	0.008145
2294.000000	0.020932
2296.000000	0.007769
2298.000000	0.005945
2300.000000	0.023307
2302.000000	0.029766
2304.000000	0.029011
2306.000000	0.042216
2308.000000	0.052575
2310.000000	0.016232
2312.000000	0.007476
2314.000000	0.028064
2316.000000	0.009898
2318.000000	0.002744
2320.000000	0.023713
2322.000000	0.042360
2324.000000	0.044493
2326.000000	0.047377
2328.000000	0.029956
2330.000000	0.018588
2332.000000	0.014551
2334.000000	0.006486
2336.000000	0.014813
2338.000000	0.018863
2340.000000	0.008973
2342.000000	-0.002472
2344.000000	0.000429
2346.000000	0.013966
2348.000000	0.021667
2350.000000	0.016141
2352.000000	0.010794
2354.000000	0.018166
2356.000000	0.010995
2358.000000	0.004240
2360.000000	0.010161
2362.000000	0.015459
2364.000000	0.005302
2366.000000	0.001239
2368.000000	0.016183
2370.000000	0.020895
2372.000000	0.010874
2374.000000	0.018708
2376.000000	0.026543
2378.000000	-0.014239
2380.000000	-0.012421
2382.000000	-0.001349
2384.000000	-0.000914
2386.000000	-0.002687
2388.000000	-0.000865
2390.000000	-0.000589
2392.000000	-0.006677
2394.000000	-0.011339
2396.000000	-0.009955
2398.000000	0.007975
2400.000000	0.008451
2402.000000	0.008926
2404.000000	0.003356
2406.000000	-0.008344
2408.000000	-0.008093
2410.000000	0.018464
2412.000000	0.004955
2414.000000	-0.001089
2416.000000	0.027577
2418.000000	0.034922
2420.000000	-0.009620
2422.000000	-0.016467
2424.000000	-0.024640
2426.000000	0.007825
2428.000000	0.050558
2430.000000	0.023331
2432.000000	0.013236
2434.000000	0.006866
2436.000000	0.013048
2438.000000	0.020624
2440.000000	0.000248
2442.000000	0.000865
2444.000000	0.013563
2446.000000	0.015640
2448.000000	0.008976
2450.000000	0.008472
2452.000000	0.008076
2454.000000	0.016234
2456.000000	0.015201
2458.000000	-0.005665
2460.000000	-0.015601
2462.000000	0.016363
2464.000000	0.031233
2466.000000	0.008911
2468.000000	0.002525
2470.000000	0.037294
2472.000000	0.018503
2474.000000	0.000890
2476.000000	0.011780
2478.000000	0.016773
2480.000000	0.005625
2482.000000	0.025519
2484.000000	0.020440
2486.000000	0.008488
2488.000000	0.014522
2490.000000	0.009912
2492.000000	0.011227
2494.000000	0.002831
2496.000000	0.004409
2498.000000	0.015678
2500.000000	0.008287
2502.000000	0.010090
2504.000000	0.016144
2506.000000	0.002852
2508.000000	-0.009455
2510.000000	0.005351
2512.000000	0.000261
2514.000000	0.012807
2516.000000	0.017747
2518.000000	0.022686
2520.000000	-0.006644
2522.000000	0.000950
2524.000000	-0.001858
2526.000000	-0.009453
2528.000000	-0.004430
2530.000000	0.001385
2532.000000	-0.000147
2534.000000	0.009018
2536.000000	0.017424
2538.000000	0.024416
2540.000000	0.019302
2542.000000	-0.016423
2544.000000	-0.006410
2546.000000	-0.012083
2548.000000	-0.005529
2550.000000	0.026820
2552.000000	0.004045
2554.000000	0.004897
2556.000000	0.008024
2558.000000	0.004921
2560.000000	0.014038
2562.000000	0.026794
2564.000000	0.011386
2566.000000	-0.006393
2568.000000	-0.010054
2570.000000	0.004144
2572.000000	0.023945
2574.000000	0.020828
2576.000000	0.014086
2578.000000	0.014664
2580.000000	0.005273
2582.000000	-0.008209
2584.000000	0.007077
2586.000000	0.010119
2588.000000	0.011279
2590.000000	0.011257
2592.000000	0.002509
2594.000000	-0.006389
2596.000000	-0.010736
2598.000000	-0.013855
2600.000000	-0.002615
2602.000000	0.012299
2604.000000	0.005504
2606.000000	-0.008696
2608.000000	0.002741
2610.000000	0.012186
2612.000000	-0.001331
2614.000000	-0.002188
2616.000000	0.027757
2618.000000	-0.001882
2620.000000	-0.014130
2622.000000	-0.011410
2624.000000	-0.017686
2626.000000	-0.006292
2628.000000	0.018050
2630.000000	0.023042
2632.000000	0.020103
2634.000000	0.016690
2636.000000	-0.001621
2638.000000	-0.022117
2640.000000	0.010763
2642.000000	0.017730
2644.000000	0.013763
2646.000000	0.024233
2648.000000	0.015447
2650.000000	-0.006413
2652.000000	-0.006385
2654.000000	0.007458
2656.000000	0.018334
2658.000000	0.011793
2660.000000	-0.011064
2662.000000	-0.006521
2664.000000	0.003531
2666.000000	-0.002414
2668.000000	-0.001285
2670.000000	0.018674
2672.000000	0.017240
2674.000000	0.005345
2676.000000	-0.007771
2678.000000	-0.004191
2680.000000	0.003454
2682.000000	-0.003202
2684.000000	0.014834
2686.000000	0.020363
2688.000000	0.002047
2690.000000	-0.001385
2692.000000	0.014618
2694.000000	0.010034
2696.000000	0.012789
2698.000000	0.008390
2700.000000	0.013163
2702.000000	0.018321
2704.000000	-0.001159
2706.000000	-0.021870
2708.000000	-0.018790
2710.000000	0.013357
2712.000000	0.031460
2714.000000	0.026436
2716.000000	0.024583
2718.000000	0.019774
2720.000000	0.034797
2722.000000	0.010394
2724.000000	0.005766
2726.000000	0.026023
2728.000000	0.002845
2730.000000	0.026937
2732.000000	0.035053
2734.000000	0.020621
2736.000000	0.031018
2738.000000	0.044608
2740.000000	0.015692
2742.000000	0.012156
2744.000000	-0.013239
2746.000000	-0.016933
2748.000000	-0.005427
2750.000000	0.001606
2752.000000	0.027003
2754.000000	0.019357
2756.000000	0.003880
2758.000000	0.000032
2760.000000	0.008857
2762.000000	0.015373
2764.000000	0.005236
2766.000000	-0.004949
2768.000000	-0.014462
2770.000000	-0.016822
2772.000000	-0.016721
2774.000000	-0.020599
2776.000000	-0.016427
2778.000000	-0.000156
2780.000000	-0.019196
2782.000000	-0.017800
2784.000000	-0.006733
2786.000000	-0.012369
2788.000000	-0.008796
2790.000000	-0.026611
2792.000000	-0.010958
2794.000000	-0.016926
2796.000000	-0.035325
2798.000000	-0.018611
2800.000000	0.006957
2802.000000	0.001391
2804.000000	-0.014920
2806.000000	-0.020744
2808.000000	-0.006692
2810.000000	-0.001768
2812.000000	-0.020414
2814.000000	-0.014405
2816.000000	-0.013610
2818.000000	-0.021671
2820.000000	-0.025078
2822.000000	-0.016435
2824.000000	-0.004174
2826.000000	-0.007168
2828.000000	-0.022964
2830.000000	-0.002496
2832.000000	0.016780
2834.000000	0.008811
2836.000000	0.006280
2838.000000	0.028122
2840.000000	0.051067
2842.000000	0.067491
2844.000000	0.089983
2846.000000	0.097343
2848.000000	0.102560
2850.000000	0.141386
2852.000000	0.166544
2854.000000	0.172849
2856.000000	0.218107
2858.000000	0.271267
2860.000000	0.263665
2862.000000	0.243817
2864.000000	0.297166
2866.000000	0.308730
2868.000000	0.360238
2870.000000	0.406261
2872.000000	0.426047
2874.000000	0.455279
2876.000000	0.467923
2878.000000	0.443839
2880.000000	0.478758
2882.000000	0.500959
2884.000000	0.518009
2886.000000	0.517605
2888.000000	0.486755
2890.000000	0.506384
2892.000000	0.520401
2894.000000	0.533932
2896.000000	0.583350
2898.000000	0.581755
2900.000000	0.563850
2902.000000	0.619935
2904.000000	0.605287
2906.000000	0.631459
2908.000000	0.669894
2910.000000	0.698832
2912.000000	0.707918
2914.000000	0.721784
2916.000000	0.769866
2918.000000	0.785742
2920.000000	0.844413
2922.000000	0.890981
2924.000000	0.920601
2926.000000	0.969158
2928.000000	1.000000
2930.000000	0.974170
2932.000000	0.977434
2934.000000	0.998975
2936.000000	0.986596
2938.000000	0.975831
2940.000000	0.963886
2942.000000	0.907646
2944.000000	0.857888
2946.000000	0.840332
2948.000000	0.800841
2950.000000	0.755766
2952.000000	0.721243
2954.000000	0.695839
2956.000000	0.665545
2958.000000	0.612601
2960.000000	0.593392
2962.000000	0.603715
2964.000000	0.612907
2966.000000	0.616430
2968.000000	0.559676
2970.000000	0.467334
2972.000000	0.483153
2974.000000	0.465539
2976.000000	0.438598
2978.000000	0.435761
2980.000000	0.408783
2982.000000	0.366499
2984.000000	0.360000
2986.000000	0.350825
2988.000000	0.318528
2990.000000	0.293281
2992.000000	0.270311
2994.000000	0.212220
2996.000000	0.160916
2998.000000	0.155294
3000.000000	0.147975
3002.000000	0.155100
3004.000000	0.120350
3006.000000	0.091975
3008.000000	0.076033
3010.000000	0.056212
3012.000000	0.048603
3014.000000	0.060926
3016.000000	0.065159
3018.000000	0.044380
3020.000000	0.040558
3022.000000	0.012116
3024.000000	-0.001532
3026.000000	0.007477
3028.000000	-0.019586
3030.000000	-0.020614
3032.000000	-0.000353
3034.000000	-0.019207
3036.000000	-0.017896
3038.000000	0.003919
3040.000000	0.015643
3042.000000	0.012332
3044.000000	-0.001738
3046.000000	0.009633
3048.000000	0.000918
3050.000000	0.014265
3052.000000	0.018769
3054.000000	0.021517
3056.000000	0.022167
3058.000000	0.015591
3060.000000	0.061167
3062.000000	0.063619
3064.000000	0.055990
3066.000000	0.033883
3068.000000	0.032864
3070.000000	0.037054
3072.000000	0.026394
3074.000000	0.033881
3076.000000	0.016161
3078.000000	-0.019353
3080.000000	-0.000642
3082.000000	0.001648
3084.000000	-0.017661
3086.000000	-0.014913
3088.000000	0.002435
3090.000000	0.004291
3092.000000	-0.019543
3094.000000	-0.004379
3096.000000	0.002304
3098.000000	-0.030815
3100.000000	-0.024723
3102.000000	0.003365
3104.000000	-0.002172
3106.000000	0.004771
3108.000000	-0.011469
3110.000000	0.006193
3112.000000	-0.006414
3114.000000	-0.022886
3116.000000	-0.010062
3118.000000	-0.002469
3120.000000	-0.012687
3122.000000	-0.012215
3124.000000	-0.013155
3126.000000	0.004018
3128.000000	0.008234
3130.000000	0.007077
3132.000000	0.001575
3134.000000	-0.002368
3136.000000	-0.005670
3138.000000	-0.014915
3140.000000	0.000522
3142.000000	0.002316
3144.000000	-0.022610
3146.000000	-0.007911
3148.000000	0.017858
3150.000000	0.018368
3152.000000	0.011131
3154.000000	0.005095
3156.000000	-0.000196
3158.000000	-0.004309
3160.000000	-0.014037
3162.000000	0.020488
3164.000000	0.011787
3166.000000	-0.015122
3168.000000	0.014186
3170.000000	0.029893
3172.000000	-0.012649
3174.000000	-0.010484
3176.000000	0.000904
3178.000000	0.003324
3180.000000	0.005972
3182.000000	-0.011913
3184.000000	-0.014506
3186.000000	-0.016735
3188.000000	-0.038741
3190.000000	0.003003
3192.000000	0.013142
3194.000000	-0.013255
3196.000000	-0.000424
3198.000000	0.000872
3200.000000	0.001187
3202.000000	0.003788
3204.000000	-0.006692
3206.000000	-0.000477
3208.000000	0.007726
3210.000000	0.012477
3212.000000	0.022944
3214.000000	0.005726
3216.000000	0.012754
3218.000000	0.019176
3220.000000	0.018619
3222.000000	0.017463
3224.000000	-0.010731
3226.000000	-0.011442
3228.000000	0.008461
3230.000000	0.002975
3232.000000	0.024565
3234.000000	0.032996
3236.000000	0.032396
3238.000000	0.016562
3240.000000	0.002129
3242.000000	0.005198
3244.000000	-0.017066
3246.000000	0.018973
3248.000000	0.001387
3250.000000	-0.006697
3252.000000	0.017695
3254.000000	0.021619
3256.000000	0.033467
3258.000000	0.029804
3260.000000	0.001071
3262.000000	0.022888
3264.000000	0.014658
3266.000000	0.024645
3268.000000	0.021818
3270.000000	0.018051
3272.000000	0.010740
3274.000000	0.019836
3276.000000	0.040960
3278.000000	0.047927
3280.000000	0.040869
3282.000000	0.037731
3284.000000	0.058969
3286.000000	0.054304
3288.000000	0.055235
3290.000000	0.026472
3292.000000	0.035743
3294.000000	0.040027
3296.000000	0.058493
3298.000000	0.084098
3300.000000	0.049573
3302.000000	0.057951
3304.000000	0.039242
3306.000000	0.064238
3308.000000	0.054464
3310.000000	0.054556
3312.000000	0.062364
3314.000000	0.069374
3316.000000	0.073034
3318.000000	0.068815
3320.000000	0.055720
3322.000000	0.041903
3324.000000	0.067908
3326.000000	0.048971
3328.000000	0.042206
3330.000000	0.073761
3332.000000	0.070926
3334.000000	0.052081
3336.000000	0.071872
3338.000000	0.075226
3340.000000	0.048932
3342.000000	0.061066
3344.000000	0.054428
3346.000000	0.036277
3348.000000	0.039776
3350.000000	0.055569
3352.000000	0.047751
3354.000000	0.041586
3356.000000	0.036822
3358.000000	0.050246
3360.000000	0.073260
3362.000000	0.049141
3364.000000	0.023269
3366.000000	0.054225
3368.000000	0.053728
3370.000000	0.049819
3372.000000	0.060168
3374.000000	0.036771
3376.000000	0.043721
3378.000000	0.057833
3380.000000	0.062348
3382.000000	0.050833
3384.000000	0.023890
3386.000000	0.035459
3388.000000	0.029185
3390.000000	0.056686
3392.000000	0.035927
3394.000000	0.030682
3396.000000	0.019870
3398.000000	0.033346
3400.000000	0.027577
3402.000000	0.022685
3404.000000	0.040251
3406.000000	0.038319
3408.000000	0.028046
3410.000000	0.014651
3412.000000	0.007323
3414.000000	0.005794
3416.000000	0.035252
3418.000000	0.015595
3420.000000	-0.002317
3422.000000	0.002203
3424.000000	0.020080
3426.000000	0.008101
3428.000000	0.004860
3430.000000	0.022269
3432.000000	0.008859
3434.000000	0.034354
3436.000000	0.024885
3438.000000	0.024784
3440.000000	-0.006644
3442.000000	0.015915
3444.000000	0.018659
3446.000000	0.010063
3448.000000	0.009083
3450.000000	0.021513
3452.000000	0.031198
3454.000000	0.008896
3456.000000	-0.013198
3458.000000	-0.002496
3460.000000	0.006789
3462.000000	0.004650
3464.000000	0.037248
3466.000000	0.021003
3468.000000	-0.007988
3470.000000	-0.023450
3472.000000	-0.012137
3474.000000	0.004752
3476.000000	0.015020
3478.000000	0.003658
3480.000000	-0.018019
3482.000000	0.005759
3484.000000	0.036615
3486.000000	0.017995
3488.000000	0.021107
3490.000000	-0.006198
3492.000000	0.013348
3494.000000	0.005262
3496.000000	-0.011203
3498.000000	0.000894
3500.000000	-0.003050
3502.000000	-0.019323
3504.000000	-0.002229
3506.000000	0.010345
3508.000000	-0.010456
3510.000000	-0.010141
3512.000000	-0.000287
3514.000000	-0.003337
3516.000000	0.024281
3518.000000	0.004665
3520.000000	0.009755
3522.000000	0.018443
3524.000000	0.000954
3526.000000	-0.012530
3528.000000	-0.011274
3530.000000	-0.008597
3532.000000	-0.001203
3534.000000	-0.009941
3536.000000	-0.011546
3538.000000	0.015968
3540.000000	0.009004
3542.000000	0.007211
3544.000000	0.006207
3546.000000	-0.002048
3548.000000	0.030375
3550.000000	0.000095
3552.000000	-0.018200
3554.000000	0.003420
3556.000000	-0.003604
3558.000000	-0.018055
3560.000000	0.008753
3562.000000	-0.001841
3564.000000	-0.020657
3566.000000	-0.001527
3568.000000	0.001132
3570.000000	0.011185
3572.000000	-0.005985
3574.000000	-0.009162
3576.000000	-0.013711
3578.000000	-0.015183
3580.000000	-0.013709
3582.000000	-0.006372
3584.000000	-0.039495
3586.000000	-0.010435
3588.000000	0.004175
3590.000000	-0.016698
3592.000000	-0.017675
3594.000000	-0.004753
3596.000000	-0.013262
3598.000000	-0.006824
3600.000000	0.012669
