610	1.854321
611	1.8409920000000002
612	1.831628
613	1.8189999999999997
614	1.7986326666666668
615	1.7770223333333335
616	1.7638026666666669
617	1.76425
618	1.777797
619	1.795422666666667
620	1.8081933333333333
621	1.8155066666666668
622	1.8206120000000001
623	1.8268046666666666
624	1.8354843333333337
625	1.844091
626	1.8494313333333334
627	1.8507903333333335
628	1.8492989999999998
629	1.8478013333333334
630	1.8504543333333332
631	1.862505
632	1.8864853333333333
633	1.9173953333333333
634	1.9465426666666665
635	1.9647323333333333
636	1.9679786666666668
637	1.9643186666666668
638	1.964176666666667
639	1.9711666666666667
640	1.9827273333333333
641	1.9897593333333334
642	1.985529
643	1.9748403333333333
644	1.9664323333333333
645	1.9660306666666667
646	1.9747306666666669
647	1.9866440000000003
648	1.9956143333333334
649	2.001468666666667
650	2.0057560000000003
651	2.0077636666666665
652	2.0060923333333336
653	2.000452
654	1.9921803333333337
655	1.9848356666666667
656	1.9801473333333335
657	1.9739766666666667
658	1.9644576666666669
659	1.9605583333333334
660	1.972048
661	1.9993353333333335
662	2.038060333333333
663	2.0824373333333335
664	2.125598
665	2.159539333333333
666	2.1801573333333337
667	2.193125
668	2.2042843333333333
669	2.210221333333333
670	2.2047990000000004
671	2.1855766666666665
672	2.1544796666666666
673	2.1193509999999995
674	2.089105
675	2.069166666666667
676	2.060786333333333
677	2.058927
678	2.0543620000000002
679	2.0350813333333333
680	1.9959743333333335
681	1.9500206666666668
682	1.9124513333333333
683	1.8857686666666669
684	1.8677426666666666
685	1.8585676666666668
686	1.8587600000000002
687	1.866472
688	1.879155666666667
689	1.894994
690	1.9113196666666668
691	1.9230726666666669
692	1.927801
693	1.9314586666666669
694	1.941954666666667
695	1.9629206666666665
696	1.9931166666666669
697	2.024983333333333
698	2.051823
699	2.0748043333333333
700	2.096735333333333
701	2.1161516666666667
702	2.1298470000000003
703	2.135378666666667
704	2.131861333333333
705	2.120944
706	2.1043483333333333
707	2.0817686666666666
708	2.053977666666667
709	2.026555
710	2.0077540000000003
711	2.006658333333333
712	2.0282706666666668
713	2.0672573333333335
714	2.1129636666666665
715	2.153194
716	2.180537
717	2.1996683333333333
718	2.218830666666667
719	2.2423413333333335
720	2.2708596666666665
721	2.3011386666666667
722	2.329717333333333
723	2.3562893333333332
724	2.382184
725	2.4091946666666666
726	2.4389149999999997
727	2.4720143333333335
728	2.5075363333333334
729	2.541716666666667
730	2.570416333333333
731	2.5913566666666674
732	2.6029603333333333
733	2.603548333333334
734	2.5931683333333333
735	2.576119666666667
736	2.5579799999999997
737	2.5429086666666665
738	2.5327586666666666
739	2.525762333333333
740	2.5197553333333333
741	2.5151673333333333
742	2.513195666666667
743	2.514136666666667
744	2.517928333333333
745	2.524856666666667
746	2.536027
747	2.5538236666666667
748	2.578896
749	2.6065013333333336
750	2.6291336666666667
751	2.638808333333333
752	2.6319023333333327
753	2.615070333333333
754	2.5975330000000003
755	2.5840973333333332
756	2.5758629999999996
757	2.570279666666667
758	2.564364666666666
759	2.5575096666666672
760	2.550289
761	2.5436130000000006
762	2.5392433333333333
763	2.5404793333333333
764	2.549129
765	2.561922
766	2.5732623333333335
767	2.5776496666666664
768	2.5730813333333336
769	2.565317
770	2.5623340000000003
771	2.569205666666667
772	2.586332666666667
773	2.606897
774	2.6248666666666667
775	2.642863666666667
776	2.665428333333333
777	2.6924123333333334
778	2.7200276666666663
779	2.7415803333333333
780	2.7532506666666663
781	2.760171666666667
782	2.767753333333333
783	2.773037333333334
784	2.769881333333333
785	2.753904333333334
786	2.7249383333333337
787	2.690274
788	2.658347
789	2.632894666666666
790	2.614965
791	2.6041186666666665
792	2.5977749999999995
793	2.5894623333333335
794	2.571007333333333
795	2.534681
796	2.4781173333333335
797	2.4108193333333334
798	2.3461870000000005
799	2.2942893333333334
800	2.2582340000000003
801	2.2289836666666667
802	2.195370333333333
803	2.153521666666667
804	2.1064113333333334
805	2.064725
806	2.038391
807	2.0280513333333334
808	2.0287973333333333
809	2.032518
810	2.032064
811	2.0254206666666668
812	2.0145079999999997
813	2.005069
814	2.002999
815	2.0108333333333337
816	2.0283823333333335
817	2.0526713333333335
818	2.080751333333333
819	2.1122443333333334
820	2.1475973333333336
821	2.186477
822	2.2281756666666666
823	2.2717636666666667
824	2.31434
825	2.348845
826	2.3692073333333337
827	2.3759843333333333
828	2.3737803333333334
829	2.369552
830	2.368344
831	2.368951
832	2.369427
833	2.3723603333333334
834	2.3818146666666666
835	2.4001180000000004
836	2.426070666666667
837	2.4523493333333333
838	2.4705773333333334
839	2.476174
840	2.4681943333333334
841	2.4503440000000003
842	2.4293440000000004
843	2.414363
844	2.4132990000000003
845	2.428466333333333
846	2.4567336666666666
847	2.488212
848	2.513386666666667
849	2.530205666666667
850	2.540801333333333
851	2.549064
852	2.556690333333333
853	2.559262
854	2.552540333333333
855	2.538905
856	2.523421
857	2.510212
858	2.4999816666666668
859	2.4872176666666665
860	2.4676863333333334
861	2.4460513333333336
862	2.4284939999999997
863	2.4155349999999998
864	2.4046703333333332
865	2.3926383333333336
866	2.3774146666666667
867	2.3601773333333336
868	2.342026
869	2.320909
870	2.2949789999999997
871	2.2661580000000003
872	2.2374099999999997
873	2.210087
874	2.1835243333333336
875	2.154688
876	2.123666
877	2.0999149999999998
878	2.094533333333333
879	2.112365
880	2.1502873333333334
881	2.1936739999999997
882	2.2273249999999996
883	2.246033333333333
884	2.2504109999999997
885	2.244181333333333
886	2.2313466666666666
887	2.214256333333333
888	2.195684
889	2.180999
890	2.174739666666667
891	2.1768613333333335
892	2.1854926666666663
893	2.1991626666666666
894	2.2162016666666666
895	2.2337316666666664
896	2.2473823333333334
897	2.251035
898	2.241543666666667
899	2.2242926666666665
900	2.2065696666666668
901	2.1914923333333336
902	2.179482
903	2.1695729999999998
904	2.1626543333333332
905	2.1648073333333335
906	2.1816240000000002
907	2.2121303333333335
908	2.251204
909	2.2910503333333336
910	2.3251560000000002
911	2.3522613333333338
912	2.372885666666667
913	2.3865060000000002
914	2.393115
915	2.39536
916	2.397875
917	2.4066083333333337
918	2.4231463333333334
919	2.438065
920	2.441048666666666
921	2.4310166666666664
922	2.4133043333333335
923	2.3979109999999997
924	2.391657
925	2.389974666666667
926	2.3855399999999998
927	2.3761889999999997
928	2.3629426666666666
929	2.348391
930	2.334524
931	2.320803333333333
932	2.3067933333333333
933	2.2946890000000004
934	2.2863946666666664
935	2.2802613333333337
936	2.272584666666667
937	2.259049
938	2.2394960000000004
939	2.2234913333333335
940	2.2208493333333337
941	2.231938
942	2.250827
943	2.2671916666666667
944	2.273298333333333
945	2.2712200000000005
946	2.2661626666666663
947	2.260673
948	2.2556176666666663
949	2.2511543333333335
950	2.2477673333333335
951	2.24711
952	2.2504226666666667
953	2.2568916666666667
954	2.265854333333333
955	2.27896
956	2.2977583333333333
957	2.3207573333333333
958	2.3424076666666664
959	2.3514986666666666
960	2.340500666666667
961	2.316022
962	2.2905343333333334
963	2.2750036666666666
964	2.2724640000000003
965	2.2702723333333332
966	2.2554753333333335
967	2.230150666666667
968	2.204997
969	2.1941279999999996
970	2.2046156666666668
971	2.224869
972	2.2397256666666667
973	2.2446496666666667
974	2.2423406666666663
975	2.2404556666666666
976	2.2447323333333333
977	2.252463666666667
978	2.2603386666666663
979	2.27188
980	2.2905336666666667
981	2.3122423333333333
982	2.329573
983	2.335876333333333
984	2.3314836666666663
985	2.3313056666666667
986	2.3506956666666663
987	2.391389666666667
988	2.4476073333333335
989	2.5105653333333335
990	2.5731349999999997
991	2.634447
992	2.6971689999999997
993	2.7654270000000003
994	2.839593333333333
995	2.9105646666666667
996	2.969056
997	3.015054666666667
998	3.053923
999	3.0933216666666667
1000	3.136857333333333
1001	3.1772726666666666
1002	3.206285
1003	3.2242746666666666
1004	3.2365016666666664
1005	3.2498666666666667
1006	3.2670273333333335
1007	3.2794140000000005
1008	3.2734983333333334
1009	3.2365206666666673
1010	3.165718666666667
1011	3.0795690000000002
1012	2.9978480000000003
1013	2.9223630000000003
1014	2.8478709999999996
1015	2.771792
1016	2.694818333333333
1017	2.6212416666666667
1018	2.5537916666666667
1019	2.4887770000000002
1020	2.424999666666667
1021	2.3729740000000006
1022	2.342387333333334
1023	2.3288040000000003
1024	2.320996666666667
1025	2.307224666666667
1026	2.2817540000000003
1027	2.2524003333333336
1028	2.229985
1029	2.2187033333333335
1030	2.2181650000000004
1031	2.2246943333333333
1032	2.234939
1033	2.248831666666667
1034	2.2651866666666667
1035	2.277136
1036	2.278625
1037	2.2715400000000003
1038	2.262376
1039	2.2594990000000004
1040	2.265987
1041	2.271746666666667
1042	2.266858
1043	2.254954
1044	2.244887666666667
1045	2.243003
1046	2.2498853333333333
1047	2.2564513333333336
1048	2.25458
1049	2.247628
1050	2.241796
1051	2.238058666666667
1052	2.2352356666666666
1053	2.2331803333333333
1054	2.234161
1055	2.2442373333333334
1056	2.2667260000000002
1057	2.2950673333333333
1058	2.321033
1059	2.3426276666666666
1060	2.361611
1061	2.3813289999999996
1062	2.4019133333333333
1063	2.415356
1064	2.415570333333333
1065	2.409097333333333
1066	2.407216
1067	2.418760333333333
1068	2.4470556666666665
1069	2.4857839999999998
1070	2.5265556666666664
1071	2.565455
1072	2.6001983333333336
1073	2.6275293333333334
1074	2.645059333333333
1075	2.6539406666666667
1076	2.658741666666667
1077	2.6678793333333335
1078	2.686561
1079	2.7091856666666665
1080	2.728817666666667
1081	2.7463753333333334
1082	2.766364666666667
1083	2.792562
1084	2.82241
1085	2.840412
1086	2.832119333333334
1087	2.798908
1088	2.7526103333333336
1089	2.712382
1090	2.6931366666666667
1091	2.6934669999999996
1092	2.7056460000000007
1093	2.723696
1094	2.742827666666667
1095	2.758410333333333
1096	2.765856666666666
1097	2.7610419999999993
1098	2.742814666666666
1099	2.7164246666666667
1100	2.6884176666666666
1101	2.6620596666666665
1102	2.639232333333333
1103	2.6222046666666663
1104	2.6137363333333337
1105	2.6167589999999996
1106	2.6312616666666666
1107	2.650101
1108	2.663008666666667
1109	2.6600479999999997
1110	2.636187
1111	2.5972603333333333
1112	2.5537836666666665
1113	2.516257
1114	2.4931456666666665
1115	2.4884163333333333
1116	2.502088333333333
1117	2.529562666666666
1118	2.5665169999999997
1119	2.613125
1120	2.667716
1121	2.720053666666667
1122	2.7604806666666666
1123	2.7889826666666666
1124	2.8058140000000003
1125	2.8027806666666666
1126	2.7759639999999997
1127	2.7398863333333328
1128	2.7118746666666667
1129	2.696556
1130	2.6897719999999996
1131	2.6807766666666666
1132	2.659768333333333
1133	2.625086
1134	2.579146333333333
1135	2.5254119999999998
1136	2.4663286666666666
1137	2.4012350000000002
1138	2.3270586666666664
1139	2.238934
1140	2.137121
1141	2.0348903333333332
1142	1.9453013333333333
1143	1.8685253333333334
1144	1.8042656666666668
1145	1.7637383333333334
1146	1.7557423333333333
1147	1.771294
1148	1.7952703333333335
1149	1.8166680000000002
1150	1.8282116666666666
1151	1.8266886666666666
1152	1.8135100000000002
1153	1.7968646666666666
1154	1.784839
1155	1.778959
1156	1.7799296666666666
1157	1.7926270000000002
1158	1.8179176666666665
1159	1.8435149999999998
1160	1.8584386666666668
1161	1.86767
1162	1.8792803333333334
1163	1.8920516666666665
1164	1.901356
1165	1.904831
1166	1.90234
1167	1.8959803333333332
1168	1.8872376666666666
1169	1.8746319999999999
1170	1.859589
1171	1.8528336666666667
1172	1.8640469999999998
1173	1.8909239999999998
1174	1.9255703333333332
1175	1.9593446666666665
1176	1.9834303333333334
1177	1.9895053333333335
1178	1.9759673333333332
1179	1.9559030000000002
1180	1.943019
1181	1.9380843333333333
1182	1.9380186666666668
1183	1.9441490000000001
1184	1.9582813333333333
1185	1.9783546666666667
1186	2.001863
1187	2.029386333333333
1188	2.0628523333333333
1189	2.1037133333333333
1190	2.150545333333333
1191	2.1959713333333335
1192	2.231673
1193	2.2535493333333334
1194	2.2634
1195	2.2721936666666664
1196	2.292626333333333
1197	2.3322276666666664
1198	2.393464333333333
1199	2.4721110000000004
1200	2.558441
1201	2.636775
1202	2.6943336666666666
1203	2.7312673333333333
1204	2.7567956666666666
1205	2.787195666666667
1206	2.832425666666667
1207	2.8818330000000003
1208	2.920947333333333
1209	2.9476389999999997
1210	2.968713
1211	2.997945
1212	3.046637
1213	3.113734
1214	3.1908030000000003
1215	3.2648106666666665
1216	3.322462333333333
1217	3.354829
1218	3.3633186666666663
1219	3.368547
1220	3.393996
1221	3.450116333333334
1222	3.534877333333333
1223	3.6312193333333336
1224	3.7193396666666665
1225	3.787929666666667
1226	3.8352436666666665
1227	3.8724166666666666
1228	3.9122206666666663
1229	3.9586506666666668
1230	4.009537
1231	4.0577456666666665
1232	4.0955976666666665
1233	4.118872333333333
1234	4.1273133333333325
1235	4.126715
1236	4.128239
1237	4.148342333333334
1238	4.193845
1239	4.244582
1240	4.275164666666666
1241	4.275876333333334
1242	4.250279333333332
1243	4.215210333333333
1244	4.185389
1245	4.158496666666666
1246	4.126988333333333
1247	4.088842666666666
1248	4.046143666666667
1249	4.004039333333333
1250	3.967658333333333
1251	3.9393556666666667
1252	3.919967666666667
1253	3.9093773333333335
1254	3.904827666666666
1255	3.898331333333333
1256	3.881247666666667
1257	3.8491313333333332
1258	3.8033659999999996
1259	3.75449
1260	3.715249333333333
1261	3.694158
1262	3.6932913333333333
1263	3.704622
1264	3.718962333333333
1265	3.7343019999999996
1266	3.7524040000000003
1267	3.7758103333333333
1268	3.803720333333333
1269	3.827396333333333
1270	3.8370493333333333
1271	3.8287596666666666
1272	3.8042799999999994
1273	3.7724716666666667
1274	3.7450013333333336
1275	3.732751333333333
1276	3.7410936666666665
1277	3.7636343333333335
1278	3.7900606666666663
1279	3.812765666666667
1280	3.827917666666667
1281	3.837253666666667
1282	3.844938
1283	3.855204
1284	3.870167
1285	3.887159333333333
1286	3.9017239999999997
1287	3.910418
1288	3.9142616666666665
1289	3.9231213333333335
1290	3.9475269999999996
1291	3.990531333333333
1292	4.050017666666667
1293	4.119562999999999
1294	4.191127999999999
1295	4.2570076666666665
1296	4.312278333333333
1297	4.358159333333334
1298	4.399537333333333
1299	4.443391999999999
1300	4.493977666666666
1301	4.547475333333333
1302	4.597734
1303	4.641375999999999
1304	4.677466333333333
1305	4.707973666666667
1306	4.7388416666666675
1307	4.781757
1308	4.843797666666667
1309	4.915569
1310	4.9809573333333335
1311	5.025539333333334
1312	5.0422346666666655
1313	5.038538666666667
1314	5.026603
1315	5.014920666666667
1316	5.008018333333333
1317	5.0055353333333334
1318	5.0053909999999995
1319	5.005954999999999
1320	5.0050669999999995
1321	4.998998666666666
1322	4.986402
1323	4.973331
1324	4.9702063333333335
1325	4.989059666666666
1326	5.033030999999999
1327	5.083862666666667
1328	5.120636333333334
1329	5.13786
1330	5.138945999999999
1331	5.131462
1332	5.121902666666666
1333	5.1110809999999995
1334	5.098022333333334
1335	5.083224666666667
1336	5.066884
1337	5.046763
1338	5.020236333333333
1339	4.986315666666667
1340	4.944944
1341	4.896366666666667
1342	4.839925666666668
1343	4.7729056666666665
1344	4.693804666666667
1345	4.605965666666667
1346	4.514033
1347	4.420774333333334
1348	4.328
1349	4.237521
1350	4.152040333333334
1351	4.076018666666667
1352	4.012873666666667
1353	3.961876333333333
1354	3.9210046666666667
1355	3.8893356666666667
1356	3.8658186666666667
1357	3.847747666666667
1358	3.8314243333333335
1359	3.8129160000000004
1360	3.7909713333333332
1361	3.7706459999999997
1362	3.758087666666666
1363	3.7553656666666666
1364	3.7599386666666668
1365	3.763078
1366	3.755697
1367	3.7339973333333334
1368	3.697956666666667
1369	3.6512646666666666
1370	3.601941333333333
1371	3.5637396666666667
1372	3.5441926666666665
1373	3.530964
1374	3.5061816666666665
1375	3.4597323333333336
1376	3.3903069999999995
1377	3.308247
1378	3.2260739999999997
1379	3.150137
1380	3.082441666666666
1381	3.021417666666667
1382	2.9634066666666667
1383	2.9034113333333336
1384	2.8388796666666667
1385	2.774262
1386	2.717194
1387	2.6754189999999998
1388	2.653566333333333
1389	2.6488553333333336
1390	2.652784333333333
1391	2.6514830000000003
1392	2.6348343333333335
1393	2.6065496666666665
1394	2.5760286666666667
1395	2.5518283333333325
1396	2.5401533333333335
1397	2.542931333333333
1398	2.557665
1399	2.575988333333333
1400	2.5901893333333335
1401	2.5999996666666667
1402	2.6102066666666666
1403	2.628819333333333
1404	2.6572579999999997
1405	2.6795353333333334
1406	2.6794593333333334
1407	2.6582896666666667
1408	2.627545666666667
1409	2.603797
1410	2.5987576666666667
1411	2.6088790000000004
1412	2.625694
1413	2.6446639999999997
1414	2.6637233333333334
1415	2.6819083333333333
1416	2.698697
1417	2.714078
1418	2.730371
1419	2.7545183333333334
1420	2.7920346666666664
1421	2.840105666666666
1422	2.8895136666666668
1423	2.9256273333333334
1424	2.9404700000000004
1425	2.9462513333333336
1426	2.9599650000000004
1427	2.989075333333333
1428	3.033610333333333
1429	3.0869789999999995
1430	3.142492
1431	3.1993339999999995
1432	3.2599323333333334
1433	3.3281249999999996
1434	3.407725666666667
1435	3.501277
1436	3.6095766666666664
1437	3.730286
1438	3.8571246666666665
1439	3.978102333333333
1440	4.082991999999999
1441	4.171915333333333
1442	4.254173333333333
1443	4.34899
1444	4.470604333333333
1445	4.6121989999999995
1446	4.7582233333333335
1447	4.894366000000001
1448	5.009773666666666
1449	5.099746333333333
1450	5.1650356666666655
1451	5.212970666666667
1452	5.2508946666666665
1453	5.279853
1454	5.297208333333334
1455	5.298453
1456	5.279873333333334
1457	5.2414146666666666
1458	5.186732666666667
1459	5.1242556666666665
1460	5.062409000000001
1461	5.004650333333334
1462	4.949353
1463	4.888418000000001
1464	4.813897
1465	4.724599333333333
1466	4.62414
1467	4.520343666666666
1468	4.422176333333333
1469	4.336753666666666
1470	4.264749
1471	4.194432333333333
1472	4.114869
1473	4.029353666666666
1474	3.947776666666667
1475	3.880031
1476	3.830112333333333
1477	3.7891106666666667
1478	3.7441139999999997
1479	3.686095
1480	3.6113289999999996
1481	3.524388
1482	3.4353439999999997
1483	3.3583830000000003
1484	3.3022453333333335
1485	3.2593993333333335
1486	3.2171563333333335
1487	3.1674046666666666
1488	3.1063879999999995
1489	3.0353300000000005
1490	2.9583786666666665
1491	2.8816186666666668
1492	2.8091943333333336
1493	2.7390113333333335
1494	2.6663650000000003
1495	2.5871053333333336
1496	2.500304
1497	2.4117143333333337
1498	2.3293956666666666
1499	2.259864666666667
1500	2.2059680000000004
1501	2.1635143333333335
1502	2.1234706666666665
1503	2.0733413333333335
1504	2.0074656666666666
1505	1.9387323333333335
1506	1.8825340000000002
1507	1.8412553333333335
1508	1.8096326666666667
1509	1.779267666666667
1510	1.74776
1511	1.7281643333333334
1512	1.731779
1513	1.750379666666667
1514	1.7687639999999998
1515	1.7764886666666668
1516	1.7723956666666667
1517	1.7704270000000002
1518	1.78321
1519	1.806181
1520	1.832293333333333
1521	1.8655706666666665
1522	1.906922
1523	1.9392193333333334
1524	1.9479899999999999
1525	1.943121
1526	1.9402149999999998
1527	1.9429636666666665
1528	1.9489100000000001
1529	1.9544049999999997
1530	1.9556623333333334
1531	1.9494583333333333
1532	1.935949
1533	1.9225689999999998
1534	1.9186243333333335
1535	1.9299466666666665
1536	1.9554843333333332
1537	1.9826636666666668
1538	2.0007183333333334
1539	2.0138643333333333
1540	2.028134666666667
1541	2.0393666666666665
1542	2.0470113333333333
1543	2.0686999999999998
1544	2.1188793333333336
1545	2.1864339999999998
1546	2.2547206666666666
1547	2.3206403333333334
1548	2.3874823333333333
1549	2.458206
1550	2.5318763333333334
1551	2.600128333333333
1552	2.656082666666667
1553	2.703599
1554	2.749962333333334
1555	2.7992586666666672
1556	2.8525400000000003
1557	2.907795
1558	2.96394
1559	3.0246370000000002
1560	3.0931260000000003
1561	3.166755
1562	3.240049666666667
1563	3.3072120000000003
1564	3.3636303333333335
1565	3.407803
1566	3.4417383333333333
1567	3.4724883333333336
1568	3.5077343333333335
1569	3.5516006666666664
1570	3.6050810000000006
1571	3.6656636666666667
1572	3.729829333333334
1573	3.795055
1574	3.859848666666667
1575	3.9239260000000002
1576	3.98701
1577	4.0475286666666666
1578	4.101922666666667
1579	4.143582
1580	4.166811666666667
1581	4.171334666666667
1582	4.161231000000001
1583	4.145185666666666
1584	4.132602666666666
1585	4.129545666666667
1586	4.134745333333333
1587	4.134065333333333
1588	4.1148620000000005
1589	4.080797666666666
1590	4.043288333333334
1591	4.014441333333333
1592	4.001073666666667
1593	3.9977576666666668
1594	3.9938833333333332
1595	3.979247333333333
1596	3.9472696666666662
1597	3.8991899999999995
1598	3.8417736666666666
1599	3.786769333333333
1600	3.744997
1601	3.7203329999999997
1602	3.7119746666666664
1603	3.7151456666666665
1604	3.722817
1605	3.7267463333333333
1606	3.7223216666666668
1607	3.714244
1608	3.7087416666666666
1609	3.7062340000000003
1610	3.7038686666666667
1611	3.6977246666666668
1612	3.68599
1613	3.672414
1614	3.6617806666666666
1615	3.655652333333333
1616	3.653316333333333
1617	3.6522466666666666
1618	3.6492940000000003
1619	3.6418946666666665
1620	3.6309956666666667
1621	3.6244343333333333
1622	3.6271506666666666
1623	3.630960666666667
1624	3.626235
1625	3.613818
1626	3.6020996666666667
1627	3.604775
1628	3.6273396666666664
1629	3.6523273333333335
1630	3.661121333333333
1631	3.655685666666667
1632	3.6479209999999997
1633	3.650744333333334
1634	3.6721506666666666
1635	3.708829
1636	3.753928333333333
1637	3.8035710000000003
1638	3.8561096666666668
1639	3.91148
1640	3.9697146666666665
1641	4.029893333333334
1642	4.092302666666666
1643	4.160675666666666
1644	4.236978333333333
1645	4.315569333333333
1646	4.388172333333333
1647	4.449270666666666
1648	4.503736999999999
1649	4.575558333333333
1650	4.679202999999999
1651	4.788875
1652	4.870410999999999
1653	4.912393
1654	4.923315333333333
1655	4.932310666666667
1656	4.965429666666667
1657	5.022250999999999
1658	5.091074000000001
1659	5.161097
1660	5.222867666666668
1661	5.268156333333333
1662	5.292637
1663	5.300276666666666
1664	5.299561333333332
1665	5.300911666666666
1666	5.311332999999999
1667	5.327994666666666
1668	5.341866666666667
1669	5.340676666666667
1670	5.322649666666666
1671	5.311637666666667
1672	5.327992
1673	5.358325999999999
1674	5.377135
1675	5.366978333333332
1676	5.326880999999999
1677	5.282516666666666
1678	5.253200333333332
1679	5.218746333333334
1680	5.1543209999999995
1681	5.065205000000001
1682	4.971736333333333
1683	4.896104333333333
1684	4.849946666666666
1685	4.820371666666666
1686	4.7880943333333335
1687	4.743398333333333
1688	4.682693333333334
1689	4.605950333333333
1690	4.514456999999999
1691	4.410149
1692	4.298945
1693	4.194981666666667
1694	4.110453
1695	4.044186333333333
1696	3.984947333333333
1697	3.913458
1698	3.8223749999999996
1699	3.738055
1700	3.687515
1701	3.6653853333333335
1702	3.6532176666666665
1703	3.6357193333333333
1704	3.5988146666666667
1705	3.5277406666666664
1706	3.418957666666666
1707	3.295298333333333
1708	3.182196666666667
1709	3.0847486666666666
1710	2.998718333333333
1711	2.9196976666666665
1712	2.844972333333333
1713	2.774682666666667
1714	2.7096556666666665
1715	2.6493279999999997
1716	2.591167
1717	2.5297083333333332
1718	2.460013
1719	2.3817049999999997
1720	2.3002326666666666
1721	2.228768333333333
1722	2.173537
1723	2.1187423333333335
1724	2.053466666666667
1725	1.9991716666666666
1726	1.979401666666667
1727	1.9892656666666668
1728	2.013094
1729	2.0401610000000003
1730	2.063676666666667
1731	2.079714666666667
1732	2.086624666666667
1733	2.085556
1734	2.077845
1735	2.06299
1736	2.042339
1737	2.023209666666667
1738	2.0123786666666668
1739	2.008926
1740	2.0059400000000003
1741	1.9915373333333335
1742	1.9608140000000005
1743	1.9290093333333334
1744	1.9129943333333332
1745	1.91279
1746	1.9182903333333334
1747	1.9142953333333332
1748	1.8905606666666666
1749	1.8527816666666668
1750	1.8142660000000002
1751	1.7893050000000001
1752	1.785618
1753	1.7955316666666667
1754	1.8068069999999998
1755	1.8121070000000001
1756	1.8088629999999999
1757	1.8001063333333336
1758	1.7914863333333333
1759	1.7892810000000001
1760	1.7975086666666666
1761	1.8142983333333333
1762	1.833668
1763	1.84632
1764	1.8455716666666668
1765	1.834096666666667
1766	1.8198773333333333
1767	1.8134280000000003
1768	1.8221776666666667
1769	1.84374
1770	1.8676633333333337
1771	1.8757343333333334
1772	1.8572600000000001
1773	1.8261006666666666
1774	1.8031103333333334
1775	1.8000969999999998
1776	1.8196036666666668
1777	1.8527293333333332
1778	1.8865420000000002
1779	1.9097976666666667
1780	1.9151180000000003
1781	1.9023263333333333
1782	1.876786666666667
1783	1.8496256666666666
1784	1.8320256666666668
1785	1.8294836666666665
1786	1.8415463333333333
1787	1.85994
1788	1.8753733333333331
1789	1.883932333333333
1790	1.8864493333333332
