400.000000	-0.003830
402.000000	0.005479
404.000000	0.010851
406.000000	0.007035
408.000000	0.001003
410.000000	0.007943
412.000000	0.020914
414.000000	0.015840
416.000000	0.007086
418.000000	0.009570
420.000000	0.011995
422.000000	0.010080
424.000000	0.007446
426.000000	0.010093
428.000000	0.013374
430.000000	0.000949
432.000000	-0.013746
434.000000	-0.012604
436.000000	-0.005616
438.000000	-0.002271
440.000000	-0.005414
442.000000	-0.008211
444.000000	-0.005622
446.000000	-0.001511
448.000000	-0.000350
450.000000	-0.003343
452.000000	-0.001409
454.000000	0.002206
456.000000	-0.008808
458.000000	-0.019020
460.000000	-0.013278
462.000000	-0.007998
464.000000	-0.012023
466.000000	-0.021128
468.000000	-0.016432
470.000000	-0.000405
472.000000	-0.006853
474.000000	-0.015632
476.000000	-0.000405
478.000000	0.001758
480.000000	-0.013443
482.000000	-0.015329
484.000000	-0.010593
486.000000	-0.010440
488.000000	-0.011313
490.000000	-0.006515
492.000000	0.005736
494.000000	0.008621
496.000000	-0.000406
498.000000	-0.005814
500.000000	-0.002403
502.000000	0.007054
504.000000	0.013264
506.000000	0.013674
508.000000	0.010808
510.000000	0.006806
512.000000	0.004085
514.000000	0.004301
516.000000	0.000760
518.000000	-0.005313
520.000000	0.008726
522.000000	0.028991
524.000000	0.025030
526.000000	0.014535
528.000000	0.012882
530.000000	0.017078
532.000000	0.020461
534.000000	0.017573
536.000000	0.008520
538.000000	0.001255
540.000000	0.003972
542.000000	0.004719
544.000000	-0.000597
546.000000	-0.000568
548.000000	0.008905
550.000000	0.021049
552.000000	0.015565
554.000000	0.002196
556.000000	0.003344
558.000000	-0.001623
560.000000	-0.014155
562.000000	-0.005662
564.000000	0.004203
566.000000	-0.002872
568.000000	0.000098
570.000000	0.010234
572.000000	0.007455
574.000000	0.001152
576.000000	-0.005082
578.000000	-0.017358
580.000000	-0.010695
582.000000	0.018049
584.000000	0.012266
586.000000	-0.014878
588.000000	-0.016888
590.000000	-0.001038
592.000000	0.010289
594.000000	-0.001346
596.000000	-0.008024
598.000000	0.008213
600.000000	0.023037
602.000000	0.024758
604.000000	0.016681
606.000000	0.015769
608.000000	0.015046
610.000000	-0.006081
612.000000	-0.021543
614.000000	-0.018966
616.000000	-0.021021
618.000000	-0.021560
620.000000	-0.009064
622.000000	0.006156
624.000000	0.014038
626.000000	0.009560
628.000000	-0.003158
630.000000	-0.015964
632.000000	-0.019974
634.000000	-0.015209
636.000000	-0.004953
638.000000	0.007233
640.000000	0.013531
642.000000	0.010814
644.000000	0.015358
646.000000	0.025032
648.000000	0.021114
650.000000	0.000786
652.000000	-0.019944
654.000000	-0.012334
656.000000	0.003570
658.000000	0.003409
660.000000	0.001227
662.000000	0.006521
664.000000	0.018089
666.000000	0.021887
668.000000	0.021907
670.000000	0.035188
672.000000	0.036754
674.000000	0.019890
676.000000	0.020946
678.000000	0.027352
680.000000	0.018671
682.000000	0.014958
684.000000	0.019397
686.000000	0.018721
688.000000	0.001398
690.000000	-0.016011
692.000000	-0.000266
694.000000	0.013192
696.000000	0.006586
698.000000	0.018640
700.000000	0.024423
702.000000	0.000879
704.000000	0.002912
706.000000	0.021024
708.000000	0.013838
710.000000	0.016233
712.000000	0.028225
714.000000	0.010341
716.000000	-0.007127
718.000000	-0.002213
720.000000	0.004071
722.000000	0.014074
724.000000	0.033022
726.000000	0.046298
728.000000	0.048551
730.000000	0.041217
732.000000	0.023307
734.000000	0.010282
736.000000	0.024267
738.000000	0.047395
740.000000	0.064633
742.000000	0.080398
744.000000	0.107507
746.000000	0.148342
748.000000	0.182494
750.000000	0.198184
752.000000	0.191126
754.000000	0.160886
756.000000	0.116913
758.000000	0.076592
760.000000	0.058903
762.000000	0.056793
764.000000	0.043289
766.000000	0.029635
768.000000	0.024037
770.000000	0.015840
772.000000	0.014966
774.000000	0.024909
776.000000	0.022077
778.000000	0.019542
780.000000	0.037507
782.000000	0.054324
784.000000	0.054874
786.000000	0.055423
788.000000	0.055972
790.000000	0.056522
792.000000	0.036522
794.000000	0.016700
796.000000	0.007286
798.000000	0.008453
800.000000	0.015222
802.000000	0.018915
804.000000	0.010532
806.000000	0.008949
808.000000	0.026686
810.000000	0.027910
812.000000	0.015271
814.000000	0.013355
816.000000	0.013594
818.000000	0.010958
820.000000	0.008777
822.000000	0.006256
824.000000	0.003333
826.000000	0.002958
828.000000	0.012260
830.000000	0.020360
832.000000	0.028461
834.000000	0.036561
836.000000	0.021516
838.000000	-0.002586
840.000000	-0.015056
842.000000	-0.004036
844.000000	0.000752
846.000000	0.000569
848.000000	0.013701
850.000000	0.028178
852.000000	0.026665
854.000000	0.003807
856.000000	-0.002183
858.000000	0.011654
860.000000	0.007887
862.000000	0.000157
864.000000	0.000080
866.000000	-0.002933
868.000000	-0.000334
870.000000	0.007870
872.000000	0.000013
874.000000	-0.001149
876.000000	0.018582
878.000000	0.015850
880.000000	0.000680
882.000000	-0.000961
884.000000	-0.009463
886.000000	-0.010783
888.000000	0.015384
890.000000	0.021626
892.000000	0.006629
894.000000	0.005943
896.000000	0.005719
898.000000	0.003660
900.000000	0.012935
902.000000	0.010853
904.000000	-0.002420
906.000000	0.004233
908.000000	0.014266
910.000000	0.014950
912.000000	0.018933
914.000000	0.016534
916.000000	0.010895
918.000000	0.033533
920.000000	0.047439
922.000000	0.027737
924.000000	0.030713
926.000000	0.047818
928.000000	0.045077
930.000000	0.025450
932.000000	0.016269
934.000000	0.035067
936.000000	0.043972
938.000000	0.026618
940.000000	0.001274
942.000000	0.018405
944.000000	0.049347
946.000000	0.029940
948.000000	0.013386
950.000000	0.015590
952.000000	0.005171
954.000000	-0.002807
956.000000	0.006430
958.000000	0.028570
960.000000	0.033834
962.000000	0.017749
964.000000	0.009967
966.000000	0.020924
968.000000	0.038105
970.000000	0.035988
972.000000	0.033958
974.000000	0.037895
976.000000	0.019389
978.000000	0.004863
980.000000	0.017643
982.000000	0.039979
984.000000	0.056858
986.000000	0.060514
988.000000	0.053348
990.000000	0.056766
992.000000	0.074580
994.000000	0.069262
996.000000	0.068022
998.000000	0.092353
1000.000000	0.088610
1002.000000	0.087455
1004.000000	0.080681
1006.000000	0.073907
1008.000000	0.067133
1010.000000	0.052129
1012.000000	0.048135
1014.000000	0.049264
1016.000000	0.054220
1018.000000	0.048304
1020.000000	0.037816
1022.000000	0.035909
1024.000000	0.033728
1026.000000	0.027961
1028.000000	0.022374
1030.000000	0.022259
1032.000000	0.030480
1034.000000	0.044258
1036.000000	0.050558
1038.000000	0.039385
1040.000000	0.018778
1042.000000	0.034841
1044.000000	0.064577
1046.000000	0.056645
1048.000000	0.050977
1050.000000	0.056107
1052.000000	0.051592
1054.000000	0.049277
1056.000000	0.049168
1058.000000	0.041769
1060.000000	0.035320
1062.000000	0.039426
1064.000000	0.054538
1066.000000	0.058954
1068.000000	0.050198
1070.000000	0.042138
1072.000000	0.037644
1074.000000	0.041465
1076.000000	0.057856
1078.000000	0.077625
1080.000000	0.083021
1082.000000	0.066937
1084.000000	0.068654
1086.000000	0.080544
1088.000000	0.070887
1090.000000	0.074518
1092.000000	0.077055
1094.000000	0.042882
1096.000000	0.024895
1098.000000	0.045874
1100.000000	0.083026
1102.000000	0.093145
1104.000000	0.080344
1106.000000	0.074278
1108.000000	0.066843
1110.000000	0.074317
1112.000000	0.106995
1114.000000	0.099892
1116.000000	0.065945
1118.000000	0.060977
1120.000000	0.080883
1122.000000	0.108457
1124.000000	0.134347
1126.000000	0.171203
1128.000000	0.199845
1130.000000	0.196489
1132.000000	0.178555
1134.000000	0.142324
1136.000000	0.090956
1138.000000	0.072586
1140.000000	0.064858
1142.000000	0.036957
1144.000000	0.026112
1146.000000	0.019934
1148.000000	0.002256
1150.000000	0.004350
1152.000000	0.014516
1154.000000	0.014443
1156.000000	0.016604
1158.000000	0.030227
1160.000000	0.045200
1162.000000	0.033428
1164.000000	0.024399
1166.000000	0.036972
1168.000000	0.041663
1170.000000	0.034038
1172.000000	0.031308
1174.000000	0.053517
1176.000000	0.059662
1178.000000	0.035990
1180.000000	0.020860
1182.000000	0.020570
1184.000000	0.019710
1186.000000	0.000920
1188.000000	-0.011127
1190.000000	-0.009866
1192.000000	-0.011362
1194.000000	-0.010315
1196.000000	-0.007787
1198.000000	-0.007865
1200.000000	0.006133
1202.000000	0.020452
1204.000000	0.014159
1206.000000	0.019691
1208.000000	0.034386
1210.000000	0.039146
1212.000000	0.046411
1214.000000	0.046847
1216.000000	0.038437
1218.000000	0.060296
1220.000000	0.092089
1222.000000	0.099649
1224.000000	0.086709
1226.000000	0.076565
1228.000000	0.078688
1230.000000	0.075876
1232.000000	0.081253
1234.000000	0.088708
1236.000000	0.067753
1238.000000	0.071123
1240.000000	0.100839
1242.000000	0.093166
1244.000000	0.072758
1246.000000	0.068040
1248.000000	0.079874
1250.000000	0.083809
1252.000000	0.086198
1254.000000	0.098102
1256.000000	0.069962
1258.000000	0.041774
1260.000000	0.067809
1262.000000	0.084144
1264.000000	0.070869
1266.000000	0.051440
1268.000000	0.057958
1270.000000	0.058420
1272.000000	0.036289
1274.000000	0.037358
1276.000000	0.056918
1278.000000	0.059636
1280.000000	0.020236
1282.000000	0.015785
1284.000000	0.054757
1286.000000	0.065602
1288.000000	0.063790
1290.000000	0.065153
1292.000000	0.068082
1294.000000	0.072484
1296.000000	0.076290
1298.000000	0.087312
1300.000000	0.132149
1302.000000	0.165702
1304.000000	0.157674
1306.000000	0.170640
1308.000000	0.202712
1310.000000	0.227898
1312.000000	0.231426
1314.000000	0.194478
1316.000000	0.151291
1318.000000	0.166057
1320.000000	0.171738
1322.000000	0.148745
1324.000000	0.139056
1326.000000	0.142984
1328.000000	0.140984
1330.000000	0.131821
1332.000000	0.165556
1334.000000	0.194193
1336.000000	0.180067
1338.000000	0.195093
1340.000000	0.212014
1342.000000	0.192031
1344.000000	0.152193
1346.000000	0.139630
1348.000000	0.146470
1350.000000	0.121423
1352.000000	0.100736
1354.000000	0.097966
1356.000000	0.099640
1358.000000	0.114849
1360.000000	0.136018
1362.000000	0.145305
1364.000000	0.132620
1366.000000	0.106768
1368.000000	0.090276
1370.000000	0.104000
1372.000000	0.117066
1374.000000	0.104195
1376.000000	0.073883
1378.000000	0.061676
1380.000000	0.074434
1382.000000	0.089606
1384.000000	0.087675
1386.000000	0.080395
1388.000000	0.083832
1390.000000	0.085957
1392.000000	0.085145
1394.000000	0.086059
1396.000000	0.094411
1398.000000	0.119934
1400.000000	0.133521
1402.000000	0.095692
1404.000000	0.076308
1406.000000	0.071232
1408.000000	0.040138
1410.000000	0.037588
1412.000000	0.062309
1414.000000	0.071779
1416.000000	0.036984
1418.000000	0.028613
1420.000000	0.061156
1422.000000	0.053866
1424.000000	0.035215
1426.000000	0.041433
1428.000000	0.070040
1430.000000	0.073158
1432.000000	0.057671
1434.000000	0.051198
1436.000000	0.046940
1438.000000	0.068345
1440.000000	0.097917
1442.000000	0.073744
1444.000000	0.088314
1446.000000	0.133038
1448.000000	0.111496
1450.000000	0.101460
1452.000000	0.119121
1454.000000	0.126614
1456.000000	0.116497
1458.000000	0.116653
1460.000000	0.132734
1462.000000	0.127487
1464.000000	0.112315
1466.000000	0.099786
1468.000000	0.089387
1470.000000	0.085260
1472.000000	0.078444
1474.000000	0.066386
1476.000000	0.072944
1478.000000	0.072860
1480.000000	0.055474
1482.000000	0.055963
1484.000000	0.072575
1486.000000	0.081760
1488.000000	0.062694
1490.000000	0.031660
1492.000000	0.027965
1494.000000	0.056711
1496.000000	0.050708
1498.000000	0.022799
1500.000000	-0.001980
1502.000000	-0.024690
1504.000000	-0.028309
1506.000000	-0.009576
1508.000000	0.013004
1510.000000	0.010168
1512.000000	-0.006602
1514.000000	-0.013459
1516.000000	-0.007113
1518.000000	0.002610
1520.000000	0.002545
1522.000000	-0.013100
1524.000000	-0.027035
1526.000000	-0.016213
1528.000000	0.016149
1530.000000	0.021313
1532.000000	0.026566
1534.000000	0.041311
1536.000000	0.023780
1538.000000	0.018785
1540.000000	0.032342
1542.000000	0.032888
1544.000000	0.030587
1546.000000	0.028843
1548.000000	0.038019
1550.000000	0.074615
1552.000000	0.071565
1554.000000	0.041839
1556.000000	0.062919
1558.000000	0.080786
1560.000000	0.089543
1562.000000	0.101286
1564.000000	0.085771
1566.000000	0.085890
1568.000000	0.111678
1570.000000	0.120343
1572.000000	0.137837
1574.000000	0.165670
1576.000000	0.186721
1578.000000	0.203861
1580.000000	0.204282
1582.000000	0.197517
1584.000000	0.212499
1586.000000	0.205225
1588.000000	0.174957
1590.000000	0.155497
1592.000000	0.146003
1594.000000	0.129104
1596.000000	0.101796
1598.000000	0.087929
1600.000000	0.107175
1602.000000	0.119674
1604.000000	0.090937
1606.000000	0.100384
1608.000000	0.115761
1610.000000	0.102174
1612.000000	0.099171
1614.000000	0.093982
1616.000000	0.087666
1618.000000	0.092160
1620.000000	0.086985
1622.000000	0.080392
1624.000000	0.082462
1626.000000	0.083077
1628.000000	0.077924
1630.000000	0.074407
1632.000000	0.076820
1634.000000	0.066720
1636.000000	0.057622
1638.000000	0.058714
1640.000000	0.056121
1642.000000	0.062954
1644.000000	0.081581
1646.000000	0.098901
1648.000000	0.103080
1650.000000	0.101918
1652.000000	0.102727
1654.000000	0.102481
1656.000000	0.105460
1658.000000	0.120071
1660.000000	0.137863
1662.000000	0.125286
1664.000000	0.133940
1666.000000	0.149979
1668.000000	0.102129
1670.000000	0.118693
1672.000000	0.146404
1674.000000	0.105198
1676.000000	0.115552
1678.000000	0.132592
1680.000000	0.124617
1682.000000	0.122368
1684.000000	0.096582
1686.000000	0.075164
1688.000000	0.081945
1690.000000	0.078702
1692.000000	0.064837
1694.000000	0.047621
1696.000000	0.034360
1698.000000	0.039628
1700.000000	0.041594
1702.000000	0.042397
1704.000000	0.043199
1706.000000	0.044002
1708.000000	0.044804
1710.000000	0.045607
1712.000000	0.046409
1714.000000	0.047212
1716.000000	-0.009459
1718.000000	-0.006716
1720.000000	-0.012392
1722.000000	-0.019394
1724.000000	-0.003107
1726.000000	0.016714
1728.000000	-0.002448
1730.000000	-0.021897
1732.000000	0.006582
1734.000000	0.003568
1736.000000	0.000572
1738.000000	0.015424
1740.000000	0.002932
1742.000000	-0.008518
1744.000000	-0.010634
1746.000000	-0.010439
1748.000000	-0.003172
1750.000000	0.003434
1752.000000	-0.002337
1754.000000	-0.019797
1756.000000	-0.022381
1758.000000	-0.005706
1760.000000	0.010129
1762.000000	0.000691
1764.000000	-0.019011
1766.000000	-0.024703
1768.000000	-0.012979
1770.000000	-0.009855
1772.000000	-0.010259
1774.000000	-0.010727
1776.000000	-0.009219
1778.000000	0.010811
1780.000000	0.011547
1782.000000	-0.012429
1784.000000	-0.015258
1786.000000	-0.004701
1788.000000	0.003076
1790.000000	-0.001810
1792.000000	-0.017819
1794.000000	-0.023335
1796.000000	-0.005960
1798.000000	0.017641
1800.000000	0.006831
1802.000000	-0.004143
1804.000000	0.001382
1806.000000	0.001952
1808.000000	0.006641
1810.000000	0.015202
1812.000000	0.013853
1814.000000	-0.003609
1816.000000	0.006614
1818.000000	0.020928
1820.000000	0.003645
1822.000000	-0.014796
1824.000000	-0.016325
1826.000000	-0.006748
1828.000000	-0.001500
1830.000000	-0.001714
1832.000000	0.007997
1834.000000	0.017348
1836.000000	0.002753
1838.000000	-0.008004
1840.000000	-0.006704
1842.000000	-0.000186
1844.000000	0.003823
1846.000000	-0.002021
1848.000000	-0.011159
1850.000000	-0.011488
1852.000000	-0.001939
1854.000000	-0.005899
1856.000000	-0.011671
1858.000000	-0.004195
1860.000000	-0.010457
1862.000000	0.005556
1864.000000	0.007329
1866.000000	0.009101
1868.000000	0.017573
1870.000000	0.020787
1872.000000	0.003295
1874.000000	-0.002220
1876.000000	-0.006001
1878.000000	-0.008728
1880.000000	-0.002013
1882.000000	0.013828
1884.000000	0.012923
1886.000000	0.006515
1888.000000	0.007149
1890.000000	0.000761
1892.000000	0.003166
1894.000000	0.005799
1896.000000	-0.002401
1898.000000	-0.002828
1900.000000	0.006652
1902.000000	0.009994
1904.000000	-0.001350
1906.000000	-0.005033
1908.000000	0.009969
1910.000000	0.021431
1912.000000	0.008072
1914.000000	0.000000
1916.000000	0.004839
1918.000000	0.006564
1920.000000	-0.006386
1922.000000	-0.010609
1924.000000	-0.012297
1926.000000	-0.003138
1928.000000	0.022994
1930.000000	-0.000011
1932.000000	-0.004797
1934.000000	0.026271
1936.000000	0.013957
1938.000000	-0.003864
1940.000000	-0.009076
1942.000000	-0.004938
1944.000000	0.002484
1946.000000	-0.001020
1948.000000	0.001961
1950.000000	0.012962
1952.000000	0.005158
1954.000000	0.005065
1956.000000	-0.004033
1958.000000	-0.022532
1960.000000	-0.006698
1962.000000	0.004520
1964.000000	-0.002916
1966.000000	-0.009162
1968.000000	0.004903
1970.000000	0.021874
1972.000000	0.027341
1974.000000	0.017974
1976.000000	0.000105
1978.000000	-0.005396
1980.000000	-0.000926
1982.000000	-0.000464
1984.000000	-0.006048
1986.000000	-0.008358
1988.000000	-0.011244
1990.000000	-0.013904
1992.000000	-0.001975
1994.000000	0.003239
1996.000000	0.007763
1998.000000	0.012332
2000.000000	-0.007580
2002.000000	-0.004269
2004.000000	0.001618
2006.000000	-0.008633
2008.000000	0.010238
2010.000000	0.011825
2012.000000	-0.009799
2014.000000	-0.017447
2016.000000	0.009561
2018.000000	0.023800
2020.000000	0.014185
2022.000000	0.002520
2024.000000	0.001439
2026.000000	-0.007731
2028.000000	-0.005056
2030.000000	0.014783
2032.000000	0.014800
2034.000000	0.005624
2036.000000	0.003827
2038.000000	0.004480
2040.000000	-0.006862
2042.000000	-0.003477
2044.000000	0.008574
2046.000000	0.012443
2048.000000	0.007818
2050.000000	0.003780
2052.000000	0.000791
2054.000000	0.003776
2056.000000	0.013829
2058.000000	0.002998
2060.000000	-0.000595
2062.000000	0.013611
2064.000000	0.015765
2066.000000	-0.003395
2068.000000	0.002931
2070.000000	0.017494
2072.000000	0.032056
2074.000000	0.024533
2076.000000	0.012047
2078.000000	-0.003028
2080.000000	-0.009292
2082.000000	0.005615
2084.000000	0.004465
2086.000000	-0.008065
2088.000000	-0.003586
2090.000000	0.012555
2092.000000	0.019857
2094.000000	0.006960
2096.000000	-0.009441
2098.000000	-0.000086
2100.000000	0.010484
2102.000000	0.018473
2104.000000	0.031482
2106.000000	0.039793
2108.000000	0.015704
2110.000000	-0.012215
2112.000000	-0.012017
2114.000000	0.006984
2116.000000	0.007806
2118.000000	0.007872
2120.000000	0.007442
2122.000000	-0.000992
2124.000000	0.016861
2126.000000	0.023965
2128.000000	0.015668
2130.000000	0.014996
2132.000000	0.017797
2134.000000	0.014179
2136.000000	0.008975
2138.000000	0.005521
2140.000000	0.000257
2142.000000	0.010503
2144.000000	0.009868
2146.000000	-0.001147
2148.000000	0.007622
2150.000000	0.004744
2152.000000	0.004158
2154.000000	0.004255
2156.000000	-0.008702
2158.000000	-0.009917
2160.000000	-0.001562
2162.000000	0.008451
2164.000000	0.010852
2166.000000	0.000161
2168.000000	0.006068
2170.000000	0.018165
2172.000000	0.014726
2174.000000	0.004573
2176.000000	0.016223
2178.000000	0.016120
2180.000000	0.001285
2182.000000	0.009500
2184.000000	0.031835
2186.000000	0.006812
2188.000000	-0.018735
2190.000000	0.011009
2192.000000	0.026752
2194.000000	-0.000268
2196.000000	-0.003653
2198.000000	0.021614
2200.000000	0.002532
2202.000000	0.000923
2204.000000	0.006076
2206.000000	0.009786
2208.000000	0.018207
2210.000000	0.002022
2212.000000	-0.000640
2214.000000	0.003868
2216.000000	-0.005281
2218.000000	-0.002437
2220.000000	0.032421
2222.000000	0.030038
2224.000000	0.027655
2226.000000	0.022650
2228.000000	0.027320
2230.000000	0.013264
2232.000000	0.000435
2234.000000	0.010262
2236.000000	0.009240
2238.000000	0.008214
2240.000000	0.008764
2242.000000	0.008054
2244.000000	0.009564
2246.000000	0.010931
2248.000000	0.014763
2250.000000	0.016591
2252.000000	0.016334
2254.000000	0.023882
2256.000000	0.009811
2258.000000	0.013329
2260.000000	0.030673
2262.000000	0.004982
2264.000000	0.012023
2266.000000	0.021995
2268.000000	0.021022
2270.000000	0.025649
2272.000000	0.014695
2274.000000	0.009167
2276.000000	0.022336
2278.000000	0.040046
2280.000000	0.038403
2282.000000	0.021857
2284.000000	0.019283
2286.000000	0.021892
2288.000000	0.015377
2290.000000	0.027439
2292.000000	0.042036
2294.000000	0.031988
2296.000000	0.014173
2298.000000	0.022680
2300.000000	0.025946
2302.000000	0.039311
2304.000000	0.038701
2306.000000	0.016666
2308.000000	0.028704
2310.000000	0.036183
2312.000000	0.022618
2314.000000	0.011405
2316.000000	0.021238
2318.000000	0.029532
2320.000000	0.040155
2322.000000	0.045069
2324.000000	0.039944
2326.000000	0.038860
2328.000000	0.042719
2330.000000	0.040293
2332.000000	0.036007
2334.000000	0.039780
2336.000000	0.040815
2338.000000	0.022944
2340.000000	0.014663
2342.000000	0.023422
2344.000000	0.020564
2346.000000	0.009945
2348.000000	0.035459
2350.000000	0.051624
2352.000000	0.030724
2354.000000	0.027831
2356.000000	0.029116
2358.000000	0.014227
2360.000000	0.014478
2362.000000	0.039717
2364.000000	0.029257
2366.000000	0.009824
2368.000000	0.011556
2370.000000	0.030636
2372.000000	0.024979
2374.000000	0.019321
2376.000000	0.003451
2378.000000	0.003347
2380.000000	0.005422
2382.000000	0.007749
2384.000000	0.035021
2386.000000	0.018184
2388.000000	-0.000392
2390.000000	0.008816
2392.000000	-0.018293
2394.000000	-0.020181
2396.000000	-0.007701
2398.000000	0.012666
2400.000000	0.035113
2402.000000	0.024474
2404.000000	0.004024
2406.000000	0.021357
2408.000000	0.037185
2410.000000	0.009233
2412.000000	0.004539
2414.000000	0.011010
2416.000000	0.013871
2418.000000	0.020236
2420.000000	0.023119
2422.000000	-0.007010
2424.000000	-0.003496
2426.000000	0.005931
2428.000000	0.006565
2430.000000	0.028523
2432.000000	0.032418
2434.000000	0.013826
2436.000000	0.017116
2438.000000	0.033593
2440.000000	0.023258
2442.000000	0.036426
2444.000000	0.025495
2446.000000	0.018250
2448.000000	0.025096
2450.000000	0.002266
2452.000000	0.000301
2454.000000	0.020540
2456.000000	0.026724
2458.000000	0.014517
2460.000000	0.012985
2462.000000	0.009308
2464.000000	0.004191
2466.000000	0.020786
2468.000000	0.034860
2470.000000	0.008911
2472.000000	0.018903
2474.000000	0.026310
2476.000000	0.024349
2478.000000	0.015605
2480.000000	-0.007593
2482.000000	0.016281
2484.000000	0.046861
2486.000000	0.046476
2488.000000	0.027439
2490.000000	0.015157
2492.000000	0.000947
2494.000000	-0.004813
2496.000000	-0.005637
2498.000000	0.001723
2500.000000	0.016520
2502.000000	0.001814
2504.000000	0.014501
2506.000000	0.023768
2508.000000	0.015566
2510.000000	0.022973
2512.000000	0.006577
2514.000000	0.010505
2516.000000	0.034133
2518.000000	0.031457
2520.000000	0.005178
2522.000000	0.022856
2524.000000	0.013816
2526.000000	0.007640
2528.000000	0.005335
2530.000000	-0.017912
2532.000000	-0.003810
2534.000000	0.019153
2536.000000	0.010318
2538.000000	0.013798
2540.000000	0.030669
2542.000000	-0.015275
2544.000000	0.017865
2546.000000	0.016091
2548.000000	0.000659
2550.000000	0.028074
2552.000000	0.018620
2554.000000	0.029024
2556.000000	0.008662
2558.000000	-0.008271
2560.000000	0.009562
2562.000000	0.013684
2564.000000	0.003299
2566.000000	0.012402
2568.000000	0.018031
2570.000000	0.014575
2572.000000	0.017411
2574.000000	0.004768
2576.000000	0.006528
2578.000000	0.019787
2580.000000	0.014878
2582.000000	0.004072
2584.000000	0.028391
2586.000000	0.031031
2588.000000	0.026855
2590.000000	0.019189
2592.000000	-0.001998
2594.000000	-0.016291
2596.000000	0.000050
2598.000000	-0.007674
2600.000000	-0.010918
2602.000000	0.002066
2604.000000	0.000688
2606.000000	-0.000380
2608.000000	0.001677
2610.000000	0.014149
2612.000000	0.013031
2614.000000	0.003488
2616.000000	0.022153
2618.000000	0.015703
2620.000000	0.008423
2622.000000	0.003261
2624.000000	-0.007957
2626.000000	-0.012090
2628.000000	0.002766
2630.000000	0.028016
2632.000000	0.021037
2634.000000	0.005636
2636.000000	0.008354
2638.000000	0.000632
2640.000000	0.013094
2642.000000	0.015904
2644.000000	0.028242
2646.000000	0.035458
2648.000000	0.002499
2650.000000	-0.011779
2652.000000	0.000043
2654.000000	0.000049
2656.000000	0.003266
2658.000000	0.021082
2660.000000	0.013129
2662.000000	-0.008785
2664.000000	-0.009539
2666.000000	0.004766
2668.000000	0.023273
2670.000000	0.025694
2672.000000	-0.009029
2674.000000	0.007166
2676.000000	0.016530
2678.000000	0.008651
2680.000000	0.003196
2682.000000	0.004719
2684.000000	0.004411
2686.000000	0.004102
2688.000000	-0.007195
2690.000000	-0.000769
2692.000000	-0.007027
2694.000000	0.046069
2696.000000	0.031791
2698.000000	0.021367
2700.000000	0.006038
2702.000000	0.002941
2704.000000	0.037162
2706.000000	0.037731
2708.000000	0.040549
2710.000000	0.022556
2712.000000	0.013835
2714.000000	0.020089
2716.000000	0.011627
2718.000000	0.022208
2720.000000	0.048395
2722.000000	0.040659
2724.000000	0.022420
2726.000000	0.031323
2728.000000	0.038488
2730.000000	0.017092
2732.000000	0.033076
2734.000000	0.038932
2736.000000	0.034532
2738.000000	0.049068
2740.000000	0.047373
2742.000000	0.009098
2744.000000	0.008100
2746.000000	0.017717
2748.000000	0.020817
2750.000000	0.021814
2752.000000	0.018394
2754.000000	0.040383
2756.000000	0.015260
2758.000000	0.003790
2760.000000	0.031455
2762.000000	0.026829
2764.000000	0.022202
2766.000000	0.009186
2768.000000	0.013608
2770.000000	0.007473
2772.000000	-0.000125
2774.000000	0.008872
2776.000000	0.013531
2778.000000	0.002894
2780.000000	0.002835
2782.000000	-0.005284
2784.000000	-0.022985
2786.000000	-0.025682
2788.000000	-0.012018
2790.000000	-0.008743
2792.000000	-0.014889
2794.000000	-0.014163
2796.000000	-0.009326
2798.000000	-0.012305
2800.000000	-0.016173
2802.000000	-0.009075
2804.000000	-0.019911
2806.000000	-0.011397
2808.000000	-0.002690
2810.000000	-0.012877
2812.000000	-0.012659
2814.000000	-0.005187
2816.000000	-0.012684
2818.000000	-0.022778
2820.000000	-0.001096
2822.000000	0.010206
2824.000000	-0.005152
2826.000000	0.020941
2828.000000	-0.006721
2830.000000	0.008890
2832.000000	0.033447
2834.000000	0.034105
2836.000000	0.039078
2838.000000	0.039938
2840.000000	0.038758
2842.000000	0.050296
2844.000000	0.061249
2846.000000	0.087181
2848.000000	0.120422
2850.000000	0.142425
2852.000000	0.188541
2854.000000	0.191650
2856.000000	0.212383
2858.000000	0.253692
2860.000000	0.255229
2862.000000	0.241728
2864.000000	0.282650
2866.000000	0.293717
2868.000000	0.344347
2870.000000	0.380657
2872.000000	0.399345
2874.000000	0.450771
2876.000000	0.501961
2878.000000	0.503559
2880.000000	0.494839
2882.000000	0.503052
2884.000000	0.491072
2886.000000	0.459748
2888.000000	0.473533
2890.000000	0.523386
2892.000000	0.496099
2894.000000	0.509602
2896.000000	0.533802
2898.000000	0.533925
2900.000000	0.569167
2902.000000	0.626829
2904.000000	0.613869
2906.000000	0.669402
2908.000000	0.675208
2910.000000	0.669024
2912.000000	0.707446
2914.000000	0.731967
2916.000000	0.735403
2918.000000	0.800155
2920.000000	0.844963
2922.000000	0.905275
2924.000000	0.955894
2926.000000	0.964294
2928.000000	0.965662
2930.000000	0.984521
2932.000000	1.000000
2934.000000	0.992226
2936.000000	0.992148
2938.000000	0.993283
2940.000000	0.976815
2942.000000	0.934767
2944.000000	0.869385
2946.000000	0.837729
2948.000000	0.788344
2950.000000	0.752636
2952.000000	0.754462
2954.000000	0.737549
2956.000000	0.690425
2958.000000	0.682013
2960.000000	0.653097
2962.000000	0.631738
2964.000000	0.616591
2966.000000	0.596973
2968.000000	0.556279
2970.000000	0.506778
2972.000000	0.500971
2974.000000	0.505659
2976.000000	0.518168
2978.000000	0.470649
2980.000000	0.414317
2982.000000	0.406430
2984.000000	0.415102
2986.000000	0.417154
2988.000000	0.372857
2990.000000	0.300096
2992.000000	0.283156
2994.000000	0.263011
2996.000000	0.201359
2998.000000	0.168980
3000.000000	0.179300
3002.000000	0.169199
3004.000000	0.116680
3006.000000	0.095520
3008.000000	0.099236
3010.000000	0.076468
3012.000000	0.060943
3014.000000	0.086701
3016.000000	0.065258
3018.000000	0.045889
3020.000000	0.043705
3022.000000	0.017101
3024.000000	-0.005537
3026.000000	0.010031
3028.000000	0.025538
3030.000000	0.017118
3032.000000	0.008060
3034.000000	-0.009065
3036.000000	-0.011469
3038.000000	0.001593
3040.000000	0.018893
3042.000000	0.026136
3044.000000	0.018366
3046.000000	0.030457
3048.000000	0.024126
3050.000000	-0.003224
3052.000000	-0.000694
3054.000000	0.022330
3056.000000	0.024279
3058.000000	0.034525
3060.000000	0.082550
3062.000000	0.074257
3064.000000	0.043304
3066.000000	0.034050
3068.000000	0.034537
3070.000000	0.035084
3072.000000	0.034179
3074.000000	0.023388
3076.000000	0.017321
3078.000000	0.012823
3080.000000	0.004357
3082.000000	0.002601
3084.000000	-0.016653
3086.000000	-0.025291
3088.000000	0.002787
3090.000000	0.004607
3092.000000	-0.010750
3094.000000	0.025776
3096.000000	-0.007312
3098.000000	-0.011741
3100.000000	0.010016
3102.000000	-0.002262
3104.000000	-0.014648
3106.000000	-0.014695
3108.000000	-0.010931
3110.000000	-0.011590
3112.000000	0.002904
3114.000000	-0.014965
3116.000000	-0.015701
3118.000000	0.004338
3120.000000	-0.004458
3122.000000	0.002218
3124.000000	0.024007
3126.000000	0.035473
3128.000000	0.009677
3130.000000	0.000859
3132.000000	0.009233
3134.000000	0.013511
3136.000000	0.010195
3138.000000	-0.004320
3140.000000	-0.011380
3142.000000	-0.026467
3144.000000	-0.007380
3146.000000	0.023972
3148.000000	0.012482
3150.000000	0.005826
3152.000000	0.021002
3154.000000	0.005162
3156.000000	0.002006
3158.000000	0.011110
3160.000000	-0.006559
3162.000000	0.004224
3164.000000	0.018854
3166.000000	0.009885
3168.000000	0.002917
3170.000000	0.012447
3172.000000	0.025911
3174.000000	0.032035
3176.000000	0.007063
3178.000000	-0.006161
3180.000000	-0.002036
3182.000000	0.007990
3184.000000	-0.008681
3186.000000	-0.017554
3188.000000	0.023116
3190.000000	0.037089
3192.000000	0.015401
3194.000000	-0.012203
3196.000000	0.004657
3198.000000	0.017488
3200.000000	0.009924
3202.000000	0.015142
3204.000000	0.017755
3206.000000	0.002303
3208.000000	0.012800
3210.000000	0.020900
3212.000000	0.026320
3214.000000	0.018028
3216.000000	0.004435
3218.000000	0.006088
3220.000000	0.028767
3222.000000	0.036091
3224.000000	0.010800
3226.000000	0.001193
3228.000000	0.002349
3230.000000	0.009653
3232.000000	-0.011532
3234.000000	0.019839
3236.000000	0.030968
3238.000000	-0.000540
3240.000000	-0.010144
3242.000000	-0.002864
3244.000000	0.001802
3246.000000	-0.024925
3248.000000	0.010944
3250.000000	0.022011
3252.000000	0.024106
3254.000000	0.034314
3256.000000	0.058280
3258.000000	0.051699
3260.000000	0.008753
3262.000000	0.019609
3264.000000	0.044199
3266.000000	0.021883
3268.000000	0.025966
3270.000000	0.022157
3272.000000	0.035001
3274.000000	0.021270
3276.000000	0.026734
3278.000000	0.053557
3280.000000	0.040513
3282.000000	0.063564
3284.000000	0.048079
3286.000000	0.056224
3288.000000	0.072122
3290.000000	0.068896
3292.000000	0.037962
3294.000000	0.049361
3296.000000	0.081327
3298.000000	0.073603
3300.000000	0.065685
3302.000000	0.055854
3304.000000	0.031623
3306.000000	0.062242
3308.000000	0.061809
3310.000000	0.066197
3312.000000	0.057529
3314.000000	0.067130
3316.000000	0.092412
3318.000000	0.070448
3320.000000	0.035457
3322.000000	0.064869
3324.000000	0.099433
3326.000000	0.030433
3328.000000	0.058989
3330.000000	0.056488
3332.000000	0.062232
3334.000000	0.062367
3336.000000	0.057007
3338.000000	0.067419
3340.000000	0.059599
3342.000000	0.059473
3344.000000	0.066389
3346.000000	0.040418
3348.000000	0.059176
3350.000000	0.077449
3352.000000	0.057465
3354.000000	0.046091
3356.000000	0.057070
3358.000000	0.052475
3360.000000	0.034517
3362.000000	0.032895
3364.000000	0.045696
3366.000000	0.061360
3368.000000	0.055421
3370.000000	0.060374
3372.000000	0.027133
3374.000000	0.025634
3376.000000	0.025083
3378.000000	0.026156
3380.000000	0.053449
3382.000000	0.041353
3384.000000	0.022562
3386.000000	0.061847
3388.000000	0.034329
3390.000000	0.042873
3392.000000	0.030211
3394.000000	0.017958
3396.000000	-0.007590
3398.000000	0.015204
3400.000000	0.047120
3402.000000	0.056484
3404.000000	0.038462
3406.000000	0.021370
3408.000000	0.030904
3410.000000	0.004396
3412.000000	0.018400
3414.000000	0.021747
3416.000000	0.011977
3418.000000	0.012031
3420.000000	0.032203
3422.000000	0.033617
3424.000000	0.027101
3426.000000	0.014385
3428.000000	0.011510
3430.000000	0.026541
3432.000000	0.031074
3434.000000	0.041070
3436.000000	0.025230
3438.000000	0.036335
3440.000000	0.006182
3442.000000	0.023883
3444.000000	0.030351
3446.000000	0.026667
3448.000000	0.031322
3450.000000	0.010396
3452.000000	-0.000414
3454.000000	0.021578
3456.000000	-0.003522
3458.000000	-0.025474
3460.000000	0.045303
3462.000000	0.018764
3464.000000	0.005675
3466.000000	-0.013903
3468.000000	0.008379
3470.000000	-0.004851
3472.000000	0.004075
3474.000000	0.008260
3476.000000	-0.006095
3478.000000	0.006948
3480.000000	0.005778
3482.000000	-0.002017
3484.000000	0.033761
3486.000000	0.034576
3488.000000	0.021686
3490.000000	0.026639
3492.000000	-0.000140
3494.000000	0.017991
3496.000000	0.011613
3498.000000	0.003767
3500.000000	-0.000156
3502.000000	0.011974
3504.000000	0.015746
3506.000000	0.005430
3508.000000	0.018993
3510.000000	0.019749
3512.000000	-0.000676
3514.000000	-0.015224
3516.000000	-0.011145
3518.000000	-0.001247
3520.000000	-0.011207
3522.000000	0.023577
3524.000000	0.006710
3526.000000	-0.009519
3528.000000	-0.003603
3530.000000	-0.006850
3532.000000	0.002966
3534.000000	0.017020
3536.000000	-0.000480
3538.000000	-0.013407
3540.000000	0.009398
3542.000000	0.018669
3544.000000	0.016289
3546.000000	0.034780
3548.000000	0.014250
3550.000000	0.024151
3552.000000	0.024515
3554.000000	-0.003927
3556.000000	-0.011976
3558.000000	0.007815
3560.000000	0.017891
3562.000000	-0.003782
3564.000000	-0.005691
3566.000000	0.016511
3568.000000	0.008305
3570.000000	-0.002042
3572.000000	0.002683
3574.000000	0.016527
3576.000000	0.004078
3578.000000	-0.034373
3580.000000	-0.017811
3582.000000	-0.010287
3584.000000	0.017231
3586.000000	-0.013344
3588.000000	0.002575
3590.000000	-0.003951
3592.000000	0.002387
3594.000000	-0.001213
3596.000000	-0.017662
3598.000000	0.021564
3600.000000	0.020182
