400.000000	-0.003830
401.000000	0.000839
402.000000	0.005479
403.000000	0.009135
404.000000	0.010851
405.000000	0.009970
406.000000	0.007035
407.000000	0.003217
408.000000	0.001003
409.000000	0.002620
410.000000	0.007943
411.000000	0.015516
412.000000	0.020914
413.000000	0.020386
414.000000	0.015840
415.000000	0.010487
416.000000	0.007086
417.000000	0.007389
418.000000	0.009570
419.000000	0.011324
420.000000	0.011995
421.000000	0.011462
422.000000	0.010080
423.000000	0.008420
424.000000	0.007446
425.000000	0.008007
426.000000	0.010093
427.000000	0.012910
428.000000	0.013374
429.000000	0.008870
430.000000	0.000949
431.000000	-0.007667
432.000000	-0.013746
433.000000	-0.014895
434.000000	-0.012604
435.000000	-0.009091
436.000000	-0.005616
437.000000	-0.003124
438.000000	-0.002271
439.000000	-0.003340
440.000000	-0.005414
441.000000	-0.007340
442.000000	-0.008211
443.000000	-0.007460
444.000000	-0.005622
445.000000	-0.003457
446.000000	-0.001511
447.000000	-0.000289
448.000000	-0.000350
449.000000	-0.001858
450.000000	-0.003343
451.000000	-0.003262
452.000000	-0.001409
453.000000	0.001477
454.000000	0.002206
455.000000	-0.001872
456.000000	-0.008808
457.000000	-0.015522
458.000000	-0.019020
459.000000	-0.017431
460.000000	-0.013278
461.000000	-0.009713
462.000000	-0.007998
463.000000	-0.008766
464.000000	-0.012023
465.000000	-0.017085
466.000000	-0.021128
467.000000	-0.021258
468.000000	-0.016432
469.000000	-0.007423
470.000000	-0.000405
471.000000	-0.000953
472.000000	-0.006853
473.000000	-0.013641
474.000000	-0.015632
475.000000	-0.009229
476.000000	-0.000405
477.000000	0.003812
478.000000	0.001758
479.000000	-0.005765
480.000000	-0.013443
481.000000	-0.016312
482.000000	-0.015329
483.000000	-0.012811
484.000000	-0.010593
485.000000	-0.009957
486.000000	-0.010440
487.000000	-0.011162
488.000000	-0.011313
489.000000	-0.010075
490.000000	-0.006515
491.000000	-0.000382
492.000000	0.005736
493.000000	0.009028
494.000000	0.008621
495.000000	0.004682
496.000000	-0.000406
497.000000	-0.004147
498.000000	-0.005814
499.000000	-0.005199
500.000000	-0.002403
501.000000	0.002150
502.000000	0.007054
503.000000	0.010901
504.000000	0.013264
505.000000	0.014070
506.000000	0.013674
507.000000	0.012500
508.000000	0.010808
509.000000	0.008825
510.000000	0.006806
511.000000	0.005059
512.000000	0.004085
513.000000	0.004139
514.000000	0.004301
515.000000	0.003441
516.000000	0.000760
517.000000	-0.003507
518.000000	-0.005313
519.000000	-0.000875
520.000000	0.008726
521.000000	0.020539
522.000000	0.028991
523.000000	0.029619
524.000000	0.025030
525.000000	0.019203
526.000000	0.014535
527.000000	0.012554
528.000000	0.012882
529.000000	0.014669
530.000000	0.017078
531.000000	0.019279
532.000000	0.020461
533.000000	0.019946
534.000000	0.017573
535.000000	0.013483
536.000000	0.008520
537.000000	0.003855
538.000000	0.001255
539.000000	0.001895
540.000000	0.003972
541.000000	0.005247
542.000000	0.004719
543.000000	0.002187
544.000000	-0.000597
545.000000	-0.001719
546.000000	-0.000568
547.000000	0.003043
548.000000	0.008905
549.000000	0.016071
550.000000	0.021049
551.000000	0.020666
552.000000	0.015565
553.000000	0.007920
554.000000	0.002196
555.000000	0.001768
556.000000	0.003344
557.000000	0.002680
558.000000	-0.001623
559.000000	-0.009036
560.000000	-0.014155
561.000000	-0.012187
562.000000	-0.005662
563.000000	0.001133
564.000000	0.004203
565.000000	0.001333
566.000000	-0.002872
567.000000	-0.003335
568.000000	0.000098
569.000000	0.005835
570.000000	0.010234
571.000000	0.010271
572.000000	0.007455
573.000000	0.004093
574.000000	0.001152
575.000000	-0.001253
576.000000	-0.005082
577.000000	-0.011617
578.000000	-0.017358
579.000000	-0.017986
580.000000	-0.010695
581.000000	0.004530
582.000000	0.018049
583.000000	0.020373
584.000000	0.012266
585.000000	-0.002062
586.000000	-0.014878
587.000000	-0.019489
588.000000	-0.016888
589.000000	-0.009905
590.000000	-0.001038
591.000000	0.007000
592.000000	0.010289
593.000000	0.006223
594.000000	-0.001346
595.000000	-0.007313
596.000000	-0.008024
597.000000	-0.001599
598.000000	0.008213
599.000000	0.016962
600.000000	0.023037
601.000000	0.025688
602.000000	0.024758
603.000000	0.020809
604.000000	0.016681
605.000000	0.015062
606.000000	0.015769
607.000000	0.017211
608.000000	0.015046
609.000000	0.006010
610.000000	-0.006081
611.000000	-0.016200
612.000000	-0.021543
613.000000	-0.021120
614.000000	-0.018966
615.000000	-0.019172
616.000000	-0.021021
617.000000	-0.022544
618.000000	-0.021560
619.000000	-0.016577
620.000000	-0.009064
621.000000	-0.001052
622.000000	0.006156
623.000000	0.011483
624.000000	0.014038
625.000000	0.013238
626.000000	0.009560
627.000000	0.003784
628.000000	-0.003158
629.000000	-0.010207
630.000000	-0.015964
631.000000	-0.019231
632.000000	-0.019974
633.000000	-0.018484
634.000000	-0.015209
635.000000	-0.010597
636.000000	-0.004953
637.000000	0.001312
638.000000	0.007233
639.000000	0.011693
640.000000	0.013531
641.000000	0.012345
642.000000	0.010814
643.000000	0.011741
644.000000	0.015358
645.000000	0.020754
646.000000	0.025032
647.000000	0.025356
648.000000	0.021114
649.000000	0.012510
650.000000	0.000786
651.000000	-0.011798
652.000000	-0.019944
653.000000	-0.019301
654.000000	-0.012334
655.000000	-0.003255
656.000000	0.003570
657.000000	0.005057
658.000000	0.003409
659.000000	0.001705
660.000000	0.001227
661.000000	0.002713
662.000000	0.006521
663.000000	0.012405
664.000000	0.018089
665.000000	0.021311
666.000000	0.021887
667.000000	0.020835
668.000000	0.021907
669.000000	0.027917
670.000000	0.035188
671.000000	0.038975
672.000000	0.036754
673.000000	0.028240
674.000000	0.019890
675.000000	0.017934
676.000000	0.020946
677.000000	0.025440
678.000000	0.027352
679.000000	0.023984
680.000000	0.018671
681.000000	0.015430
682.000000	0.014958
683.000000	0.016823
684.000000	0.019397
685.000000	0.020722
686.000000	0.018721
687.000000	0.011923
688.000000	0.001398
689.000000	-0.010150
690.000000	-0.016011
691.000000	-0.011030
692.000000	-0.000266
693.000000	0.009295
694.000000	0.013192
695.000000	0.009832
696.000000	0.006586
697.000000	0.010534
698.000000	0.018640
699.000000	0.025257
700.000000	0.024423
701.000000	0.013176
702.000000	0.000879
703.000000	-0.002523
704.000000	0.002912
705.000000	0.013495
706.000000	0.021024
707.000000	0.019198
708.000000	0.013838
709.000000	0.012334
710.000000	0.016233
711.000000	0.024078
712.000000	0.028225
713.000000	0.022194
714.000000	0.010341
715.000000	-0.000840
716.000000	-0.007127
717.000000	-0.006343
718.000000	-0.002213
719.000000	0.001159
720.000000	0.004071
721.000000	0.007916
722.000000	0.014074
723.000000	0.023195
724.000000	0.033022
725.000000	0.041000
726.000000	0.046298
727.000000	0.048678
728.000000	0.048551
729.000000	0.046258
730.000000	0.041217
731.000000	0.033074
732.000000	0.023307
733.000000	0.014306
734.000000	0.010282
735.000000	0.014457
736.000000	0.024267
737.000000	0.036032
738.000000	0.047395
739.000000	0.056807
740.000000	0.064633
741.000000	0.071903
742.000000	0.080398
743.000000	0.091908
744.000000	0.107507
745.000000	0.127313
746.000000	0.148342
747.000000	0.167266
748.000000	0.182494
749.000000	0.192986
750.000000	0.198184
751.000000	0.197672
752.000000	0.191126
753.000000	0.178516
754.000000	0.160886
755.000000	0.139687
756.000000	0.116913
757.000000	0.094873
758.000000	0.076592
759.000000	0.064620
760.000000	0.058903
761.000000	0.057908
762.000000	0.056793
763.000000	0.051358
764.000000	0.043289
765.000000	0.035461
766.000000	0.029635
767.000000	0.026557
768.000000	0.024037
769.000000	0.020009
770.000000	0.015840
771.000000	0.013627
772.000000	0.014966
773.000000	0.020168
774.000000	0.024909
775.000000	0.025080
776.000000	0.022077
777.000000	0.018910
778.000000	0.019542
779.000000	0.026735
780.000000	0.037507
781.000000	0.047714
782.000000	0.054324
783.000000	0.055723
784.000000	0.054874
785.000000	0.054953
786.000000	0.055423
787.000000	0.055355
788.000000	0.055972
789.000000	0.057812
790.000000	0.056522
791.000000	0.048312
792.000000	0.036522
793.000000	0.025527
794.000000	0.016700
795.000000	0.010569
796.000000	0.007286
797.000000	0.006780
798.000000	0.008453
799.000000	0.011551
800.000000	0.015222
801.000000	0.018358
802.000000	0.018915
803.000000	0.015536
804.000000	0.010532
805.000000	0.007180
806.000000	0.008949
807.000000	0.017451
808.000000	0.026686
809.000000	0.030271
810.000000	0.027910
811.000000	0.021457
812.000000	0.015271
813.000000	0.013054
814.000000	0.013355
815.000000	0.013817
816.000000	0.013594
817.000000	0.012435
818.000000	0.010958
819.000000	0.009797
820.000000	0.008777
821.000000	0.007597
822.000000	0.006256
823.000000	0.004821
824.000000	0.003333
825.000000	0.002155
826.000000	0.002958
827.000000	0.006962
828.000000	0.012260
829.000000	0.016712
830.000000	0.020360
831.000000	0.023902
832.000000	0.028461
833.000000	0.034145
834.000000	0.036561
835.000000	0.031692
836.000000	0.021516
837.000000	0.009293
838.000000	-0.002586
839.000000	-0.011751
840.000000	-0.015056
841.000000	-0.010826
842.000000	-0.004036
843.000000	-0.000065
844.000000	0.000752
845.000000	-0.000165
846.000000	0.000569
847.000000	0.005732
848.000000	0.013701
849.000000	0.021881
850.000000	0.028178
851.000000	0.030551
852.000000	0.026665
853.000000	0.015776
854.000000	0.003807
855.000000	-0.002800
856.000000	-0.002183
857.000000	0.004882
858.000000	0.011654
859.000000	0.011962
860.000000	0.007887
861.000000	0.003197
862.000000	0.000157
863.000000	-0.000155
864.000000	0.000080
865.000000	-0.001276
866.000000	-0.002933
867.000000	-0.002966
868.000000	-0.000334
869.000000	0.004739
870.000000	0.007870
871.000000	0.005310
872.000000	0.000013
873.000000	-0.003500
874.000000	-0.001149
875.000000	0.008729
876.000000	0.018582
877.000000	0.020686
878.000000	0.015850
879.000000	0.007461
880.000000	0.000680
881.000000	-0.000802
882.000000	-0.000961
883.000000	-0.004262
884.000000	-0.009463
885.000000	-0.013382
886.000000	-0.010783
887.000000	0.001386
888.000000	0.015384
889.000000	0.022586
890.000000	0.021626
891.000000	0.014153
892.000000	0.006629
893.000000	0.004701
894.000000	0.005943
895.000000	0.006605
896.000000	0.005719
897.000000	0.003694
898.000000	0.003660
899.000000	0.007944
900.000000	0.012935
901.000000	0.014313
902.000000	0.010853
903.000000	0.003349
904.000000	-0.002420
905.000000	-0.001319
906.000000	0.004233
907.000000	0.010277
908.000000	0.014266
909.000000	0.014960
910.000000	0.014950
911.000000	0.016774
912.000000	0.018933
913.000000	0.019207
914.000000	0.016534
915.000000	0.011596
916.000000	0.010895
917.000000	0.019826
918.000000	0.033533
919.000000	0.044826
920.000000	0.047439
921.000000	0.038492
922.000000	0.027737
923.000000	0.025366
924.000000	0.030713
925.000000	0.039993
926.000000	0.047818
927.000000	0.049541
928.000000	0.045077
929.000000	0.035936
930.000000	0.025450
931.000000	0.017491
932.000000	0.016269
933.000000	0.024062
934.000000	0.035067
935.000000	0.042532
936.000000	0.043972
937.000000	0.038408
938.000000	0.026618
939.000000	0.011324
940.000000	0.001274
941.000000	0.004282
942.000000	0.018405
943.000000	0.037621
944.000000	0.049347
945.000000	0.043924
946.000000	0.029940
947.000000	0.018606
948.000000	0.013386
949.000000	0.014330
950.000000	0.015590
951.000000	0.011767
952.000000	0.005171
953.000000	-0.000389
954.000000	-0.002807
955.000000	-0.000660
956.000000	0.006430
957.000000	0.017665
958.000000	0.028570
959.000000	0.034504
960.000000	0.033834
961.000000	0.026751
962.000000	0.017749
963.000000	0.011608
964.000000	0.009967
965.000000	0.013343
966.000000	0.020924
967.000000	0.030811
968.000000	0.038105
969.000000	0.038864
970.000000	0.035988
971.000000	0.033610
972.000000	0.033958
973.000000	0.037292
974.000000	0.037895
975.000000	0.030722
976.000000	0.019389
977.000000	0.009363
978.000000	0.004863
979.000000	0.008492
980.000000	0.017643
981.000000	0.028796
982.000000	0.039979
983.000000	0.049703
984.000000	0.056858
985.000000	0.060568
986.000000	0.060514
987.000000	0.057135
988.000000	0.053348
989.000000	0.052450
990.000000	0.056766
991.000000	0.066531
992.000000	0.074580
993.000000	0.074374
994.000000	0.069262
995.000000	0.065120
996.000000	0.068022
997.000000	0.080707
998.000000	0.092353
999.000000	0.092866
1000.000000	0.088610
1001.000000	0.087531
1002.000000	0.087455
1003.000000	0.084825
1004.000000	0.080681
1005.000000	0.076876
1006.000000	0.073907
1007.000000	0.071436
1008.000000	0.067133
1009.000000	0.059471
1010.000000	0.052129
1011.000000	0.048815
1012.000000	0.048135
1013.000000	0.048078
1014.000000	0.049264
1015.000000	0.052189
1016.000000	0.054220
1017.000000	0.052737
1018.000000	0.048304
1019.000000	0.042505
1020.000000	0.037816
1021.000000	0.036103
1022.000000	0.035909
1023.000000	0.035297
1024.000000	0.033728
1025.000000	0.031137
1026.000000	0.027961
1027.000000	0.024798
1028.000000	0.022374
1029.000000	0.021383
1030.000000	0.022259
1031.000000	0.025293
1032.000000	0.030480
1033.000000	0.037397
1034.000000	0.044258
1035.000000	0.049091
1036.000000	0.050558
1037.000000	0.047568
1038.000000	0.039385
1039.000000	0.027103
1040.000000	0.018778
1041.000000	0.021914
1042.000000	0.034841
1043.000000	0.052391
1044.000000	0.064577
1045.000000	0.063776
1046.000000	0.056645
1047.000000	0.051745
1048.000000	0.050977
1049.000000	0.053742
1050.000000	0.056107
1051.000000	0.054684
1052.000000	0.051592
1053.000000	0.049689
1054.000000	0.049277
1055.000000	0.049718
1056.000000	0.049168
1057.000000	0.046138
1058.000000	0.041769
1059.000000	0.037748
1060.000000	0.035320
1061.000000	0.035575
1062.000000	0.039426
1063.000000	0.046884
1064.000000	0.054538
1065.000000	0.058818
1066.000000	0.058954
1067.000000	0.055335
1068.000000	0.050198
1069.000000	0.045738
1070.000000	0.042138
1071.000000	0.039255
1072.000000	0.037644
1073.000000	0.038072
1074.000000	0.041465
1075.000000	0.048395
1076.000000	0.057856
1077.000000	0.068304
1078.000000	0.077625
1079.000000	0.083459
1080.000000	0.083021
1081.000000	0.075317
1082.000000	0.066937
1083.000000	0.064686
1084.000000	0.068654
1085.000000	0.076208
1086.000000	0.080544
1087.000000	0.076655
1088.000000	0.070887
1089.000000	0.070434
1090.000000	0.074518
1091.000000	0.079348
1092.000000	0.077055
1093.000000	0.062166
1094.000000	0.042882
1095.000000	0.029233
1096.000000	0.024895
1097.000000	0.031126
1098.000000	0.045874
1099.000000	0.065463
1100.000000	0.083026
1101.000000	0.092365
1102.000000	0.093145
1103.000000	0.087347
1104.000000	0.080344
1105.000000	0.076690
1106.000000	0.074278
1107.000000	0.070428
1108.000000	0.066843
1109.000000	0.066654
1110.000000	0.074317
1111.000000	0.091451
1112.000000	0.106995
1113.000000	0.109655
1114.000000	0.099892
1115.000000	0.082263
1116.000000	0.065945
1117.000000	0.059071
1118.000000	0.060977
1119.000000	0.068951
1120.000000	0.080883
1121.000000	0.094772
1122.000000	0.108457
1123.000000	0.120728
1124.000000	0.134347
1125.000000	0.151887
1126.000000	0.171203
1127.000000	0.188718
1128.000000	0.199845
1129.000000	0.201358
1130.000000	0.196489
1131.000000	0.189029
1132.000000	0.178555
1133.000000	0.163548
1134.000000	0.142324
1135.000000	0.115238
1136.000000	0.090956
1137.000000	0.077573
1138.000000	0.072586
1139.000000	0.070550
1140.000000	0.064858
1141.000000	0.051367
1142.000000	0.036957
1143.000000	0.029039
1144.000000	0.026112
1145.000000	0.024401
1146.000000	0.019934
1147.000000	0.010640
1148.000000	0.002256
1149.000000	0.000644
1150.000000	0.004350
1151.000000	0.010083
1152.000000	0.014516
1153.000000	0.015352
1154.000000	0.014443
1155.000000	0.014385
1156.000000	0.016604
1157.000000	0.021960
1158.000000	0.030227
1159.000000	0.039868
1160.000000	0.045200
1161.000000	0.041673
1162.000000	0.033428
1163.000000	0.026323
1164.000000	0.024399
1165.000000	0.029558
1166.000000	0.036972
1167.000000	0.041271
1168.000000	0.041663
1169.000000	0.038737
1170.000000	0.034038
1171.000000	0.029957
1172.000000	0.031308
1173.000000	0.041203
1174.000000	0.053517
1175.000000	0.060817
1176.000000	0.059662
1177.000000	0.049330
1178.000000	0.035990
1179.000000	0.026160
1180.000000	0.020860
1181.000000	0.019504
1182.000000	0.020570
1183.000000	0.021899
1184.000000	0.019710
1185.000000	0.011429
1186.000000	0.000920
1187.000000	-0.007122
1188.000000	-0.011127
1189.000000	-0.011056
1190.000000	-0.009866
1191.000000	-0.010314
1192.000000	-0.011362
1193.000000	-0.011400
1194.000000	-0.010315
1195.000000	-0.008614
1196.000000	-0.007787
1197.000000	-0.008589
1198.000000	-0.007865
1199.000000	-0.002551
1200.000000	0.006133
1201.000000	0.015397
1202.000000	0.020452
1203.000000	0.018180
1204.000000	0.014159
1205.000000	0.014616
1206.000000	0.019691
1207.000000	0.027530
1208.000000	0.034386
1209.000000	0.037398
1210.000000	0.039146
1211.000000	0.042547
1212.000000	0.046411
1213.000000	0.048545
1214.000000	0.046847
1215.000000	0.041086
1216.000000	0.038437
1217.000000	0.045641
1218.000000	0.060296
1219.000000	0.077576
1220.000000	0.092089
1221.000000	0.099422
1222.000000	0.099649
1223.000000	0.094356
1224.000000	0.086709
1225.000000	0.080013
1226.000000	0.076565
1227.000000	0.077297
1228.000000	0.078688
1229.000000	0.077476
1230.000000	0.075876
1231.000000	0.076898
1232.000000	0.081253
1233.000000	0.087601
1234.000000	0.088708
1235.000000	0.079288
1236.000000	0.067753
1237.000000	0.064118
1238.000000	0.071123
1239.000000	0.087201
1240.000000	0.100839
1241.000000	0.101582
1242.000000	0.093166
1243.000000	0.082219
1244.000000	0.072758
1245.000000	0.067684
1246.000000	0.068040
1247.000000	0.073471
1248.000000	0.079874
1249.000000	0.083257
1250.000000	0.083809
1251.000000	0.083368
1252.000000	0.086198
1253.000000	0.094286
1254.000000	0.098102
1255.000000	0.088570
1256.000000	0.069962
1257.000000	0.050615
1258.000000	0.041774
1259.000000	0.050949
1260.000000	0.067809
1261.000000	0.079902
1262.000000	0.084144
1263.000000	0.080387
1264.000000	0.070869
1265.000000	0.059118
1266.000000	0.051440
1267.000000	0.052543
1268.000000	0.057958
1269.000000	0.061391
1270.000000	0.058420
1271.000000	0.047446
1272.000000	0.036289
1273.000000	0.033029
1274.000000	0.037358
1275.000000	0.046592
1276.000000	0.056918
1277.000000	0.063639
1278.000000	0.059636
1279.000000	0.041146
1280.000000	0.020236
1281.000000	0.010497
1282.000000	0.015785
1283.000000	0.034725
1284.000000	0.054757
1285.000000	0.064139
1286.000000	0.065602
1287.000000	0.064696
1288.000000	0.063790
1289.000000	0.064067
1290.000000	0.065153
1291.000000	0.066458
1292.000000	0.068082
1293.000000	0.070187
1294.000000	0.072484
1295.000000	0.074603
1296.000000	0.076290
1297.000000	0.078550
1298.000000	0.087312
1299.000000	0.107132
1300.000000	0.132149
1301.000000	0.154122
1302.000000	0.165702
1303.000000	0.163325
1304.000000	0.157674
1305.000000	0.160133
1306.000000	0.170640
1307.000000	0.186097
1308.000000	0.202712
1309.000000	0.217063
1310.000000	0.227898
1311.000000	0.233915
1312.000000	0.231426
1313.000000	0.217485
1314.000000	0.194478
1315.000000	0.168020
1316.000000	0.151291
1317.000000	0.154207
1318.000000	0.166057
1319.000000	0.173305
1320.000000	0.171738
1321.000000	0.161237
1322.000000	0.148745
1323.000000	0.141274
1324.000000	0.139056
1325.000000	0.140436
1326.000000	0.142984
1327.000000	0.144065
1328.000000	0.140984
1329.000000	0.133572
1330.000000	0.131821
1331.000000	0.144529
1332.000000	0.165556
1333.000000	0.185169
1334.000000	0.194193
1335.000000	0.188061
1336.000000	0.180067
1337.000000	0.183668
1338.000000	0.195093
1339.000000	0.206630
1340.000000	0.212014
1341.000000	0.206757
1342.000000	0.192031
1343.000000	0.171383
1344.000000	0.152193
1345.000000	0.141312
1346.000000	0.139630
1347.000000	0.144671
1348.000000	0.146470
1349.000000	0.136741
1350.000000	0.121423
1351.000000	0.108602
1352.000000	0.100736
1353.000000	0.098113
1354.000000	0.097966
1355.000000	0.097847
1356.000000	0.099640
1357.000000	0.105565
1358.000000	0.114849
1359.000000	0.125797
1360.000000	0.136018
1361.000000	0.143106
1362.000000	0.145305
1363.000000	0.141515
1364.000000	0.132620
1365.000000	0.120215
1366.000000	0.106768
1367.000000	0.095314
1368.000000	0.090276
1369.000000	0.094607
1370.000000	0.104000
1371.000000	0.112779
1372.000000	0.117066
1373.000000	0.114152
1374.000000	0.104195
1375.000000	0.088974
1376.000000	0.073883
1377.000000	0.064267
1378.000000	0.061676
1379.000000	0.066016
1380.000000	0.074434
1381.000000	0.083419
1382.000000	0.089606
1383.000000	0.090591
1384.000000	0.087675
1385.000000	0.083252
1386.000000	0.080395
1387.000000	0.081280
1388.000000	0.083832
1389.000000	0.085484
1390.000000	0.085957
1391.000000	0.085621
1392.000000	0.085145
1393.000000	0.085187
1394.000000	0.086059
1395.000000	0.088390
1396.000000	0.094411
1397.000000	0.105741
1398.000000	0.119934
1399.000000	0.132336
1400.000000	0.133521
1401.000000	0.117363
1402.000000	0.095692
1403.000000	0.081732
1404.000000	0.076308
1405.000000	0.075805
1406.000000	0.071232
1407.000000	0.056205
1408.000000	0.040138
1409.000000	0.033801
1410.000000	0.037588
1411.000000	0.048746
1412.000000	0.062309
1413.000000	0.072409
1414.000000	0.071779
1415.000000	0.056442
1416.000000	0.036984
1417.000000	0.025881
1418.000000	0.028613
1419.000000	0.045241
1420.000000	0.061156
1421.000000	0.062598
1422.000000	0.053866
1423.000000	0.043036
1424.000000	0.035215
1425.000000	0.034191
1426.000000	0.041433
1427.000000	0.056051
1428.000000	0.070040
1429.000000	0.075638
1430.000000	0.073158
1431.000000	0.065481
1432.000000	0.057671
1433.000000	0.053725
1434.000000	0.051198
1435.000000	0.047630
1436.000000	0.046940
1437.000000	0.053653
1438.000000	0.068345
1439.000000	0.087842
1440.000000	0.097917
1441.000000	0.088068
1442.000000	0.073744
1443.000000	0.072993
1444.000000	0.088314
1445.000000	0.114747
1446.000000	0.133038
1447.000000	0.127561
1448.000000	0.111496
1449.000000	0.101765
1450.000000	0.101460
1451.000000	0.109146
1452.000000	0.119121
1453.000000	0.125583
1454.000000	0.126614
1455.000000	0.122253
1456.000000	0.116497
1457.000000	0.113820
1458.000000	0.116653
1459.000000	0.125191
1460.000000	0.132734
1461.000000	0.132900
1462.000000	0.127487
1463.000000	0.119965
1464.000000	0.112315
1465.000000	0.105734
1466.000000	0.099786
1467.000000	0.093997
1468.000000	0.089387
1469.000000	0.086846
1470.000000	0.085260
1471.000000	0.083008
1472.000000	0.078444
1473.000000	0.071242
1474.000000	0.066386
1475.000000	0.068185
1476.000000	0.072944
1477.000000	0.075504
1478.000000	0.072860
1479.000000	0.064217
1480.000000	0.055474
1481.000000	0.052703
1482.000000	0.055963
1483.000000	0.063533
1484.000000	0.072575
1485.000000	0.079865
1486.000000	0.081760
1487.000000	0.075550
1488.000000	0.062694
1489.000000	0.046269
1490.000000	0.031660
1491.000000	0.024358
1492.000000	0.027965
1493.000000	0.042645
1494.000000	0.056711
1495.000000	0.058800
1496.000000	0.050708
1497.000000	0.037328
1498.000000	0.022799
1499.000000	0.010061
1500.000000	-0.001980
1501.000000	-0.014463
1502.000000	-0.024690
1503.000000	-0.029572
1504.000000	-0.028309
1505.000000	-0.021066
1506.000000	-0.009576
1507.000000	0.003456
1508.000000	0.013004
1509.000000	0.014831
1510.000000	0.010168
1511.000000	0.001819
1512.000000	-0.006602
1513.000000	-0.011910
1514.000000	-0.013459
1515.000000	-0.011472
1516.000000	-0.007113
1517.000000	-0.001845
1518.000000	0.002610
1519.000000	0.004541
1520.000000	0.002545
1521.000000	-0.004026
1522.000000	-0.013100
1523.000000	-0.021834
1524.000000	-0.027035
1525.000000	-0.025733
1526.000000	-0.016213
1527.000000	0.000809
1528.000000	0.016149
1529.000000	0.021599
1530.000000	0.021313
1531.000000	0.021792
1532.000000	0.026566
1533.000000	0.036066
1534.000000	0.041311
1535.000000	0.034727
1536.000000	0.023780
1537.000000	0.017833
1538.000000	0.018785
1539.000000	0.025524
1540.000000	0.032342
1541.000000	0.034145
1542.000000	0.032888
1543.000000	0.031602
1544.000000	0.030587
1545.000000	0.029585
1546.000000	0.028843
1547.000000	0.029783
1548.000000	0.038019
1549.000000	0.056661
1550.000000	0.074615
1551.000000	0.079945
1552.000000	0.071565
1553.000000	0.053809
1554.000000	0.041839
1555.000000	0.048049
1556.000000	0.062919
1557.000000	0.074219
1558.000000	0.080786
1559.000000	0.084650
1560.000000	0.089543
1561.000000	0.097404
1562.000000	0.101286
1563.000000	0.095189
1564.000000	0.085771
1565.000000	0.081560
1566.000000	0.085890
1567.000000	0.098719
1568.000000	0.111678
1569.000000	0.117338
1570.000000	0.120343
1571.000000	0.126955
1572.000000	0.137837
1573.000000	0.151777
1574.000000	0.165670
1575.000000	0.176904
1576.000000	0.186721
1577.000000	0.196446
1578.000000	0.203861
1579.000000	0.206481
1580.000000	0.204282
1581.000000	0.199070
1582.000000	0.197517
1583.000000	0.204456
1584.000000	0.212499
1585.000000	0.213092
1586.000000	0.205225
1587.000000	0.190692
1588.000000	0.174957
1589.000000	0.163163
1590.000000	0.155497
1591.000000	0.150614
1592.000000	0.146003
1593.000000	0.139199
1594.000000	0.129104
1595.000000	0.115683
1596.000000	0.101796
1597.000000	0.091147
1598.000000	0.087929
1599.000000	0.094723
1600.000000	0.107175
1601.000000	0.118570
1602.000000	0.119674
1603.000000	0.105547
1604.000000	0.090937
1605.000000	0.090695
1606.000000	0.100384
1607.000000	0.111151
1608.000000	0.115761
1609.000000	0.110256
1610.000000	0.102174
1611.000000	0.099333
1612.000000	0.099171
1613.000000	0.097497
1614.000000	0.093982
1615.000000	0.089725
1616.000000	0.087666
1617.000000	0.089759
1618.000000	0.092160
1619.000000	0.090860
1620.000000	0.086985
1621.000000	0.082849
1622.000000	0.080392
1623.000000	0.080779
1624.000000	0.082462
1625.000000	0.083498
1626.000000	0.083077
1627.000000	0.080945
1628.000000	0.077924
1629.000000	0.075210
1630.000000	0.074407
1631.000000	0.076152
1632.000000	0.076820
1633.000000	0.073039
1634.000000	0.066720
1635.000000	0.060874
1636.000000	0.057622
1637.000000	0.057889
1638.000000	0.058714
1639.000000	0.057392
1640.000000	0.056121
1641.000000	0.057765
1642.000000	0.062954
1643.000000	0.071426
1644.000000	0.081581
1645.000000	0.091447
1646.000000	0.098901
1647.000000	0.102427
1648.000000	0.103080
1649.000000	0.102480
1650.000000	0.101918
1651.000000	0.102227
1652.000000	0.102727
1653.000000	0.102663
1654.000000	0.102481
1655.000000	0.103017
1656.000000	0.105460
1657.000000	0.110948
1658.000000	0.120071
1659.000000	0.131636
1660.000000	0.137863
1661.000000	0.132911
1662.000000	0.125286
1663.000000	0.125026
1664.000000	0.133940
1665.000000	0.148241
1666.000000	0.149979
1667.000000	0.126704
1668.000000	0.102129
1669.000000	0.101334
1670.000000	0.118693
1671.000000	0.139871
1672.000000	0.146404
1673.000000	0.127252
1674.000000	0.105198
1675.000000	0.103759
1676.000000	0.115552
1677.000000	0.127245
1678.000000	0.132592
1679.000000	0.129402
1680.000000	0.124617
1681.000000	0.124361
1682.000000	0.122368
1683.000000	0.111881
1684.000000	0.096582
1685.000000	0.082569
1686.000000	0.075164
1687.000000	0.077150
1688.000000	0.081945
1689.000000	0.082429
1690.000000	0.078702
1691.000000	0.072495
1692.000000	0.064837
1693.000000	0.056461
1694.000000	0.047621
1695.000000	0.039109
1696.000000	0.034360
1697.000000	0.035856
1698.000000	0.039628
1699.000000	0.041333
1700.000000	0.041594
1701.000000	0.041921
1702.000000	0.042397
1703.000000	0.042810
1704.000000	0.043199
1705.000000	0.043625
1706.000000	0.044002
1707.000000	0.044292
1708.000000	0.044804
1709.000000	0.045625
1710.000000	0.045607
1711.000000	0.044440
1712.000000	0.046409
1713.000000	0.052664
1714.000000	0.047212
1715.000000	0.018582
1716.000000	-0.009459
1717.000000	-0.013490
1718.000000	-0.006716
1719.000000	-0.006772
1720.000000	-0.012392
1721.000000	-0.017964
1722.000000	-0.019394
1723.000000	-0.013983
1724.000000	-0.003107
1725.000000	0.009747
1726.000000	0.016714
1727.000000	0.011384
1728.000000	-0.002448
1729.000000	-0.017393
1730.000000	-0.021897
1731.000000	-0.008890
1732.000000	0.006582
1733.000000	0.009063
1734.000000	0.003568
1735.000000	-0.000845
1736.000000	0.000572
1737.000000	0.008969
1738.000000	0.015424
1739.000000	0.011770
1740.000000	0.002932
1741.000000	-0.004268
1742.000000	-0.008518
1743.000000	-0.010158
1744.000000	-0.010634
1745.000000	-0.011101
1746.000000	-0.010439
1747.000000	-0.007484
1748.000000	-0.003172
1749.000000	0.001006
1750.000000	0.003434
1751.000000	0.002616
1752.000000	-0.002337
1753.000000	-0.011188
1754.000000	-0.019797
1755.000000	-0.023869
1756.000000	-0.022381
1757.000000	-0.015603
1758.000000	-0.005706
1759.000000	0.004324
1760.000000	0.010129
1761.000000	0.008312
1762.000000	0.000691
1763.000000	-0.009553
1764.000000	-0.019011
1765.000000	-0.024590
1766.000000	-0.024703
1767.000000	-0.019301
1768.000000	-0.012979
1769.000000	-0.010151
1770.000000	-0.009855
1771.000000	-0.010112
1772.000000	-0.010259
1773.000000	-0.010192
1774.000000	-0.010727
1775.000000	-0.011840
1776.000000	-0.009219
1777.000000	0.000275
1778.000000	0.010811
1779.000000	0.015421
1780.000000	0.011547
1781.000000	-0.000385
1782.000000	-0.012429
1783.000000	-0.016974
1784.000000	-0.015258
1785.000000	-0.010464
1786.000000	-0.004701
1787.000000	0.000280
1788.000000	0.003076
1789.000000	0.002538
1790.000000	-0.001810
1791.000000	-0.009608
1792.000000	-0.017819
1793.000000	-0.023073
1794.000000	-0.023335
1795.000000	-0.017389
1796.000000	-0.005960
1797.000000	0.008382
1798.000000	0.017641
1799.000000	0.015380
1800.000000	0.006831
1801.000000	-0.000808
1802.000000	-0.004143
1803.000000	-0.002042
1804.000000	0.001382
1805.000000	0.002136
1806.000000	0.001952
1807.000000	0.003397
1808.000000	0.006641
1809.000000	0.011056
1810.000000	0.015202
1811.000000	0.017154
1812.000000	0.013853
1813.000000	0.004242
1814.000000	-0.003609
1815.000000	-0.001941
1816.000000	0.006614
1817.000000	0.016511
1818.000000	0.020928
1819.000000	0.015084
1820.000000	0.003645
1821.000000	-0.007222
1822.000000	-0.014796
1823.000000	-0.017680
1824.000000	-0.016325
1825.000000	-0.011917
1826.000000	-0.006748
1827.000000	-0.003022
1828.000000	-0.001500
1829.000000	-0.001963
1830.000000	-0.001714
1831.000000	0.001789
1832.000000	0.007997
1833.000000	0.014852
1834.000000	0.017348
1835.000000	0.011800
1836.000000	0.002753
1837.000000	-0.004263
1838.000000	-0.008004
1839.000000	-0.008515
1840.000000	-0.006704
1841.000000	-0.003643
1842.000000	-0.000186
1843.000000	0.002755
1844.000000	0.003823
1845.000000	0.001987
1846.000000	-0.002021
1847.000000	-0.006942
1848.000000	-0.011159
1849.000000	-0.013071
1850.000000	-0.011488
1851.000000	-0.006379
1852.000000	-0.001939
1853.000000	-0.002148
1854.000000	-0.005899
1855.000000	-0.010460
1856.000000	-0.011671
1857.000000	-0.007293
1858.000000	-0.004195
1859.000000	-0.008027
1860.000000	-0.010457
1861.000000	-0.003487
1862.000000	0.005556
1863.000000	0.008277
1864.000000	0.007329
1865.000000	0.007253
1866.000000	0.009101
1867.000000	0.012840
1868.000000	0.017573
1869.000000	0.021591
1870.000000	0.020787
1871.000000	0.012632
1872.000000	0.003295
1873.000000	-0.000962
1874.000000	-0.002220
1875.000000	-0.003843
1876.000000	-0.006001
1877.000000	-0.007980
1878.000000	-0.008728
1879.000000	-0.007113
1880.000000	-0.002013
1881.000000	0.006531
1882.000000	0.013828
1883.000000	0.015483
1884.000000	0.012923
1885.000000	0.009009
1886.000000	0.006515
1887.000000	0.006986
1888.000000	0.007149
1889.000000	0.004041
1890.000000	0.000761
1891.000000	0.000800
1892.000000	0.003166
1893.000000	0.005666
1894.000000	0.005799
1895.000000	0.002104
1896.000000	-0.002401
1897.000000	-0.004272
1898.000000	-0.002828
1899.000000	0.001508
1900.000000	0.006652
1901.000000	0.010185
1902.000000	0.009994
1903.000000	0.005086
1904.000000	-0.001350
1905.000000	-0.005476
1906.000000	-0.005033
1907.000000	0.000964
1908.000000	0.009969
1909.000000	0.018323
1910.000000	0.021431
1911.000000	0.016401
1912.000000	0.008072
1913.000000	0.002141
1914.000000	0.000000
1915.000000	0.001526
1916.000000	0.004839
1917.000000	0.007496
1918.000000	0.006564
1919.000000	0.000477
1920.000000	-0.006386
1921.000000	-0.009612
1922.000000	-0.010609
1923.000000	-0.011605
1924.000000	-0.012297
1925.000000	-0.011014
1926.000000	-0.003138
1927.000000	0.012832
1928.000000	0.022994
1929.000000	0.015235
1930.000000	-0.000011
1931.000000	-0.008686
1932.000000	-0.004797
1933.000000	0.011844
1934.000000	0.026271
1935.000000	0.024790
1936.000000	0.013957
1937.000000	0.003570
1938.000000	-0.003864
1939.000000	-0.007903
1940.000000	-0.009076
1941.000000	-0.008034
1942.000000	-0.004938
1943.000000	-0.000422
1944.000000	0.002484
1945.000000	0.001407
1946.000000	-0.001020
1947.000000	-0.001369
1948.000000	0.001961
1949.000000	0.008705
1950.000000	0.012962
1951.000000	0.009970
1952.000000	0.005158
1953.000000	0.004389
1954.000000	0.005065
1955.000000	0.002982
1956.000000	-0.004033
1957.000000	-0.015522
1958.000000	-0.022532
1959.000000	-0.017472
1960.000000	-0.006698
1961.000000	0.001436
1962.000000	0.004520
1963.000000	0.002285
1964.000000	-0.002916
1965.000000	-0.007949
1966.000000	-0.009162
1967.000000	-0.004036
1968.000000	0.004903
1969.000000	0.014220
1970.000000	0.021874
1971.000000	0.026414
1972.000000	0.027341
1973.000000	0.024477
1974.000000	0.017974
1975.000000	0.008704
1976.000000	0.000105
1977.000000	-0.004575
1978.000000	-0.005396
1979.000000	-0.003487
1980.000000	-0.000926
1981.000000	0.000302
1982.000000	-0.000464
1983.000000	-0.003146
1984.000000	-0.006048
1985.000000	-0.007600
1986.000000	-0.008358
1987.000000	-0.009334
1988.000000	-0.011244
1989.000000	-0.013912
1990.000000	-0.013904
1991.000000	-0.008609
1992.000000	-0.001975
1993.000000	0.001697
1994.000000	0.003239
1995.000000	0.004690
1996.000000	0.007763
1997.000000	0.012470
1998.000000	0.012332
1999.000000	0.002660
2000.000000	-0.007580
2001.000000	-0.009011
2002.000000	-0.004269
2003.000000	0.001060
2004.000000	0.001618
2005.000000	-0.004880
2006.000000	-0.008633
2007.000000	-0.000964
2008.000000	0.010238
2009.000000	0.015032
2010.000000	0.011825
2011.000000	0.001964
2012.000000	-0.009799
2013.000000	-0.017965
2014.000000	-0.017447
2015.000000	-0.005763
2016.000000	0.009561
2017.000000	0.020096
2018.000000	0.023800
2019.000000	0.020885
2020.000000	0.014185
2021.000000	0.007082
2022.000000	0.002520
2023.000000	0.001970
2024.000000	0.001439
2025.000000	-0.002774
2026.000000	-0.007731
2027.000000	-0.009280
2028.000000	-0.005056
2029.000000	0.005159
2030.000000	0.014783
2031.000000	0.017491
2032.000000	0.014800
2033.000000	0.009998
2034.000000	0.005624
2035.000000	0.003561
2036.000000	0.003827
2037.000000	0.005338
2038.000000	0.004480
2039.000000	-0.001185
2040.000000	-0.006862
2041.000000	-0.007404
2042.000000	-0.003477
2043.000000	0.002708
2044.000000	0.008574
2045.000000	0.011922
2046.000000	0.012443
2047.000000	0.010569
2048.000000	0.007818
2049.000000	0.005595
2050.000000	0.003780
2051.000000	0.002048
2052.000000	0.000791
2053.000000	0.000804
2054.000000	0.003776
2055.000000	0.010067
2056.000000	0.013829
2057.000000	0.010016
2058.000000	0.002998
2059.000000	-0.001356
2060.000000	-0.000595
2061.000000	0.005746
2062.000000	0.013611
2063.000000	0.018138
2064.000000	0.015765
2065.000000	0.005660
2066.000000	-0.003395
2067.000000	-0.003147
2068.000000	0.002931
2069.000000	0.009752
2070.000000	0.017494
2071.000000	0.026442
2072.000000	0.032056
2073.000000	0.030369
2074.000000	0.024533
2075.000000	0.018468
2076.000000	0.012047
2077.000000	0.004555
2078.000000	-0.003028
2079.000000	-0.008852
2080.000000	-0.009292
2081.000000	-0.002359
2082.000000	0.005615
2083.000000	0.007898
2084.000000	0.004465
2085.000000	-0.002422
2086.000000	-0.008065
2087.000000	-0.008308
2088.000000	-0.003586
2089.000000	0.004284
2090.000000	0.012555
2091.000000	0.018432
2092.000000	0.019857
2093.000000	0.015595
2094.000000	0.006960
2095.000000	-0.003326
2096.000000	-0.009441
2097.000000	-0.006955
2098.000000	-0.000086
2099.000000	0.005936
2100.000000	0.010484
2101.000000	0.014236
2102.000000	0.018473
2103.000000	0.024296
2104.000000	0.031482
2105.000000	0.038485
2106.000000	0.039793
2107.000000	0.030953
2108.000000	0.015704
2109.000000	-0.000333
2110.000000	-0.012215
2111.000000	-0.016117
2112.000000	-0.012017
2113.000000	-0.002031
2114.000000	0.006984
2115.000000	0.009219
2116.000000	0.007806
2117.000000	0.007157
2118.000000	0.007872
2119.000000	0.009029
2120.000000	0.007442
2121.000000	0.001606
2122.000000	-0.000992
2123.000000	0.006181
2124.000000	0.016861
2125.000000	0.023220
2126.000000	0.023965
2127.000000	0.020150
2128.000000	0.015668
2129.000000	0.014108
2130.000000	0.014996
2131.000000	0.016798
2132.000000	0.017797
2133.000000	0.016710
2134.000000	0.014179
2135.000000	0.011287
2136.000000	0.008975
2137.000000	0.007623
2138.000000	0.005521
2139.000000	0.001702
2140.000000	0.000257
2141.000000	0.004614
2142.000000	0.010503
2143.000000	0.012700
2144.000000	0.009868
2145.000000	0.003040
2146.000000	-0.001147
2147.000000	0.002480
2148.000000	0.007622
2149.000000	0.007483
2150.000000	0.004744
2151.000000	0.003515
2152.000000	0.004158
2153.000000	0.005533
2154.000000	0.004255
2155.000000	-0.001956
2156.000000	-0.008702
2157.000000	-0.011216
2158.000000	-0.009917
2159.000000	-0.006373
2160.000000	-0.001562
2161.000000	0.003675
2162.000000	0.008451
2163.000000	0.011595
2164.000000	0.010852
2165.000000	0.005266
2166.000000	0.000161
2167.000000	0.000818
2168.000000	0.006068
2169.000000	0.012996
2170.000000	0.018165
2171.000000	0.018730
2172.000000	0.014726
2173.000000	0.007977
2174.000000	0.004573
2175.000000	0.009144
2176.000000	0.016223
2177.000000	0.019091
2178.000000	0.016120
2179.000000	0.008212
2180.000000	0.001285
2181.000000	0.001318
2182.000000	0.009500
2183.000000	0.023519
2184.000000	0.031835
2185.000000	0.024455
2186.000000	0.006812
2187.000000	-0.011383
2188.000000	-0.018735
2189.000000	-0.007845
2190.000000	0.011009
2191.000000	0.024746
2192.000000	0.026752
2193.000000	0.015049
2194.000000	-0.000268
2195.000000	-0.007882
2196.000000	-0.003653
2197.000000	0.011252
2198.000000	0.021614
2199.000000	0.014793
2200.000000	0.002532
2201.000000	-0.001347
2202.000000	0.000923
2203.000000	0.003988
2204.000000	0.006076
2205.000000	0.007058
2206.000000	0.009786
2207.000000	0.015776
2208.000000	0.018207
2209.000000	0.011330
2210.000000	0.002022
2211.000000	-0.001794
2212.000000	-0.000640
2213.000000	0.002578
2214.000000	0.003868
2215.000000	0.000355
2216.000000	-0.005281
2217.000000	-0.008447
2218.000000	-0.002437
2219.000000	0.015778
2220.000000	0.032421
2221.000000	0.034634
2222.000000	0.030038
2223.000000	0.028409
2224.000000	0.027655
2225.000000	0.024482
2226.000000	0.022650
2227.000000	0.025459
2228.000000	0.027320
2229.000000	0.022459
2230.000000	0.013264
2231.000000	0.004268
2232.000000	0.000435
2233.000000	0.004551
2234.000000	0.010262
2235.000000	0.011096
2236.000000	0.009240
2237.000000	0.008213
2238.000000	0.008214
2239.000000	0.008609
2240.000000	0.008764
2241.000000	0.008324
2242.000000	0.008054
2243.000000	0.008670
2244.000000	0.009564
2245.000000	0.010110
2246.000000	0.010931
2247.000000	0.012667
2248.000000	0.014763
2249.000000	0.016362
2250.000000	0.016591
2251.000000	0.015434
2252.000000	0.016334
2253.000000	0.021391
2254.000000	0.023882
2255.000000	0.017925
2256.000000	0.009811
2257.000000	0.007485
2258.000000	0.013329
2259.000000	0.025482
2260.000000	0.030673
2261.000000	0.018941
2262.000000	0.004982
2263.000000	0.004432
2264.000000	0.012023
2265.000000	0.018804
2266.000000	0.021995
2267.000000	0.021403
2268.000000	0.021022
2269.000000	0.023967
2270.000000	0.025649
2271.000000	0.021493
2272.000000	0.014695
2273.000000	0.009823
2274.000000	0.009167
2275.000000	0.013817
2276.000000	0.022336
2277.000000	0.032321
2278.000000	0.040046
2279.000000	0.042191
2280.000000	0.038403
2281.000000	0.029978
2282.000000	0.021857
2283.000000	0.018559
2284.000000	0.019283
2285.000000	0.021600
2286.000000	0.021892
2287.000000	0.018072
2288.000000	0.015377
2289.000000	0.019101
2290.000000	0.027439
2291.000000	0.036610
2292.000000	0.042036
2293.000000	0.040121
2294.000000	0.031988
2295.000000	0.020927
2296.000000	0.014173
2297.000000	0.016974
2298.000000	0.022680
2299.000000	0.024372
2300.000000	0.025946
2301.000000	0.032025
2302.000000	0.039311
2303.000000	0.042815
2304.000000	0.038701
2305.000000	0.026326
2306.000000	0.016666
2307.000000	0.019564
2308.000000	0.028704
2309.000000	0.035218
2310.000000	0.036183
2311.000000	0.031026
2312.000000	0.022618
2313.000000	0.014745
2314.000000	0.011405
2315.000000	0.014988
2316.000000	0.021238
2317.000000	0.025669
2318.000000	0.029532
2319.000000	0.034743
2320.000000	0.040155
2321.000000	0.043997
2322.000000	0.045069
2323.000000	0.042972
2324.000000	0.039944
2325.000000	0.038404
2326.000000	0.038860
2327.000000	0.040947
2328.000000	0.042719
2329.000000	0.042377
2330.000000	0.040293
2331.000000	0.037563
2332.000000	0.036007
2333.000000	0.037046
2334.000000	0.039780
2335.000000	0.042280
2336.000000	0.040815
2337.000000	0.032915
2338.000000	0.022944
2339.000000	0.016171
2340.000000	0.014663
2341.000000	0.018549
2342.000000	0.023422
2343.000000	0.024567
2344.000000	0.020564
2345.000000	0.012720
2346.000000	0.009945
2347.000000	0.019625
2348.000000	0.035459
2349.000000	0.048339
2350.000000	0.051624
2351.000000	0.042465
2352.000000	0.030724
2353.000000	0.026464
2354.000000	0.027831
2355.000000	0.030118
2356.000000	0.029116
2357.000000	0.022405
2358.000000	0.014227
2359.000000	0.010161
2360.000000	0.014478
2361.000000	0.028081
2362.000000	0.039717
2363.000000	0.038760
2364.000000	0.029257
2365.000000	0.018218
2366.000000	0.009824
2367.000000	0.007134
2368.000000	0.011556
2369.000000	0.022200
2370.000000	0.030636
2371.000000	0.029720
2372.000000	0.024979
2373.000000	0.022675
2374.000000	0.019321
2375.000000	0.011204
2376.000000	0.003451
2377.000000	0.001519
2378.000000	0.003347
2379.000000	0.005358
2380.000000	0.005422
2381.000000	0.003660
2382.000000	0.007749
2383.000000	0.022666
2384.000000	0.035021
2385.000000	0.031589
2386.000000	0.018184
2387.000000	0.004860
2388.000000	-0.000392
2389.000000	0.005602
2390.000000	0.008816
2391.000000	-0.003062
2392.000000	-0.018293
2393.000000	-0.023172
2394.000000	-0.020181
2395.000000	-0.014722
2396.000000	-0.007701
2397.000000	0.001195
2398.000000	0.012666
2399.000000	0.026083
2400.000000	0.035113
2401.000000	0.033935
2402.000000	0.024474
2403.000000	0.011576
2404.000000	0.004024
2405.000000	0.008753
2406.000000	0.021357
2407.000000	0.034091
2408.000000	0.037185
2409.000000	0.024847
2410.000000	0.009233
2411.000000	0.003210
2412.000000	0.004539
2413.000000	0.007932
2414.000000	0.011010
2415.000000	0.012653
2416.000000	0.013871
2417.000000	0.016087
2418.000000	0.020236
2419.000000	0.025325
2420.000000	0.023119
2421.000000	0.008117
2422.000000	-0.007010
2423.000000	-0.009386
2424.000000	-0.003496
2425.000000	0.002856
2426.000000	0.005931
2427.000000	0.004909
2428.000000	0.006565
2429.000000	0.016562
2430.000000	0.028523
2431.000000	0.034515
2432.000000	0.032418
2433.000000	0.023132
2434.000000	0.013826
2435.000000	0.011614
2436.000000	0.017116
2437.000000	0.027622
2438.000000	0.033593
2439.000000	0.028321
2440.000000	0.023258
2441.000000	0.029232
2442.000000	0.036426
2443.000000	0.033729
2444.000000	0.025495
2445.000000	0.019063
2446.000000	0.018250
2447.000000	0.023475
2448.000000	0.025096
2449.000000	0.015127
2450.000000	0.002266
2451.000000	-0.002998
2452.000000	0.000301
2453.000000	0.009951
2454.000000	0.020540
2455.000000	0.026735
2456.000000	0.026724
2457.000000	0.020844
2458.000000	0.014517
2459.000000	0.012649
2460.000000	0.012985
2461.000000	0.012134
2462.000000	0.009308
2463.000000	0.005245
2464.000000	0.004191
2465.000000	0.009917
2466.000000	0.020786
2467.000000	0.032418
2468.000000	0.034860
2469.000000	0.022031
2470.000000	0.008911
2471.000000	0.010261
2472.000000	0.018903
2473.000000	0.024536
2474.000000	0.026310
2475.000000	0.025738
2476.000000	0.024349
2477.000000	0.022469
2478.000000	0.015605
2479.000000	0.001595
2480.000000	-0.007593
2481.000000	-0.000734
2482.000000	0.016281
2483.000000	0.034127
2484.000000	0.046861
2485.000000	0.050621
2486.000000	0.046476
2487.000000	0.037199
2488.000000	0.027439
2489.000000	0.020842
2490.000000	0.015157
2491.000000	0.007825
2492.000000	0.000947
2493.000000	-0.003014
2494.000000	-0.004813
2495.000000	-0.005693
2496.000000	-0.005637
2497.000000	-0.003923
2498.000000	0.001723
2499.000000	0.011596
2500.000000	0.016520
2501.000000	0.009511
2502.000000	0.001814
2503.000000	0.005099
2504.000000	0.014501
2505.000000	0.022036
2506.000000	0.023768
2507.000000	0.018954
2508.000000	0.015566
2509.000000	0.019916
2510.000000	0.022973
2511.000000	0.015973
2512.000000	0.006577
2513.000000	0.004407
2514.000000	0.010505
2515.000000	0.022647
2516.000000	0.034133
2517.000000	0.038093
2518.000000	0.031457
2519.000000	0.015511
2520.000000	0.005178
2521.000000	0.012311
2522.000000	0.022856
2523.000000	0.021500
2524.000000	0.013816
2525.000000	0.008723
2526.000000	0.007640
2527.000000	0.008820
2528.000000	0.005335
2529.000000	-0.007210
2530.000000	-0.017912
2531.000000	-0.015659
2532.000000	-0.003810
2533.000000	0.010456
2534.000000	0.019153
2535.000000	0.016997
2536.000000	0.010318
2537.000000	0.007535
2538.000000	0.013798
2539.000000	0.028423
2540.000000	0.030669
2541.000000	0.005994
2542.000000	-0.015275
2543.000000	-0.004185
2544.000000	0.017865
2545.000000	0.024038
2546.000000	0.016091
2547.000000	0.003831
2548.000000	0.000659
2549.000000	0.014535
2550.000000	0.028074
2551.000000	0.024974
2552.000000	0.018620
2553.000000	0.023526
2554.000000	0.029024
2555.000000	0.022491
2556.000000	0.008662
2557.000000	-0.003850
2558.000000	-0.008271
2559.000000	-0.001145
2560.000000	0.009562
2561.000000	0.014933
2562.000000	0.013684
2563.000000	0.007624
2564.000000	0.003299
2565.000000	0.006142
2566.000000	0.012402
2567.000000	0.016912
2568.000000	0.018031
2569.000000	0.015939
2570.000000	0.014575
2571.000000	0.016801
2572.000000	0.017411
2573.000000	0.011668
2574.000000	0.004768
2575.000000	0.002930
2576.000000	0.006528
2577.000000	0.013737
2578.000000	0.019787
2579.000000	0.020234
2580.000000	0.014878
2581.000000	0.006315
2582.000000	0.004072
2583.000000	0.015010
2584.000000	0.028391
2585.000000	0.032716
2586.000000	0.031031
2587.000000	0.028829
2588.000000	0.026855
2589.000000	0.024338
2590.000000	0.019189
2591.000000	0.009824
2592.000000	-0.001998
2593.000000	-0.012889
2594.000000	-0.016291
2595.000000	-0.008443
2596.000000	0.000050
2597.000000	-0.001241
2598.000000	-0.007674
2599.000000	-0.011914
2600.000000	-0.010918
2601.000000	-0.004291
2602.000000	0.002066
2603.000000	0.002755
2604.000000	0.000688
2605.000000	-0.000224
2606.000000	-0.000380
2607.000000	-0.000504
2608.000000	0.001677
2609.000000	0.007825
2610.000000	0.014149
2611.000000	0.016285
2612.000000	0.013031
2613.000000	0.005824
2614.000000	0.003488
2615.000000	0.012449
2616.000000	0.022153
2617.000000	0.021691
2618.000000	0.015703
2619.000000	0.011114
2620.000000	0.008423
2621.000000	0.006394
2622.000000	0.003261
2623.000000	-0.002129
2624.000000	-0.007957
2625.000000	-0.011836
2626.000000	-0.012090
2627.000000	-0.007408
2628.000000	0.002766
2629.000000	0.017168
2630.000000	0.028016
2631.000000	0.028354
2632.000000	0.021037
2633.000000	0.011496
2634.000000	0.005636
2635.000000	0.006895
2636.000000	0.008354
2637.000000	0.003853
2638.000000	0.000632
2639.000000	0.005870
2640.000000	0.013094
2641.000000	0.015161
2642.000000	0.015904
2643.000000	0.020466
2644.000000	0.028242
2645.000000	0.035965
2646.000000	0.035458
2647.000000	0.021112
2648.000000	0.002499
2649.000000	-0.009230
2650.000000	-0.011779
2651.000000	-0.006435
2652.000000	0.000043
2653.000000	0.001546
2654.000000	0.000049
2655.000000	-0.000550
2656.000000	0.003266
2657.000000	0.012827
2658.000000	0.021082
2659.000000	0.020891
2660.000000	0.013129
2661.000000	0.001275
2662.000000	-0.008785
2663.000000	-0.012060
2664.000000	-0.009539
2665.000000	-0.003480
2666.000000	0.004766
2667.000000	0.014069
2668.000000	0.023273
2669.000000	0.029834
2670.000000	0.025694
2671.000000	0.006843
2672.000000	-0.009029
2673.000000	-0.005488
2674.000000	0.007166
2675.000000	0.015030
2676.000000	0.016530
2677.000000	0.013446
2678.000000	0.008651
2679.000000	0.004876
2680.000000	0.003196
2681.000000	0.003768
2682.000000	0.004719
2683.000000	0.004442
2684.000000	0.004411
2685.000000	0.005624
2686.000000	0.004102
2687.000000	-0.002773
2688.000000	-0.007195
2689.000000	-0.002968
2690.000000	-0.000769
2691.000000	-0.008616
2692.000000	-0.007027
2693.000000	0.019879
2694.000000	0.046069
2695.000000	0.045226
2696.000000	0.031791
2697.000000	0.024859
2698.000000	0.021367
2699.000000	0.014681
2700.000000	0.006038
2701.000000	-0.000453
2702.000000	0.002941
2703.000000	0.020261
2704.000000	0.037162
2705.000000	0.040175
2706.000000	0.037731
2707.000000	0.039792
2708.000000	0.040549
2709.000000	0.033178
2710.000000	0.022556
2711.000000	0.015369
2712.000000	0.013835
2713.000000	0.017548
2714.000000	0.020089
2715.000000	0.016241
2716.000000	0.011627
2717.000000	0.013175
2718.000000	0.022208
2719.000000	0.036893
2720.000000	0.048395
2721.000000	0.048771
2722.000000	0.040659
2723.000000	0.029633
2724.000000	0.022420
2725.000000	0.024014
2726.000000	0.031323
2727.000000	0.038715
2728.000000	0.038488
2729.000000	0.026772
2730.000000	0.017092
2731.000000	0.022038
2732.000000	0.033076
2733.000000	0.038987
2734.000000	0.038932
2735.000000	0.035492
2736.000000	0.034532
2737.000000	0.040523
2738.000000	0.049068
2739.000000	0.053553
2740.000000	0.047373
2741.000000	0.027986
2742.000000	0.009098
2743.000000	0.004001
2744.000000	0.008100
2745.000000	0.013589
2746.000000	0.017717
2747.000000	0.019606
2748.000000	0.020817
2749.000000	0.022512
2750.000000	0.021814
2751.000000	0.017426
2752.000000	0.018394
2753.000000	0.031034
2754.000000	0.040383
2755.000000	0.032057
2756.000000	0.015260
2757.000000	0.003484
2758.000000	0.003790
2759.000000	0.017757
2760.000000	0.031455
2761.000000	0.032081
2762.000000	0.026829
2763.000000	0.024736
2764.000000	0.022202
2765.000000	0.015018
2766.000000	0.009186
2767.000000	0.010487
2768.000000	0.013608
2769.000000	0.012277
2770.000000	0.007473
2771.000000	0.002147
2772.000000	-0.000125
2773.000000	0.003070
2774.000000	0.008872
2775.000000	0.013345
2776.000000	0.013531
2777.000000	0.008303
2778.000000	0.002894
2779.000000	0.002128
2780.000000	0.002835
2781.000000	0.000686
2782.000000	-0.005284
2783.000000	-0.014425
2784.000000	-0.022985
2785.000000	-0.027114
2786.000000	-0.025682
2787.000000	-0.019198
2788.000000	-0.012018
2789.000000	-0.008446
2790.000000	-0.008743
2791.000000	-0.011779
2792.000000	-0.014889
2793.000000	-0.015654
2794.000000	-0.014163
2795.000000	-0.011388
2796.000000	-0.009326
2797.000000	-0.009724
2798.000000	-0.012305
2799.000000	-0.015696
2800.000000	-0.016173
2801.000000	-0.011666
2802.000000	-0.009075
2803.000000	-0.014257
2804.000000	-0.019911
2805.000000	-0.018088
2806.000000	-0.011397
2807.000000	-0.004871
2808.000000	-0.002690
2809.000000	-0.007026
2810.000000	-0.012877
2811.000000	-0.014787
2812.000000	-0.012659
2813.000000	-0.008228
2814.000000	-0.005187
2815.000000	-0.006806
2816.000000	-0.012684
2817.000000	-0.020359
2818.000000	-0.022778
2819.000000	-0.014497
2820.000000	-0.001096
2821.000000	0.009401
2822.000000	0.010206
2823.000000	-0.000408
2824.000000	-0.005152
2825.000000	0.009240
2826.000000	0.020941
2827.000000	0.009277
2828.000000	-0.006721
2829.000000	-0.005000
2830.000000	0.008890
2831.000000	0.023757
2832.000000	0.033447
2833.000000	0.035116
2834.000000	0.034105
2835.000000	0.035989
2836.000000	0.039078
2837.000000	0.040503
2838.000000	0.039938
2839.000000	0.038279
2840.000000	0.038758
2841.000000	0.043806
2842.000000	0.050296
2843.000000	0.055178
2844.000000	0.061249
2845.000000	0.071918
2846.000000	0.087181
2847.000000	0.105226
2848.000000	0.120422
2849.000000	0.129498
2850.000000	0.142425
2851.000000	0.166934
2852.000000	0.188541
2853.000000	0.193301
2854.000000	0.191650
2855.000000	0.197261
2856.000000	0.212383
2857.000000	0.234528
2858.000000	0.253692
2859.000000	0.260453
2860.000000	0.255229
2861.000000	0.243573
2862.000000	0.241728
2863.000000	0.261050
2864.000000	0.282650
2865.000000	0.288431
2866.000000	0.293717
2867.000000	0.315540
2868.000000	0.344347
2869.000000	0.366755
2870.000000	0.380657
2871.000000	0.388459
2872.000000	0.399345
2873.000000	0.421305
2874.000000	0.450771
2875.000000	0.480732
2876.000000	0.501961
2877.000000	0.507734
2878.000000	0.503559
2879.000000	0.497403
2880.000000	0.494839
2881.000000	0.498675
2882.000000	0.503052
2883.000000	0.501162
2884.000000	0.491072
2885.000000	0.474106
2886.000000	0.459748
2887.000000	0.458095
2888.000000	0.473533
2889.000000	0.503504
2890.000000	0.523386
2891.000000	0.513511
2892.000000	0.496099
2893.000000	0.496362
2894.000000	0.509602
2895.000000	0.524580
2896.000000	0.533802
2897.000000	0.533856
2898.000000	0.533925
2899.000000	0.544555
2900.000000	0.569167
2901.000000	0.604392
2902.000000	0.626829
2903.000000	0.619841
2904.000000	0.613869
2905.000000	0.638070
2906.000000	0.669402
2907.000000	0.680036
2908.000000	0.675208
2909.000000	0.667901
2910.000000	0.669024
2911.000000	0.685131
2912.000000	0.707446
2913.000000	0.724821
2914.000000	0.731967
2915.000000	0.729449
2916.000000	0.735403
2917.000000	0.764521
2918.000000	0.800155
2919.000000	0.824311
2920.000000	0.844963
2921.000000	0.873033
2922.000000	0.905275
2923.000000	0.934997
2924.000000	0.955894
2925.000000	0.963998
2926.000000	0.964294
2927.000000	0.963417
2928.000000	0.965662
2929.000000	0.973509
2930.000000	0.984521
2931.000000	0.994861
2932.000000	1.000000
2933.000000	0.997280
2934.000000	0.992226
2935.000000	0.990752
2936.000000	0.992148
2937.000000	0.993947
2938.000000	0.993283
2939.000000	0.987705
2940.000000	0.976815
2941.000000	0.960129
2942.000000	0.934767
2943.000000	0.900412
2944.000000	0.869385
2945.000000	0.851979
2946.000000	0.837729
2947.000000	0.815014
2948.000000	0.788344
2949.000000	0.765678
2950.000000	0.752636
2951.000000	0.751614
2952.000000	0.754462
2953.000000	0.751509
2954.000000	0.737549
2955.000000	0.712265
2956.000000	0.690425
2957.000000	0.684414
2958.000000	0.682013
2959.000000	0.669667
2960.000000	0.653097
2961.000000	0.640630
2962.000000	0.631738
2963.000000	0.624039
2964.000000	0.616591
2965.000000	0.608417
2966.000000	0.596973
2967.000000	0.579791
2968.000000	0.556279
2969.000000	0.528440
2970.000000	0.506778
2971.000000	0.499982
2972.000000	0.500971
2973.000000	0.501654
2974.000000	0.505659
2975.000000	0.515581
2976.000000	0.518168
2977.000000	0.500977
2978.000000	0.470649
2979.000000	0.438357
2980.000000	0.414317
2981.000000	0.405447
2982.000000	0.406430
2983.000000	0.410221
2984.000000	0.415102
2985.000000	0.419506
2986.000000	0.417154
2987.000000	0.401903
2988.000000	0.372857
2989.000000	0.333563
2990.000000	0.300096
2991.000000	0.286124
2992.000000	0.283156
2993.000000	0.278274
2994.000000	0.263011
2995.000000	0.233692
2996.000000	0.201359
2997.000000	0.178537
2998.000000	0.168980
2999.000000	0.172172
3000.000000	0.179300
3001.000000	0.180401
3002.000000	0.169199
3003.000000	0.143867
3004.000000	0.116680
3005.000000	0.100386
3006.000000	0.095520
3007.000000	0.098217
3008.000000	0.099236
3009.000000	0.090813
3010.000000	0.076468
3011.000000	0.063239
3012.000000	0.060943
3013.000000	0.074528
3014.000000	0.086701
3015.000000	0.080840
3016.000000	0.065258
3017.000000	0.052348
3018.000000	0.045889
3019.000000	0.045616
3020.000000	0.043705
3021.000000	0.033064
3022.000000	0.017101
3023.000000	0.001989
3024.000000	-0.005537
3025.000000	-0.001055
3026.000000	0.010031
3027.000000	0.020481
3028.000000	0.025538
3029.000000	0.022840
3030.000000	0.017118
3031.000000	0.013058
3032.000000	0.008060
3033.000000	-0.000624
3034.000000	-0.009065
3035.000000	-0.012745
3036.000000	-0.011469
3037.000000	-0.006227
3038.000000	0.001593
3039.000000	0.010486
3040.000000	0.018893
3041.000000	0.025015
3042.000000	0.026136
3043.000000	0.021409
3044.000000	0.018366
3045.000000	0.023461
3046.000000	0.030457
3047.000000	0.031396
3048.000000	0.024126
3049.000000	0.009773
3050.000000	-0.003224
3051.000000	-0.006674
3052.000000	-0.000694
3053.000000	0.011467
3054.000000	0.022330
3055.000000	0.025641
3056.000000	0.024279
3057.000000	0.024200
3058.000000	0.034525
3059.000000	0.059731
3060.000000	0.082550
3061.000000	0.085785
3062.000000	0.074257
3063.000000	0.057677
3064.000000	0.043304
3065.000000	0.036069
3066.000000	0.034050
3067.000000	0.034038
3068.000000	0.034537
3069.000000	0.034765
3070.000000	0.035084
3071.000000	0.035592
3072.000000	0.034179
3073.000000	0.029240
3074.000000	0.023388
3075.000000	0.019504
3076.000000	0.017321
3077.000000	0.015658
3078.000000	0.012823
3079.000000	0.007995
3080.000000	0.004357
3081.000000	0.004243
3082.000000	0.002601
3083.000000	-0.005443
3084.000000	-0.016653
3085.000000	-0.025489
3086.000000	-0.025291
3087.000000	-0.012518
3088.000000	0.002787
3089.000000	0.009356
3090.000000	0.004607
3091.000000	-0.008152
3092.000000	-0.010750
3093.000000	0.009161
3094.000000	0.025776
3095.000000	0.014369
3096.000000	-0.007312
3097.000000	-0.016364
3098.000000	-0.011741
3099.000000	0.000784
3100.000000	0.010016
3101.000000	0.007071
3102.000000	-0.002262
3103.000000	-0.010074
3104.000000	-0.014648
3105.000000	-0.015974
3106.000000	-0.014695
3107.000000	-0.012039
3108.000000	-0.010931
3109.000000	-0.012825
3110.000000	-0.011590
3111.000000	-0.002883
3112.000000	0.002904
3113.000000	-0.003852
3114.000000	-0.014965
3115.000000	-0.019795
3116.000000	-0.015701
3117.000000	-0.004226
3118.000000	0.004338
3119.000000	0.001604
3120.000000	-0.004458
3121.000000	-0.004222
3122.000000	0.002218
3123.000000	0.012386
3124.000000	0.024007
3125.000000	0.033952
3126.000000	0.035473
3127.000000	0.024297
3128.000000	0.009677
3129.000000	0.001775
3130.000000	0.000859
3131.000000	0.004482
3132.000000	0.009233
3133.000000	0.012211
3134.000000	0.013511
3135.000000	0.013444
3136.000000	0.010195
3137.000000	0.002783
3138.000000	-0.004320
3139.000000	-0.007418
3140.000000	-0.011380
3141.000000	-0.020283
3142.000000	-0.026467
3143.000000	-0.021722
3144.000000	-0.007380
3145.000000	0.011434
3146.000000	0.023972
3147.000000	0.021939
3148.000000	0.012482
3149.000000	0.005419
3150.000000	0.005826
3151.000000	0.014640
3152.000000	0.021002
3153.000000	0.015357
3154.000000	0.005162
3155.000000	0.000134
3156.000000	0.002006
3157.000000	0.008728
3158.000000	0.011110
3159.000000	0.002489
3160.000000	-0.006559
3161.000000	-0.004820
3162.000000	0.004224
3163.000000	0.013824
3164.000000	0.018854
3165.000000	0.016288
3166.000000	0.009885
3167.000000	0.004542
3168.000000	0.002917
3169.000000	0.006264
3170.000000	0.012447
3171.000000	0.019048
3172.000000	0.025911
3173.000000	0.032191
3174.000000	0.032035
3175.000000	0.021223
3176.000000	0.007063
3177.000000	-0.002206
3178.000000	-0.006161
3179.000000	-0.006054
3180.000000	-0.002036
3181.000000	0.004738
3182.000000	0.007990
3183.000000	0.002365
3184.000000	-0.008681
3185.000000	-0.018635
3186.000000	-0.017554
3187.000000	0.000635
3188.000000	0.023116
3189.000000	0.035635
3190.000000	0.037089
3191.000000	0.029645
3192.000000	0.015401
3193.000000	-0.001944
3194.000000	-0.012203
3195.000000	-0.007459
3196.000000	0.004657
3197.000000	0.014195
3198.000000	0.017488
3199.000000	0.014060
3200.000000	0.009924
3201.000000	0.010849
3202.000000	0.015142
3203.000000	0.019015
3204.000000	0.017755
3205.000000	0.009198
3206.000000	0.002303
3207.000000	0.005352
3208.000000	0.012800
3209.000000	0.017648
3210.000000	0.020900
3211.000000	0.024521
3212.000000	0.026320
3213.000000	0.023879
3214.000000	0.018028
3215.000000	0.010630
3216.000000	0.004435
3217.000000	0.002234
3218.000000	0.006088
3219.000000	0.016538
3220.000000	0.028767
3221.000000	0.036887
3222.000000	0.036091
3223.000000	0.024493
3224.000000	0.010800
3225.000000	0.003697
3226.000000	0.001193
3227.000000	0.000004
3228.000000	0.002349
3229.000000	0.009028
3230.000000	0.009653
3231.000000	-0.002902
3232.000000	-0.011532
3233.000000	-0.000049
3234.000000	0.019839
3235.000000	0.032057
3236.000000	0.030968
3237.000000	0.016380
3238.000000	-0.000540
3239.000000	-0.008886
3240.000000	-0.010144
3241.000000	-0.008039
3242.000000	-0.002864
3243.000000	0.003803
3244.000000	0.001802
3245.000000	-0.014610
3246.000000	-0.024925
3247.000000	-0.010833
3248.000000	0.010944
3249.000000	0.020722
3250.000000	0.022011
3251.000000	0.022590
3252.000000	0.024106
3253.000000	0.027164
3254.000000	0.034314
3255.000000	0.046749
3256.000000	0.058280
3257.000000	0.061523
3258.000000	0.051699
3259.000000	0.028733
3260.000000	0.008753
3261.000000	0.007080
3262.000000	0.019609
3263.000000	0.036474
3264.000000	0.044199
3265.000000	0.034303
3266.000000	0.021883
3267.000000	0.021997
3268.000000	0.025966
3269.000000	0.023571
3270.000000	0.022157
3271.000000	0.029183
3272.000000	0.035001
3273.000000	0.029931
3274.000000	0.021270
3275.000000	0.018982
3276.000000	0.026734
3277.000000	0.043221
3278.000000	0.053557
3279.000000	0.046692
3280.000000	0.040513
3281.000000	0.051750
3282.000000	0.063564
3283.000000	0.058235
3284.000000	0.048079
3285.000000	0.048378
3286.000000	0.056224
3287.000000	0.065086
3288.000000	0.072122
3289.000000	0.074894
3290.000000	0.068896
3291.000000	0.052536
3292.000000	0.037962
3293.000000	0.037362
3294.000000	0.049361
3295.000000	0.067846
3296.000000	0.081327
3297.000000	0.080925
3298.000000	0.073603
3299.000000	0.068256
3300.000000	0.065685
3301.000000	0.063651
3302.000000	0.055854
3303.000000	0.039719
3304.000000	0.031623
3305.000000	0.044962
3306.000000	0.062242
3307.000000	0.065002
3308.000000	0.061809
3309.000000	0.063902
3310.000000	0.066197
3311.000000	0.062378
3312.000000	0.057529
3313.000000	0.058416
3314.000000	0.067130
3315.000000	0.082180
3316.000000	0.092412
3317.000000	0.087545
3318.000000	0.070448
3319.000000	0.048685
3320.000000	0.035457
3321.000000	0.041853
3322.000000	0.064869
3323.000000	0.093577
3324.000000	0.099433
3325.000000	0.064442
3326.000000	0.030433
3327.000000	0.037501
3328.000000	0.058989
3329.000000	0.062133
3330.000000	0.056488
3331.000000	0.057548
3332.000000	0.062232
3333.000000	0.064164
3334.000000	0.062367
3335.000000	0.058206
3336.000000	0.057007
3337.000000	0.062418
3338.000000	0.067419
3339.000000	0.065092
3340.000000	0.059599
3341.000000	0.056950
3342.000000	0.059473
3343.000000	0.066165
3344.000000	0.066389
3345.000000	0.052746
3346.000000	0.040418
3347.000000	0.044751
3348.000000	0.059176
3349.000000	0.072564
3350.000000	0.077449
3351.000000	0.070028
3352.000000	0.057465
3353.000000	0.048362
3354.000000	0.046091
3355.000000	0.051062
3356.000000	0.057070
3357.000000	0.057720
3358.000000	0.052475
3359.000000	0.043077
3360.000000	0.034517
3361.000000	0.031319
3362.000000	0.032895
3363.000000	0.037726
3364.000000	0.045696
3365.000000	0.055710
3366.000000	0.061360
3367.000000	0.058259
3368.000000	0.055421
3369.000000	0.060257
3370.000000	0.060374
3371.000000	0.044683
3372.000000	0.027133
3373.000000	0.022724
3374.000000	0.025634
3375.000000	0.026810
3376.000000	0.025083
3377.000000	0.022510
3378.000000	0.026156
3379.000000	0.040349
3380.000000	0.053449
3381.000000	0.053262
3382.000000	0.041353
3383.000000	0.025248
3384.000000	0.022562
3385.000000	0.043914
3386.000000	0.061847
3387.000000	0.051234
3388.000000	0.034329
3389.000000	0.035836
3390.000000	0.042873
3391.000000	0.038885
3392.000000	0.030211
3393.000000	0.025276
3394.000000	0.017958
3395.000000	0.002909
3396.000000	-0.007590
3397.000000	-0.001425
3398.000000	0.015204
3399.000000	0.032817
3400.000000	0.047120
3401.000000	0.055450
3402.000000	0.056484
3403.000000	0.049954
3404.000000	0.038462
3405.000000	0.026265
3406.000000	0.021370
3407.000000	0.027926
3408.000000	0.030904
3409.000000	0.017676
3410.000000	0.004396
3411.000000	0.007829
3412.000000	0.018400
3413.000000	0.023129
3414.000000	0.021747
3415.000000	0.017126
3416.000000	0.011977
3417.000000	0.009128
3418.000000	0.012031
3419.000000	0.022128
3420.000000	0.032203
3421.000000	0.035232
3422.000000	0.033617
3423.000000	0.031068
3424.000000	0.027101
3425.000000	0.020882
3426.000000	0.014385
3427.000000	0.010316
3428.000000	0.011510
3429.000000	0.019007
3430.000000	0.026541
3431.000000	0.028737
3432.000000	0.031074
3433.000000	0.038262
3434.000000	0.041070
3435.000000	0.032101
3436.000000	0.025230
3437.000000	0.032373
3438.000000	0.036335
3439.000000	0.021311
3440.000000	0.006182
3441.000000	0.010756
3442.000000	0.023883
3443.000000	0.030436
3444.000000	0.030351
3445.000000	0.027530
3446.000000	0.026667
3447.000000	0.030271
3448.000000	0.031322
3449.000000	0.023197
3450.000000	0.010396
3451.000000	0.000160
3452.000000	-0.000414
3453.000000	0.011472
3454.000000	0.021578
3455.000000	0.015658
3456.000000	-0.003522
3457.000000	-0.025430
3458.000000	-0.025474
3459.000000	0.011059
3460.000000	0.045303
3461.000000	0.040109
3462.000000	0.018764
3463.000000	0.010225
3464.000000	0.005675
3465.000000	-0.006820
3466.000000	-0.013903
3467.000000	-0.003207
3468.000000	0.008379
3469.000000	0.003868
3470.000000	-0.004851
3471.000000	-0.003352
3472.000000	0.004075
3473.000000	0.009388
3474.000000	0.008260
3475.000000	-0.000105
3476.000000	-0.006095
3477.000000	-0.001365
3478.000000	0.006948
3479.000000	0.009771
3480.000000	0.005778
3481.000000	-0.002146
3482.000000	-0.002017
3483.000000	0.014716
3484.000000	0.033761
3485.000000	0.039591
3486.000000	0.034576
3487.000000	0.025846
3488.000000	0.021686
3489.000000	0.026329
3490.000000	0.026639
3491.000000	0.012078
3492.000000	-0.000140
3493.000000	0.006504
3494.000000	0.017991
3495.000000	0.018010
3496.000000	0.011613
3497.000000	0.007020
3498.000000	0.003767
3499.000000	0.000356
3500.000000	-0.000156
3501.000000	0.004885
3502.000000	0.011974
3503.000000	0.016518
3504.000000	0.015746
3505.000000	0.009397
3506.000000	0.005430
3507.000000	0.010645
3508.000000	0.018993
3509.000000	0.022675
3510.000000	0.019749
3511.000000	0.010634
3512.000000	-0.000676
3513.000000	-0.009903
3514.000000	-0.015224
3515.000000	-0.015659
3516.000000	-0.011145
3517.000000	-0.003511
3518.000000	-0.001247
3519.000000	-0.009228
3520.000000	-0.011207
3521.000000	0.006171
3522.000000	0.023577
3523.000000	0.020789
3524.000000	0.006710
3525.000000	-0.004842
3526.000000	-0.009519
3527.000000	-0.006998
3528.000000	-0.003603
3529.000000	-0.004907
3530.000000	-0.006850
3531.000000	-0.004244
3532.000000	0.002966
3533.000000	0.012395
3534.000000	0.017020
3535.000000	0.011207
3536.000000	-0.000480
3537.000000	-0.010976
3538.000000	-0.013407
3539.000000	-0.003926
3540.000000	0.009398
3541.000000	0.017426
3542.000000	0.018669
3543.000000	0.015274
3544.000000	0.016289
3545.000000	0.027503
3546.000000	0.034780
3547.000000	0.025652
3548.000000	0.014250
3549.000000	0.015904
3550.000000	0.024151
3551.000000	0.028548
3552.000000	0.024515
3553.000000	0.011110
3554.000000	-0.003927
3555.000000	-0.012275
3556.000000	-0.011976
3557.000000	-0.003690
3558.000000	0.007815
3559.000000	0.016817
3560.000000	0.017891
3561.000000	0.008357
3562.000000	-0.003782
3563.000000	-0.009417
3564.000000	-0.005691
3565.000000	0.006375
3566.000000	0.016511
3567.000000	0.015590
3568.000000	0.008305
3569.000000	0.001644
3570.000000	-0.002042
3571.000000	-0.001762
3572.000000	0.002683
3573.000000	0.010350
3574.000000	0.016527
3575.000000	0.015845
3576.000000	0.004078
3577.000000	-0.018453
3578.000000	-0.034373
3579.000000	-0.029293
3580.000000	-0.017811
3581.000000	-0.015181
3582.000000	-0.010287
3583.000000	0.007094
3584.000000	0.017231
3585.000000	0.002877
3586.000000	-0.013344
3587.000000	-0.008389
3588.000000	0.002575
3589.000000	0.001380
3590.000000	-0.003951
3591.000000	-0.002456
3592.000000	0.002387
3593.000000	0.004118
3594.000000	-0.001213
3595.000000	-0.013344
3596.000000	-0.017662
3597.000000	-0.002014
3598.000000	0.021564
3599.000000	0.034990
3600.000000	0.020182
