610	1.889129
611	1.872756
612	1.8595533333333334
613	1.8481476666666665
614	1.8382406666666669
615	1.832881
616	1.8350890000000002
617	1.844369
618	1.8581993333333333
619	1.8730883333333332
620	1.8860813333333335
621	1.8962329999999998
622	1.9032273333333336
623	1.9064039999999998
624	1.9065643333333335
625	1.9082646666666667
626	1.9163666666666668
627	1.9325403333333333
628	1.955992
629	1.9836159999999998
630	2.0122780000000002
631	2.040931333333333
632	2.0697056666666667
633	2.099161
634	2.128879
635	2.1557993333333334
636	2.1757340000000003
637	2.1848563333333333
638	2.182492
639	2.174791
640	2.1699313333333334
641	2.1736706666666663
642	2.1875256666666667
643	2.205911
644	2.2214793333333334
645	2.2298933333333335
646	2.230093333333333
647	2.2251906666666668
648	2.218504666666667
649	2.2099093333333335
650	2.1979966666666666
651	2.1821443333333335
652	2.1632146666666667
653	2.144399
654	2.1282463333333332
655	2.1137243333333333
656	2.099693333333333
657	2.0885423333333333
658	2.0846306666666665
659	2.092607
660	2.1120829999999997
661	2.1314433333333334
662	2.1400346666666668
663	2.1404170000000002
664	2.138577666666667
665	2.1348853333333335
666	2.127676
667	2.11697
668	2.1043803333333333
669	2.093079666666667
670	2.085585
671	2.081233666666667
672	2.076712666666667
673	2.066078666666667
674	2.0453270000000003
675	2.017493
676	1.9887086666666667
677	1.9648130000000001
678	1.947996
679	1.9329496666666666
680	1.914699666666667
681	1.8961663333333334
682	1.8811840000000002
683	1.8676923333333333
684	1.8528860000000003
685	1.8385476666666667
686	1.828481
687	1.8261593333333332
688	1.8334333333333332
689	1.8487323333333332
690	1.8674503333333332
691	1.8817943333333333
692	1.8870096666666667
693	1.8883853333333334
694	1.89404
695	1.9082006666666667
696	1.9300123333333332
697	1.9514373333333335
698	1.9642260000000002
699	1.9667493333333335
700	1.9615763333333336
701	1.9540813333333333
702	1.9494903333333335
703	1.9502063333333335
704	1.95682
705	1.9683580000000003
706	1.9814776666666667
707	1.988942666666667
708	1.9843616666666668
709	1.9675366666666667
710	1.9439923333333335
711	1.9258673333333334
712	1.9241633333333337
713	1.9404403333333335
714	1.9687230000000002
715	1.9957943333333332
716	2.0120263333333335
717	2.0226326666666665
718	2.0367556666666666
719	2.0574060000000003
720	2.083089
721	2.1087206666666667
722	2.1286633333333334
723	2.139406666666667
724	2.1402003333333335
725	2.1345123333333333
726	2.127416
727	2.123583
728	2.126536333333333
729	2.1374093333333333
730	2.1539673333333336
731	2.1685140000000005
732	2.172191333333333
733	2.1594553333333333
734	2.131644666666667
735	2.1019936666666665
736	2.0825223333333334
737	2.0708313333333335
738	2.059264666666667
739	2.0431696666666666
740	2.0223393333333335
741	2.002975333333333
742	1.9918083333333332
743	1.9904916666666665
744	1.9973893333333335
745	2.008851
746	2.023121
747	2.0441966666666667
748	2.0750836666666665
749	2.110764
750	2.1439753333333336
751	2.1708013333333334
752	2.1912849999999997
753	2.2106120000000002
754	2.232828
755	2.2546090000000003
756	2.2713596666666667
757	2.283156333333334
758	2.292507333333333
759	2.302332666666667
760	2.3137119999999998
761	2.323541
762	2.329266333333333
763	2.333762
764	2.3418473333333334
765	2.3568426666666666
766	2.3780466666666666
767	2.397451333333333
768	2.407115
769	2.4067386666666666
770	2.4015686666666665
771	2.401369
772	2.4133826666666662
773	2.434872
774	2.459378666666667
775	2.482099333333333
776	2.5011913333333333
777	2.51944
778	2.5403033333333336
779	2.564176666666667
780	2.5889719999999996
781	2.610206
782	2.6237976666666665
783	2.6288836666666664
784	2.626457333333333
785	2.618539
786	2.607306
787	2.5945240000000003
788	2.5822306666666663
789	2.5732933333333334
790	2.568971666666667
791	2.565847333333333
792	2.5584753333333334
793	2.5416063333333336
794	2.512278333333333
795	2.4724773333333334
796	2.426293666666667
797	2.3778170000000003
798	2.3307436666666668
799	2.2881113333333336
800	2.2528633333333334
801	2.2280106666666666
802	2.2141990000000003
803	2.206461333333333
804	2.198426
805	2.186134666666667
806	2.1680283333333334
807	2.1453896666666665
808	2.1201543333333337
809	2.0931896666666665
810	2.0657853333333334
811	2.041405666666667
812	2.0244823333333333
813	2.019119
814	2.026722666666667
815	2.0428903333333337
816	2.0619840000000003
817	2.081344666666667
818	2.100823666666667
819	2.122557666666667
820	2.146964666666667
821	2.168656
822	2.1824706666666667
823	2.1897403333333334
824	2.1948920000000003
825	2.202668666666667
826	2.216349
827	2.235823666666667
828	2.259672333333333
829	2.286589333333333
830	2.314169333333333
831	2.3372633333333335
832	2.350767333333333
833	2.3527693333333333
834	2.3452676666666665
835	2.335956
836	2.3333233333333334
837	2.3417933333333334
838	2.3606553333333338
839	2.381864666666667
840	2.3978400000000004
841	2.4092543333333336
842	2.421088
843	2.439395
844	2.4669153333333336
845	2.498064
846	2.5245453333333336
847	2.5403353333333336
848	2.5430083333333333
849	2.5360163333333334
850	2.5258343333333335
851	2.5201576666666665
852	2.525371
853	2.5434646666666665
854	2.571529
855	2.5997216666666665
856	2.6169740000000004
857	2.6165413333333336
858	2.597748666666667
859	2.569383
860	2.5425286666666667
861	2.5241033333333336
862	2.515942
863	2.512698666666667
864	2.507464666666667
865	2.496890666666667
866	2.4819953333333338
867	2.4697586666666664
868	2.466462333333333
869	2.470662
870	2.4751906666666668
871	2.4680793333333333
872	2.4409716666666665
873	2.3986266666666665
874	2.353037333333333
875	2.319229
876	2.3076266666666667
877	2.3153886666666663
878	2.333371
879	2.3511836666666666
880	2.3603923333333334
881	2.357861333333333
882	2.343963666666667
883	2.3221939999999996
884	2.298273
885	2.279961
886	2.2727093333333337
887	2.274493
888	2.2790926666666667
889	2.278604666666667
890	2.269603666666667
891	2.2600396666666667
892	2.2590286666666666
893	2.266869
894	2.2789843333333333
895	2.2890313333333334
896	2.2926270000000004
897	2.2911193333333335
898	2.2872213333333336
899	2.2813283333333336
900	2.2746053333333336
901	2.2723613333333335
902	2.2793753333333333
903	2.2946196666666667
904	2.312663333333333
905	2.3243216666666666
906	2.3237870000000003
907	2.3166083333333334
908	2.312830666666667
909	2.320879666666667
910	2.3427800000000003
911	2.368214
912	2.3857743333333334
913	2.393819
914	2.3958899999999996
915	2.397202666666667
916	2.402102
917	2.411668
918	2.424575
919	2.437046
920	2.443693333333333
921	2.438211
922	2.4186706666666664
923	2.3940693333333334
924	2.3761826666666668
925	2.371760666666667
926	2.380325666666667
927	2.390359
928	2.3891376666666666
929	2.3723883333333338
930	2.3440953333333336
931	2.318024666666667
932	2.306527
933	2.309184666666667
934	2.319223
935	2.3284390000000004
936	2.3312830000000004
937	2.3292403333333334
938	2.327637666666667
939	2.333409666666667
940	2.351135
941	2.3784300000000003
942	2.408949666666667
943	2.4344273333333337
944	2.4494610000000003
945	2.456872666666667
946	2.4624803333333336
947	2.4708110000000003
948	2.4852019999999997
949	2.5076916666666667
950	2.5381843333333336
951	2.5727696666666664
952	2.60637
953	2.6349810000000002
954	2.6558716666666666
955	2.667961
956	2.670141333333333
957	2.6598936666666666
958	2.6358133333333336
959	2.6007749999999996
960	2.560645
961	2.523718333333333
962	2.496988
963	2.481881333333333
964	2.4751796666666666
965	2.4687550000000003
966	2.4556560000000003
967	2.4364503333333336
968	2.416045
969	2.4014946666666668
970	2.397787
971	2.4032613333333335
972	2.4130586666666667
973	2.4216860000000002
974	2.425011666666667
975	2.422635
976	2.417612666666667
977	2.417079
978	2.426996
979	2.4465243333333335
980	2.4705990000000004
981	2.491670333333333
982	2.5050963333333334
983	2.5152053333333333
984	2.530017
985	2.5566466666666665
986	2.5973496666666667
987	2.6445290000000004
988	2.6882763333333335
989	2.723350000000001
990	2.7494190000000005
991	2.772576666666667
992	2.8014153333333334
993	2.843847333333333
994	2.9036756666666665
995	2.9762353333333333
996	3.0550543333333327
997	3.137410666666667
998	3.219397666666666
999	3.2908263333333334
1000	3.3443223333333334
1001	3.3851766666666663
1002	3.4202443333333328
1003	3.4471610000000004
1004	3.4602533333333327
1005	3.4562696666666666
1006	3.435629333333333
1007	3.4041513333333335
1008	3.3675596666666667
1009	3.32619
1010	3.278720666666667
1011	3.2253933333333333
1012	3.1660920000000004
1013	3.098305333333333
1014	3.0212190000000008
1015	2.940077
1016	2.8594800000000005
1017	2.7769486666666667
1018	2.6919820000000003
1019	2.615626666666667
1020	2.559937333333334
1021	2.527117
1022	2.5129433333333338
1023	2.508878666666667
1024	2.507709666666667
1025	2.509110333333333
1026	2.5158586666666665
1027	2.530641
1028	2.553285
1029	2.577555666666667
1030	2.5962696666666663
1031	2.6061876666666666
1032	2.6069696666666666
1033	2.600892
1034	2.5914426666666666
1035	2.5824876666666667
1036	2.577033666666667
1037	2.5757336666666664
1038	2.5774719999999993
1039	2.579381333333333
1040	2.5781603333333334
1041	2.571369
1042	2.5587573333333333
1043	2.544079333333334
1044	2.5308226666666664
1045	2.5179313333333333
1046	2.5025429999999997
1047	2.4826403333333333
1048	2.4593123333333335
1049	2.4395296666666666
1050	2.4299173333333335
1051	2.4303456666666667
1052	2.4366736666666666
1053	2.442672
1054	2.443725
1055	2.4408156666666665
1056	2.4378393333333332
1057	2.4396443333333333
1058	2.4494223333333336
1059	2.465666333333333
1060	2.4838570000000004
1061	2.497304
1062	2.500299
1063	2.4916543333333334
1064	2.4742763333333335
1065	2.455829333333333
1066	2.4433890000000003
1067	2.4380873333333333
1068	2.4379370000000002
1069	2.440064333333333
1070	2.4435526666666667
1071	2.4523806666666665
1072	2.470398666666667
1073	2.4960416666666667
1074	2.523916333333333
1075	2.5457593333333333
1076	2.5560176666666665
1077	2.5580636666666665
1078	2.558707
1079	2.5636946666666662
1080	2.57709
1081	2.600288666666667
1082	2.631790666666667
1083	2.665865666666667
1084	2.695532
1085	2.715321666666667
1086	2.7235933333333335
1087	2.725973
1088	2.7308033333333332
1089	2.745056666666667
1090	2.7701946666666664
1091	2.796901333333333
1092	2.815133666666666
1093	2.8240166666666666
1094	2.8283466666666666
1095	2.836097333333333
1096	2.852631333333333
1097	2.8746160000000005
1098	2.8958066666666666
1099	2.9118486666666663
1100	2.9188446666666663
1101	2.912255
1102	2.8920213333333327
1103	2.8690903333333337
1104	2.856009
1105	2.8576056666666667
1106	2.8715846666666662
1107	2.8874433333333336
1108	2.8937556666666664
1109	2.8850716666666667
1110	2.86175
1111	2.831360666666667
1112	2.8033046666666666
1113	2.7839813333333336
1114	2.77465
1115	2.7680586666666667
1116	2.755457
1117	2.733390333333333
1118	2.7047173333333334
1119	2.6809006666666666
1120	2.6724446666666664
1121	2.678945333333333
1122	2.6925146666666664
1123	2.6994693333333335
1124	2.6881809999999997
1125	2.6573890000000002
1126	2.612949333333334
1127	2.5664266666666666
1128	2.527915666666667
1129	2.498682666666667
1130	2.4744493333333333
1131	2.447345
1132	2.411512333333333
1133	2.368933
1134	2.3249933333333335
1135	2.284667333333333
1136	2.249215333333333
1137	2.212056
1138	2.1642023333333333
1139	2.099485666666667
1140	2.0187006666666667
1141	1.935511
1142	1.8661949999999998
1143	1.8200020000000001
1144	1.7989226666666667
1145	1.7956453333333335
1146	1.8002823333333335
1147	1.8059863333333335
1148	1.8094459999999999
1149	1.8120153333333333
1150	1.8155233333333334
1151	1.818485
1152	1.8179776666666667
1153	1.811659666666667
1154	1.800476666666667
1155	1.7922043333333333
1156	1.7958216666666666
1157	1.8159379999999998
1158	1.8515366666666666
1159	1.8932606666666665
1160	1.9297756666666668
1161	1.9536036666666667
1162	1.9622786666666667
1163	1.9608726666666665
1164	1.9570376666666665
1165	1.9570003333333332
1166	1.964103
1167	1.9765066666666666
1168	1.9884893333333333
1169	1.9910843333333335
1170	1.9803453333333334
1171	1.9668826666666668
1172	1.9650116666666666
1173	1.9823323333333334
1174	2.017193333333333
1175	2.0542646666666666
1176	2.077701666666667
1177	2.083914666666667
1178	2.076319333333333
1179	2.0619093333333334
1180	2.0485990000000003
1181	2.0432853333333334
1182	2.049603333333333
1183	2.064682
1184	2.0831093333333337
1185	2.1000180000000004
1186	2.1116803333333336
1187	2.1166099999999997
1188	2.117529
1189	2.1244023333333333
1190	2.1461206666666666
1191	2.181582666666667
1192	2.2226886666666665
1193	2.256057
1194	2.273006333333333
1195	2.2805156666666666
1196	2.290872
1197	2.3128173333333333
1198	2.351624333333333
1199	2.408369333333333
1200	2.479211
1201	2.5530399999999998
1202	2.6188919999999998
1203	2.6736539999999995
1204	2.7211139999999996
1205	2.772517333333333
1206	2.8371546666666667
1207	2.9126619999999996
1208	2.9913503333333336
1209	3.0653733333333335
1210	3.1301496666666666
1211	3.1881296666666663
1212	3.2433680000000003
1213	3.2966086666666667
1214	3.346337
1215	3.3895459999999997
1216	3.423919333333333
1217	3.4501646666666668
1218	3.471102
1219	3.491503
1220	3.5172226666666666
1221	3.5544556666666667
1222	3.606142
1223	3.667206666666667
1224	3.7286919999999997
1225	3.781097
1226	3.8195666666666668
1227	3.850036
1228	3.880553666666666
1229	3.9129636666666667
1230	3.943056666666666
1231	3.9600763333333333
1232	3.958005333333333
1233	3.94797
1234	3.946453
1235	3.9643106666666665
1236	4.003199333333333
1237	4.050074666666667
1238	4.089395666666666
1239	4.114321333333333
1240	4.124024
1241	4.122156333333333
1242	4.111975333333333
1243	4.092025666666666
1244	4.06002
1245	4.016792
1246	3.9657496666666665
1247	3.9129746666666665
1248	3.865396666666667
1249	3.8292276666666667
1250	3.8084233333333333
1251	3.802188666666667
1252	3.805645333333333
1253	3.809281
1254	3.804278
1255	3.788289
1256	3.765255666666666
1257	3.746507333333333
1258	3.740326333333333
1259	3.740807
1260	3.736193666666667
1261	3.7166930000000002
1262	3.6829486666666664
1263	3.6564103333333335
1264	3.658462
1265	3.689267666666667
1266	3.7362586666666666
1267	3.7798523333333334
1268	3.803607666666667
1269	3.8045973333333327
1270	3.787877
1271	3.7633416666666664
1272	3.740738666666667
1273	3.725157333333333
1274	3.717562333333334
1275	3.714269333333333
1276	3.711265
1277	3.7082853333333325
1278	3.707631
1279	3.7134699999999996
1280	3.7288813333333337
1281	3.7525556666666664
1282	3.7800096666666674
1283	3.8041569999999996
1284	3.8201826666666667
1285	3.830813666666667
1286	3.840516666666667
1287	3.850360333333333
1288	3.860973
1289	3.8757309999999996
1290	3.8989663333333335
1291	3.934061333333333
1292	3.9820043333333333
1293	4.039389
1294	4.10228
1295	4.169569666666667
1296	4.239709
1297	4.307088666666667
1298	4.364889666666667
1299	4.408235333333334
1300	4.437668666666666
1301	4.463621333333333
1302	4.4949406666666665
1303	4.527156
1304	4.551588333333333
1305	4.5641516666666675
1306	4.568493666666667
1307	4.580056666666667
1308	4.610606333333332
1309	4.651883666666667
1310	4.688485999999999
1311	4.709467
1312	4.711848
1313	4.705226666666667
1314	4.699451333333333
1315	4.692884666666667
1316	4.680358666666666
1317	4.660810333333334
1318	4.637629333333333
1319	4.619354333333334
1320	4.612037000000001
1321	4.611247666666666
1322	4.610293666666667
1323	4.6080646666666665
1324	4.607571666666666
1325	4.614800666666667
1326	4.632254666666666
1327	4.652111666666666
1328	4.666258666666667
1329	4.676378000000001
1330	4.688573
1331	4.708077666666666
1332	4.732228
1333	4.742378
1334	4.722704666666667
1335	4.680022
1336	4.631341333333333
1337	4.5931386666666665
1338	4.572325666666667
1339	4.5556643333333335
1340	4.526551333333334
1341	4.480563666666667
1342	4.419887333333333
1343	4.349030999999999
1344	4.273235666666666
1345	4.1977269999999995
1346	4.126836666666667
1347	4.062606
1348	4.004416333333333
1349	3.9476936666666664
1350	3.887076666666667
1351	3.8197109999999994
1352	3.748309666666667
1353	3.6852513333333334
1354	3.641201
1355	3.613103666666667
1356	3.591059333333334
1357	3.5639473333333336
1358	3.526303666666667
1359	3.4860676666666666
1360	3.4537793333333333
1361	3.432506666666667
1362	3.4203593333333333
1363	3.4120090000000003
1364	3.4014409999999997
1365	3.3841883333333334
1366	3.3578506666666668
1367	3.323266
1368	3.28295
1369	3.240369
1370	3.200166
1371	3.168541
1372	3.1488906666666665
1373	3.136535666666666
1374	3.123965333333333
1375	3.1053696666666664
1376	3.077826333333333
1377	3.042847333333333
1378	3.0020393333333333
1379	2.9532543333333328
1380	2.895437333333333
1381	2.8341543333333328
1382	2.778358666666666
1383	2.7372799999999997
1384	2.713514
1385	2.6946986666666666
1386	2.667260333333333
1387	2.629839333333333
1388	2.587779333333333
1389	2.5488966666666664
1390	2.519191
1391	2.498487
1392	2.483023666666667
1393	2.4670096666666668
1394	2.4453573333333334
1395	2.4167983333333334
1396	2.385234
1397	2.362256333333333
1398	2.357692666666667
1399	2.369652
1400	2.3905410000000002
1401	2.4116833333333334
1402	2.426378666666667
1403	2.433147333333333
1404	2.433779666666667
1405	2.4324056666666665
1406	2.432856333333334
1407	2.4361553333333337
1408	2.4417973333333336
1409	2.448633
1410	2.4558623333333336
1411	2.4640743333333335
1412	2.475254666666667
1413	2.492998666666667
1414	2.5196023333333333
1415	2.552463
1416	2.5848623333333336
1417	2.606303
1418	2.612389666666667
1419	2.6161646666666667
1420	2.6342746666666668
1421	2.6735990000000003
1422	2.731377666666667
1423	2.7935756666666665
1424	2.8476476666666666
1425	2.8951126666666664
1426	2.9425433333333335
1427	2.9936713333333334
1428	3.0494916666666665
1429	3.108262
1430	3.167768333333334
1431	3.2272669999999994
1432	3.286999333333334
1433	3.347977666666666
1434	3.411811666666667
1435	3.480974
1436	3.559205
1437	3.651808333333333
1438	3.760074
1439	3.874525333333333
1440	3.983045666666667
1441	4.078637666666666
1442	4.160622333333333
1443	4.237318
1444	4.318875333333334
1445	4.410754
1446	4.513567999999999
1447	4.621526666666666
1448	4.725364000000001
1449	4.8142
1450	4.880316
1451	4.924842666666667
1452	4.953317999999999
1453	4.972548
1454	4.987764
1455	4.999160666666666
1456	5.000668666666668
1457	4.977826333333333
1458	4.923032666666667
1459	4.852485333333334
1460	4.7884096666666665
1461	4.741947333333333
1462	4.710690333333333
1463	4.6737883333333325
1464	4.612152999999999
1465	4.528452333333333
1466	4.433769333333333
1467	4.336137333333333
1468	4.2400926666666665
1469	4.1463556666666666
1470	4.055256
1471	3.9696056666666664
1472	3.8921296666666665
1473	3.8226893333333334
1474	3.76007
1475	3.7037183333333332
1476	3.6549310000000004
1477	3.61774
1478	3.591165
1479	3.5602373333333333
1480	3.5084226666666667
1481	3.4304846666666657
1482	3.3329646666666664
1483	3.236982666666666
1484	3.1602793333333334
1485	3.0989323333333334
1486	3.0414346666666665
1487	2.9810583333333334
1488	2.915948
1489	2.8494023333333334
1490	2.78409
1491	2.716642
1492	2.6430283333333335
1493	2.564044
1494	2.4832106666666665
1495	2.4051749999999994
1496	2.3336243333333333
1497	2.2691926666666666
1498	2.2113933333333335
1499	2.160198
1500	2.115664333333333
1501	2.077418
1502	2.0446013333333335
1503	2.0156523333333336
1504	1.9883146666666665
1505	1.959546666666667
1506	1.927229
1507	1.892303
1508	1.8578423333333332
1509	1.8287300000000002
1510	1.8094186666666667
1511	1.8015276666666666
1512	1.804114
1513	1.8131543333333335
1514	1.8239323333333335
1515	1.8331350000000002
1516	1.839131
1517	1.8426923333333334
1518	1.8455126666666668
1519	1.8491009999999999
1520	1.8544553333333333
1521	1.861647
1522	1.870118666666667
1523	1.878785666666667
1524	1.8867470000000002
1525	1.8940453333333336
1526	1.901405
1527	1.9101103333333334
1528	1.9212
1529	1.9343873333333332
1530	1.9472396666666667
1531	1.953974
1532	1.9504533333333336
1533	1.9396313333333337
1534	1.9271180000000003
1535	1.9173006666666668
1536	1.9122993333333336
1537	1.910568
1538	1.909934666666667
1539	1.9102863333333335
1540	1.9126020000000001
1541	1.9181323333333333
1542	1.928182
1543	1.94395
1544	1.9662806666666666
1545	1.9952136666666667
1546	2.0300883333333335
1547	2.0694606666666666
1548	2.112323
1549	2.159474
1550	2.212841
1551	2.2747386666666665
1552	2.344433
1553	2.4140669999999997
1554	2.475817666666667
1555	2.529213
1556	2.578183333333333
1557	2.628877666666667
1558	2.6847633333333327
1559	2.7414716666666665
1560	2.793479666666667
1561	2.840440666666667
1562	2.884089
1563	2.925456
1564	2.9649446666666663
1565	3.002580666666667
1566	3.038905333333333
1567	3.0758976666666666
1568	3.115258
1569	3.156525333333333
1570	3.197803
1571	3.2363383333333333
1572	3.2712133333333333
1573	3.3064410000000004
1574	3.346882
1575	3.394077333333333
1576	3.4452416666666665
1577	3.4913623333333335
1578	3.5239886666666664
1579	3.5421733333333334
1580	3.549407333333334
1581	3.551743
1582	3.5552496666666666
1583	3.563678666666666
1584	3.5779373333333333
1585	3.5944659999999997
1586	3.6065806666666664
1587	3.605203
1588	3.5854973333333335
1589	3.554712666666667
1590	3.5245153333333334
1591	3.504351
1592	3.4988979999999996
1593	3.504433333333334
1594	3.5137343333333333
1595	3.5198476666666667
1596	3.5186976666666667
1597	3.5123406666666668
1598	3.5060103333333332
1599	3.506118
1600	3.517646333333333
1601	3.5409803333333336
1602	3.5719309999999997
1603	3.6004509999999996
1604	3.6169433333333334
1605	3.6191426666666664
1606	3.6133266666666666
1607	3.6169886666666664
1608	3.642075666666667
1609	3.677002666666666
1610	3.703264666666666
1611	3.710828
1612	3.6995719999999994
1613	3.6820426666666664
1614	3.668593333333333
1615	3.652952
1616	3.6268013333333333
1617	3.594246666666667
1618	3.5647409999999997
1619	3.5463479999999996
1620	3.5411466666666667
1621	3.5398603333333334
1622	3.5335010000000002
1623	3.524910666666667
1624	3.5214040000000004
1625	3.5279133333333332
1626	3.544156333333333
1627	3.561224
1628	3.571510333333334
1629	3.578752666666667
1630	3.5901603333333334
1631	3.6090886666666666
1632	3.6350053333333334
1633	3.6632773333333337
1634	3.6922026666666667
1635	3.7303453333333336
1636	3.7868163333333333
1637	3.861276666666667
1638	3.9472236666666665
1639	4.034005333333334
1640	4.112751666666667
1641	4.182651666666667
1642	4.248449
1643	4.3192319999999995
1644	4.401678333333333
1645	4.492892666666666
1646	4.58609
1647	4.6754
1648	4.758132
1649	4.8374353333333335
1650	4.917068333333334
1651	4.996528
1652	5.073721333333333
1653	5.147518
1654	5.2183503333333325
1655	5.288828333333334
1656	5.360149333333333
1657	5.428236
1658	5.488132666666666
1659	5.538329
1660	5.579842999999999
1661	5.615595333333333
1662	5.6466199999999995
1663	5.668241666666667
1664	5.676788
1665	5.6767069999999995
1666	5.675522
1667	5.679265
1668	5.690664666666666
1669	5.706660333333333
1670	5.722424999999999
1671	5.734636
1672	5.740866333333333
1673	5.738969666666667
1674	5.7267589999999995
1675	5.701838
1676	5.662219999999999
1677	5.607376666666666
1678	5.539484
1679	5.465446666666667
1680	5.392641
1681	5.3247203333333335
1682	5.262227333333334
1683	5.202343333333333
1684	5.141071
1685	5.074925333333333
1686	5.001991
1687	4.923231666666665
1688	4.839708333333332
1689	4.750123333333334
1690	4.654099
1691	4.555744
1692	4.459663666666666
1693	4.367112333333333
1694	4.278688
1695	4.197002
1696	4.125381333333333
1697	4.066399
1698	4.020555
1699	3.9843116666666667
1700	3.952537
1701	3.920746333333333
1702	3.888298333333333
1703	3.861454333333333
1704	3.8394410000000003
1705	3.799875666666667
1706	3.725635
1707	3.6328806666666664
1708	3.543603
1709	3.4592983333333334
1710	3.373585
1711	3.2841343333333333
1712	3.193042
1713	3.1069346666666666
1714	3.029309
1715	2.9524706666666667
1716	2.8673863333333336
1717	2.7733153333333336
1718	2.673639
1719	2.5724546666666672
1720	2.4730730000000003
1721	2.3765289999999997
1722	2.281443333333333
1723	2.1842336666666666
1724	2.0898766666666666
1725	2.023522333333333
1726	2.002644
1727	2.007565
1728	2.0126356666666667
1729	2.015861666666667
1730	2.0226686666666667
1731	2.0302700000000002
1732	2.0320113333333336
1733	2.0223663333333333
1734	2.001510333333333
1735	1.9808123333333332
1736	1.9715376666666666
1737	1.9735346666666669
1738	1.9811130000000001
1739	1.987768666666667
1740	1.9891516666666669
1741	1.98604
1742	1.9807003333333335
1743	1.9736133333333334
1744	1.9631703333333335
1745	1.9452433333333334
1746	1.9173546666666668
1747	1.883389
1748	1.8503263333333333
1749	1.8255639999999997
1750	1.8133850000000002
1751	1.8107736666666667
1752	1.8125853333333335
1753	1.8159323333333333
1754	1.8190060000000001
1755	1.8200216666666669
1756	1.8182033333333334
1757	1.8151276666666667
1758	1.8121443333333331
1759	1.8079246666666668
1760	1.8015153333333334
1761	1.7955726666666667
1762	1.79355
1763	1.7970320000000002
1764	1.8067203333333333
1765	1.823126
1766	1.8452950000000001
1767	1.8688323333333334
1768	1.8873913333333334
1769	1.8940633333333332
1770	1.8863406666666667
1771	1.8721423333333331
1772	1.8609376666666668
1773	1.8553756666666668
1774	1.8545073333333335
1775	1.8563666666666667
1776	1.8593483333333334
1777	1.8633526666666667
1778	1.869156666666667
1779	1.8779206666666668
1780	1.8896899999999999
1781	1.9015476666666664
1782	1.9090773333333333
1783	1.907616
1784	1.8949053333333334
1785	1.874415
1786	1.8517196666666669
1787	1.8315646666666665
1788	1.8177096666666666
1789	1.812437
1790	1.8153653333333333
