400.000000	0.004007
402.000000	-0.000880
404.000000	-0.002292
406.000000	-0.002783
408.000000	-0.004631
410.000000	-0.000837
412.000000	0.006020
414.000000	0.004486
416.000000	-0.002927
418.000000	-0.007747
420.000000	-0.001232
422.000000	0.011019
424.000000	0.015532
426.000000	0.008951
428.000000	0.000571
430.000000	0.009311
432.000000	0.019538
434.000000	0.010797
436.000000	-0.003497
438.000000	-0.013071
440.000000	-0.016392
442.000000	-0.014472
444.000000	-0.007390
446.000000	0.006579
448.000000	0.016827
450.000000	0.011375
452.000000	0.001756
454.000000	-0.005207
456.000000	-0.013306
458.000000	-0.017389
460.000000	-0.012075
462.000000	-0.001006
464.000000	0.006181
466.000000	0.000310
468.000000	-0.009000
470.000000	-0.013401
472.000000	-0.013933
474.000000	-0.010399
476.000000	-0.004800
478.000000	-0.007566
480.000000	-0.018503
482.000000	-0.025672
484.000000	-0.016365
486.000000	0.001976
488.000000	-0.007706
490.000000	-0.021271
492.000000	-0.001785
494.000000	0.003196
496.000000	-0.014302
498.000000	-0.009283
500.000000	0.005986
502.000000	0.012269
504.000000	0.020147
506.000000	0.021047
508.000000	0.002077
510.000000	-0.009578
512.000000	-0.004682
514.000000	-0.003204
516.000000	-0.002515
518.000000	0.003983
520.000000	0.009957
522.000000	0.013472
524.000000	0.015436
526.000000	0.010717
528.000000	0.003126
530.000000	0.007116
532.000000	0.018599
534.000000	0.028147
536.000000	0.028415
538.000000	0.028684
540.000000	0.012719
542.000000	0.002862
544.000000	0.004146
546.000000	0.002502
548.000000	0.007817
550.000000	0.024359
552.000000	0.021923
554.000000	0.001232
556.000000	-0.012205
558.000000	-0.001428
560.000000	0.018518
562.000000	0.006179
564.000000	-0.005993
566.000000	0.007905
568.000000	-0.002003
570.000000	-0.018316
572.000000	0.005214
574.000000	0.022040
576.000000	0.008903
578.000000	-0.007358
580.000000	-0.011619
582.000000	-0.003616
584.000000	0.000766
586.000000	0.000711
588.000000	0.003924
590.000000	0.009780
592.000000	0.009043
594.000000	-0.007814
596.000000	-0.012274
598.000000	0.004874
600.000000	0.003877
602.000000	0.000162
604.000000	0.018048
606.000000	0.014750
608.000000	-0.009059
610.000000	-0.014261
612.000000	-0.014306
614.000000	-0.021042
616.000000	-0.022997
618.000000	-0.018663
620.000000	-0.012566
622.000000	-0.009546
624.000000	-0.004582
626.000000	0.007894
628.000000	0.008348
630.000000	-0.004607
632.000000	-0.009120
634.000000	-0.011795
636.000000	-0.019703
638.000000	-0.020742
640.000000	-0.006029
642.000000	0.019166
644.000000	0.020430
646.000000	0.005786
648.000000	0.011690
650.000000	0.006359
652.000000	-0.017993
654.000000	-0.016840
656.000000	-0.008139
658.000000	-0.013615
660.000000	-0.002635
662.000000	0.015449
664.000000	0.012011
666.000000	0.001198
668.000000	0.003017
670.000000	0.026247
672.000000	0.024596
674.000000	0.022944
676.000000	0.007315
678.000000	-0.004012
680.000000	-0.014878
682.000000	-0.019234
684.000000	-0.013682
686.000000	-0.002689
688.000000	-0.007061
690.000000	-0.019246
692.000000	-0.007232
694.000000	0.009174
696.000000	0.011701
698.000000	0.010549
700.000000	0.000005
702.000000	-0.016441
704.000000	0.001810
706.000000	0.029809
708.000000	0.017272
710.000000	0.001922
712.000000	0.002691
714.000000	0.001582
716.000000	-0.007790
718.000000	-0.018280
720.000000	-0.011329
722.000000	0.015351
724.000000	0.046673
726.000000	0.051658
728.000000	0.038204
730.000000	0.032013
732.000000	0.030125
734.000000	0.027732
736.000000	0.023605
738.000000	0.017321
740.000000	0.013766
742.000000	0.021672
744.000000	0.032028
746.000000	0.034510
748.000000	0.030080
750.000000	0.026507
752.000000	0.029616
754.000000	0.032999
756.000000	0.037706
758.000000	0.044767
760.000000	0.031097
762.000000	0.008195
764.000000	0.016073
766.000000	0.028175
768.000000	0.023652
770.000000	0.019368
772.000000	0.027494
774.000000	0.044554
776.000000	0.046343
778.000000	0.037255
780.000000	0.032499
782.000000	0.028425
784.000000	0.033193
786.000000	0.053312
788.000000	0.049349
790.000000	0.027440
792.000000	0.034886
794.000000	0.035474
796.000000	0.012982
798.000000	0.008242
800.000000	0.018310
802.000000	0.022388
804.000000	0.006867
806.000000	-0.010812
808.000000	-0.010182
810.000000	-0.003160
812.000000	-0.002765
814.000000	-0.010964
816.000000	-0.004877
818.000000	0.011896
820.000000	0.014744
822.000000	0.011110
824.000000	0.009566
826.000000	0.010703
828.000000	0.019530
830.000000	0.034062
832.000000	0.040112
834.000000	0.028880
836.000000	0.008181
838.000000	0.007513
840.000000	0.014922
842.000000	0.012137
844.000000	0.023266
846.000000	0.038315
848.000000	0.031910
850.000000	0.020245
852.000000	0.020554
854.000000	0.035971
856.000000	0.039942
858.000000	0.028391
860.000000	0.023732
862.000000	0.018210
864.000000	0.012319
866.000000	0.023460
868.000000	0.021527
870.000000	-0.001534
872.000000	0.005564
874.000000	0.025038
876.000000	0.023392
878.000000	0.009223
880.000000	-0.004157
882.000000	-0.009904
884.000000	-0.014900
886.000000	-0.005936
888.000000	0.027505
890.000000	0.042018
892.000000	0.031981
894.000000	0.023383
896.000000	0.008094
898.000000	-0.008375
900.000000	-0.005964
902.000000	0.001474
904.000000	0.002969
906.000000	0.003693
908.000000	0.012828
910.000000	0.025381
912.000000	0.021159
914.000000	0.019798
916.000000	0.032340
918.000000	0.032427
920.000000	0.024574
922.000000	0.018717
924.000000	0.006774
926.000000	0.008440
928.000000	0.030595
930.000000	0.021413
932.000000	0.002894
934.000000	0.017149
936.000000	0.025462
938.000000	0.018069
940.000000	0.010968
942.000000	0.005195
944.000000	0.000056
946.000000	-0.001584
948.000000	0.010829
950.000000	0.026199
952.000000	0.022297
954.000000	0.018308
956.000000	0.019952
958.000000	0.013292
960.000000	0.008638
962.000000	0.010299
964.000000	0.010723
966.000000	0.019837
968.000000	0.028148
970.000000	0.006575
972.000000	0.000342
974.000000	0.018672
976.000000	-0.001398
978.000000	-0.006913
980.000000	0.026811
982.000000	0.020220
984.000000	0.007251
986.000000	0.026656
988.000000	0.036984
990.000000	0.027868
992.000000	0.012963
994.000000	0.013315
996.000000	0.029199
998.000000	0.054165
1000.000000	0.088516
1002.000000	0.085117
1004.000000	0.081719
1006.000000	0.078320
1008.000000	0.074921
1010.000000	0.071522
1012.000000	0.035856
1014.000000	0.025072
1016.000000	0.046027
1018.000000	0.034422
1020.000000	0.006080
1022.000000	0.007225
1024.000000	0.006596
1026.000000	0.002253
1028.000000	0.009472
1030.000000	0.011423
1032.000000	0.015342
1034.000000	0.016006
1036.000000	0.016669
1038.000000	0.017333
1040.000000	0.009789
1042.000000	0.019210
1044.000000	0.022094
1046.000000	-0.001354
1048.000000	0.002196
1050.000000	0.019744
1052.000000	0.005586
1054.000000	0.009315
1056.000000	0.025245
1058.000000	0.011785
1060.000000	0.005153
1062.000000	0.016653
1064.000000	0.026567
1066.000000	0.025612
1068.000000	0.025903
1070.000000	0.038607
1072.000000	0.024186
1074.000000	0.004406
1076.000000	0.028931
1078.000000	0.046798
1080.000000	0.045384
1082.000000	0.048250
1084.000000	0.039313
1086.000000	0.031153
1088.000000	0.047972
1090.000000	0.056584
1092.000000	0.046930
1094.000000	0.031382
1096.000000	0.006915
1098.000000	0.000247
1100.000000	0.037050
1102.000000	0.064212
1104.000000	0.057440
1106.000000	0.033029
1108.000000	0.024490
1110.000000	0.029051
1112.000000	0.026583
1114.000000	0.028273
1116.000000	0.025172
1118.000000	0.006667
1120.000000	0.004085
1122.000000	0.022059
1124.000000	0.043179
1126.000000	0.054530
1128.000000	0.066123
1130.000000	0.084547
1132.000000	0.060641
1134.000000	0.036735
1136.000000	-0.009544
1138.000000	-0.014905
1140.000000	-0.001819
1142.000000	-0.005992
1144.000000	-0.007220
1146.000000	-0.007236
1148.000000	-0.014341
1150.000000	-0.020194
1152.000000	-0.022017
1154.000000	-0.017922
1156.000000	-0.003317
1158.000000	0.009276
1160.000000	0.003408
1162.000000	-0.022524
1164.000000	-0.016125
1166.000000	-0.001247
1168.000000	0.013630
1170.000000	-0.009718
1172.000000	-0.009096
1174.000000	-0.011332
1176.000000	-0.008151
1178.000000	-0.001137
1180.000000	-0.009613
1182.000000	-0.002397
1184.000000	0.019534
1186.000000	0.014954
1188.000000	-0.005952
1190.000000	-0.018073
1192.000000	-0.006506
1194.000000	0.006294
1196.000000	0.017088
1198.000000	0.035916
1200.000000	0.038013
1202.000000	0.026680
1204.000000	0.026614
1206.000000	0.044125
1208.000000	0.065147
1210.000000	0.066986
1212.000000	0.039861
1214.000000	0.031529
1216.000000	0.067147
1218.000000	0.068314
1220.000000	0.060716
1222.000000	0.085521
1224.000000	0.104487
1226.000000	0.090062
1228.000000	0.067719
1230.000000	0.107042
1232.000000	0.133917
1234.000000	0.111052
1236.000000	0.106988
1238.000000	0.111364
1240.000000	0.111647
1242.000000	0.116496
1244.000000	0.107015
1246.000000	0.098291
1248.000000	0.120464
1250.000000	0.123144
1252.000000	0.100371
1254.000000	0.083971
1256.000000	0.072091
1258.000000	0.067999
1260.000000	0.079084
1262.000000	0.101655
1264.000000	0.103052
1266.000000	0.074042
1268.000000	0.070956
1270.000000	0.091982
1272.000000	0.107371
1274.000000	0.098704
1276.000000	0.092531
1278.000000	0.095600
1280.000000	0.079962
1282.000000	0.071665
1284.000000	0.081626
1286.000000	0.091153
1288.000000	0.096518
1290.000000	0.103635
1292.000000	0.115727
1294.000000	0.115379
1296.000000	0.104519
1298.000000	0.099937
1300.000000	0.113661
1302.000000	0.137462
1304.000000	0.151508
1306.000000	0.141150
1308.000000	0.138002
1310.000000	0.156720
1312.000000	0.163023
1314.000000	0.148096
1316.000000	0.139412
1318.000000	0.169316
1320.000000	0.170677
1322.000000	0.141974
1324.000000	0.138605
1326.000000	0.136763
1328.000000	0.138475
1330.000000	0.153839
1332.000000	0.148725
1334.000000	0.154235
1336.000000	0.190799
1338.000000	0.196249
1340.000000	0.166129
1342.000000	0.131944
1344.000000	0.124534
1346.000000	0.119019
1348.000000	0.108312
1350.000000	0.108849
1352.000000	0.087484
1354.000000	0.069965
1356.000000	0.097862
1358.000000	0.104283
1360.000000	0.084604
1362.000000	0.075209
1364.000000	0.088370
1366.000000	0.098781
1368.000000	0.091459
1370.000000	0.086583
1372.000000	0.079843
1374.000000	0.075523
1376.000000	0.083595
1378.000000	0.062009
1380.000000	0.038560
1382.000000	0.061875
1384.000000	0.053767
1386.000000	0.020796
1388.000000	0.011773
1390.000000	0.022688
1392.000000	0.021629
1394.000000	0.009812
1396.000000	0.033009
1398.000000	0.049692
1400.000000	0.042243
1402.000000	0.038026
1404.000000	0.025131
1406.000000	0.016354
1408.000000	0.029894
1410.000000	0.034248
1412.000000	0.034837
1414.000000	0.038534
1416.000000	0.021075
1418.000000	0.019705
1420.000000	0.046166
1422.000000	0.056396
1424.000000	0.043865
1426.000000	0.032337
1428.000000	0.048829
1430.000000	0.078084
1432.000000	0.079986
1434.000000	0.045830
1436.000000	0.041936
1438.000000	0.069996
1440.000000	0.102116
1442.000000	0.120111
1444.000000	0.130134
1446.000000	0.147497
1448.000000	0.174889
1450.000000	0.174214
1452.000000	0.165136
1454.000000	0.179741
1456.000000	0.185182
1458.000000	0.173033
1460.000000	0.157261
1462.000000	0.153775
1464.000000	0.140215
1466.000000	0.118703
1468.000000	0.114725
1470.000000	0.114227
1472.000000	0.108607
1474.000000	0.097574
1476.000000	0.081558
1478.000000	0.080370
1480.000000	0.088510
1482.000000	0.069858
1484.000000	0.064155
1486.000000	0.075382
1488.000000	0.064347
1490.000000	0.032094
1492.000000	0.023297
1494.000000	0.050176
1496.000000	0.036537
1498.000000	0.013838
1500.000000	0.010646
1502.000000	-0.000751
1504.000000	-0.011260
1506.000000	-0.013618
1508.000000	-0.012454
1510.000000	-0.014932
1512.000000	-0.019837
1514.000000	-0.020105
1516.000000	-0.011765
1518.000000	-0.015884
1520.000000	-0.017630
1522.000000	0.012786
1524.000000	0.002962
1526.000000	-0.019505
1528.000000	0.006984
1530.000000	0.013732
1532.000000	0.020481
1534.000000	-0.021011
1536.000000	-0.011708
1538.000000	-0.009532
1540.000000	-0.019713
1542.000000	-0.002251
1544.000000	0.006085
1546.000000	0.009328
1548.000000	0.021201
1550.000000	0.027480
1552.000000	0.031587
1554.000000	0.040959
1556.000000	0.055086
1558.000000	0.058947
1560.000000	0.052878
1562.000000	0.048277
1564.000000	0.053496
1566.000000	0.064010
1568.000000	0.078835
1570.000000	0.099328
1572.000000	0.102738
1574.000000	0.091254
1576.000000	0.086039
1578.000000	0.098082
1580.000000	0.110495
1582.000000	0.113309
1584.000000	0.117934
1586.000000	0.126200
1588.000000	0.128047
1590.000000	0.112871
1592.000000	0.088021
1594.000000	0.082834
1596.000000	0.091099
1598.000000	0.069884
1600.000000	0.075504
1602.000000	0.106544
1604.000000	0.110204
1606.000000	0.085457
1608.000000	0.069734
1610.000000	0.079462
1612.000000	0.086447
1614.000000	0.089915
1616.000000	0.083640
1618.000000	0.066179
1620.000000	0.071854
1622.000000	0.093006
1624.000000	0.101786
1626.000000	0.084262
1628.000000	0.064830
1630.000000	0.069263
1632.000000	0.091659
1634.000000	0.080484
1636.000000	0.076953
1638.000000	0.093822
1640.000000	0.071980
1642.000000	0.088571
1644.000000	0.131954
1646.000000	0.132055
1648.000000	0.118737
1650.000000	0.128619
1652.000000	0.156355
1654.000000	0.159275
1656.000000	0.144216
1658.000000	0.152573
1660.000000	0.184871
1662.000000	0.150516
1664.000000	0.136414
1666.000000	0.178594
1668.000000	0.189815
1670.000000	0.183334
1672.000000	0.171264
1674.000000	0.157923
1676.000000	0.158847
1678.000000	0.160679
1680.000000	0.165490
1682.000000	0.177920
1684.000000	0.142647
1686.000000	0.131291
1688.000000	0.163076
1690.000000	0.103855
1692.000000	0.083401
1694.000000	0.123405
1696.000000	0.121324
1698.000000	0.091795
1700.000000	0.067101
1702.000000	0.067729
1704.000000	0.068358
1706.000000	0.068987
1708.000000	0.069615
1710.000000	0.070244
1712.000000	0.070872
1714.000000	0.071501
1716.000000	0.000161
1718.000000	-0.013129
1720.000000	-0.014794
1722.000000	-0.004938
1724.000000	0.005907
1726.000000	0.010180
1728.000000	-0.004724
1730.000000	-0.008458
1732.000000	0.019195
1734.000000	0.006739
1736.000000	-0.002388
1738.000000	0.013701
1740.000000	0.005456
1742.000000	-0.002320
1744.000000	-0.005282
1746.000000	-0.011149
1748.000000	-0.011176
1750.000000	-0.015250
1752.000000	-0.015471
1754.000000	-0.000294
1756.000000	0.000877
1758.000000	-0.018921
1760.000000	-0.028426
1762.000000	0.002846
1764.000000	0.003827
1766.000000	-0.017958
1768.000000	-0.017565
1770.000000	-0.002046
1772.000000	0.002111
1774.000000	-0.007421
1776.000000	-0.011175
1778.000000	-0.002680
1780.000000	-0.009386
1782.000000	-0.025520
1784.000000	-0.010392
1786.000000	0.010417
1788.000000	0.012611
1790.000000	-0.006234
1792.000000	-0.026307
1794.000000	-0.017954
1796.000000	0.005764
1798.000000	0.009566
1800.000000	-0.008080
1802.000000	-0.017658
1804.000000	-0.013612
1806.000000	-0.013690
1808.000000	-0.005583
1810.000000	-0.003065
1812.000000	-0.010876
1814.000000	-0.005954
1816.000000	0.011447
1818.000000	0.015481
1820.000000	-0.000926
1822.000000	-0.001987
1824.000000	-0.003918
1826.000000	-0.010067
1828.000000	-0.010922
1830.000000	-0.017968
1832.000000	-0.004569
1834.000000	-0.000516
1836.000000	0.003537
1838.000000	-0.012837
1840.000000	-0.016891
1842.000000	-0.012708
1844.000000	-0.008679
1846.000000	-0.008702
1848.000000	-0.015579
1850.000000	-0.018285
1852.000000	0.001906
1854.000000	0.005738
1856.000000	0.001558
1858.000000	0.007785
1860.000000	-0.012988
1862.000000	-0.002891
1864.000000	0.016004
1866.000000	-0.011347
1868.000000	0.004683
1870.000000	0.008162
1872.000000	-0.016224
1874.000000	-0.002081
1876.000000	0.012782
1878.000000	0.004743
1880.000000	-0.009797
1882.000000	0.000242
1884.000000	0.017200
1886.000000	0.012412
1888.000000	-0.003012
1890.000000	0.013145
1892.000000	0.002489
1894.000000	-0.019753
1896.000000	-0.010214
1898.000000	0.006147
1900.000000	-0.000022
1902.000000	-0.014073
1904.000000	-0.013751
1906.000000	-0.018298
1908.000000	-0.006436
1910.000000	0.008453
1912.000000	0.000930
1914.000000	0.005604
1916.000000	0.006282
1918.000000	-0.001479
1920.000000	0.001774
1922.000000	0.010747
1924.000000	0.009611
1926.000000	0.001984
1928.000000	0.001903
1930.000000	-0.007572
1932.000000	-0.009214
1934.000000	-0.000085
1936.000000	-0.000558
1938.000000	0.008307
1940.000000	0.008282
1942.000000	-0.003051
1944.000000	0.007794
1946.000000	0.031105
1948.000000	0.027361
1950.000000	0.001949
1952.000000	0.006334
1954.000000	0.000056
1956.000000	-0.012591
1958.000000	-0.006514
1960.000000	0.012640
1962.000000	0.019776
1964.000000	0.014890
1966.000000	0.013586
1968.000000	0.020454
1970.000000	0.013914
1972.000000	0.006452
1974.000000	0.009113
1976.000000	0.000000
1978.000000	-0.012450
1980.000000	-0.000009
1982.000000	0.023497
1984.000000	0.001462
1986.000000	-0.000334
1988.000000	0.011525
1990.000000	0.005608
1992.000000	0.009918
1994.000000	0.019872
1996.000000	0.014801
1998.000000	-0.006259
2000.000000	-0.011799
2002.000000	0.009043
2004.000000	0.018613
2006.000000	0.003751
2008.000000	0.010863
2010.000000	0.013576
2012.000000	-0.001683
2014.000000	-0.015305
2016.000000	-0.003776
2018.000000	0.004381
2020.000000	0.009994
2022.000000	0.009195
2024.000000	-0.019508
2026.000000	-0.013482
2028.000000	0.014412
2030.000000	0.021865
2032.000000	0.013073
2034.000000	0.019233
2036.000000	0.010978
2038.000000	-0.013832
2040.000000	-0.002880
2042.000000	0.012517
2044.000000	0.020145
2046.000000	0.019176
2048.000000	0.009850
2050.000000	0.016069
2052.000000	0.013889
2054.000000	-0.003041
2056.000000	-0.003056
2058.000000	0.015126
2060.000000	0.015861
2062.000000	0.004816
2064.000000	0.010534
2066.000000	-0.006000
2068.000000	-0.017523
2070.000000	-0.000785
2072.000000	0.021953
2074.000000	0.012091
2076.000000	0.001509
2078.000000	0.000108
2080.000000	-0.005615
2082.000000	-0.002029
2084.000000	0.012167
2086.000000	0.015251
2088.000000	0.003201
2090.000000	0.008999
2092.000000	0.010971
2094.000000	0.010812
2096.000000	0.012525
2098.000000	0.001592
2100.000000	0.006145
2102.000000	0.016549
2104.000000	0.018312
2106.000000	0.019253
2108.000000	0.016215
2110.000000	0.015857
2112.000000	0.013715
2114.000000	0.002698
2116.000000	0.005214
2118.000000	0.001527
2120.000000	-0.004432
2122.000000	0.013308
2124.000000	0.039559
2126.000000	0.018689
2128.000000	0.000802
2130.000000	0.029135
2132.000000	0.020210
2134.000000	0.010273
2136.000000	0.006515
2138.000000	0.003462
2140.000000	0.014736
2142.000000	0.005720
2144.000000	-0.000722
2146.000000	0.002220
2148.000000	-0.006993
2150.000000	0.008120
2152.000000	0.012744
2154.000000	0.007625
2156.000000	0.010527
2158.000000	-0.022967
2160.000000	-0.017620
2162.000000	0.007830
2164.000000	-0.002872
2166.000000	-0.011475
2168.000000	0.014311
2170.000000	0.014581
2172.000000	-0.013047
2174.000000	0.010044
2176.000000	0.023615
2178.000000	0.014660
2180.000000	0.004037
2182.000000	0.007904
2184.000000	0.023683
2186.000000	0.023125
2188.000000	0.008593
2190.000000	0.002277
2192.000000	0.007916
2194.000000	0.013265
2196.000000	0.007689
2198.000000	0.005726
2200.000000	0.020227
2202.000000	0.001828
2204.000000	0.001106
2206.000000	0.018276
2208.000000	0.010358
2210.000000	0.011733
2212.000000	-0.004533
2214.000000	-0.012035
2216.000000	0.004589
2218.000000	-0.001478
2220.000000	0.010669
2222.000000	0.026353
2224.000000	0.026790
2226.000000	0.028278
2228.000000	0.035014
2230.000000	0.005909
2232.000000	-0.009303
2234.000000	0.023540
2236.000000	0.012913
2238.000000	0.001949
2240.000000	0.010610
2242.000000	0.015327
2244.000000	-0.000118
2246.000000	-0.005270
2248.000000	0.010045
2250.000000	0.013373
2252.000000	-0.005842
2254.000000	0.005343
2256.000000	0.014628
2258.000000	0.006863
2260.000000	0.000825
2262.000000	0.007787
2264.000000	-0.003332
2266.000000	-0.012149
2268.000000	-0.009290
2270.000000	-0.003662
2272.000000	0.007246
2274.000000	-0.002043
2276.000000	0.002555
2278.000000	0.023514
2280.000000	0.008077
2282.000000	-0.014910
2284.000000	-0.000083
2286.000000	0.013584
2288.000000	-0.013892
2290.000000	-0.019081
2292.000000	0.006127
2294.000000	0.011661
2296.000000	-0.007850
2298.000000	-0.006935
2300.000000	0.001521
2302.000000	0.012339
2304.000000	0.021839
2306.000000	0.020478
2308.000000	0.007781
2310.000000	0.016762
2312.000000	0.013623
2314.000000	-0.011128
2316.000000	-0.015409
2318.000000	0.011423
2320.000000	0.016832
2322.000000	0.009879
2324.000000	0.020600
2326.000000	0.032861
2328.000000	0.020299
2330.000000	0.017845
2332.000000	0.022152
2334.000000	0.010170
2336.000000	0.005723
2338.000000	0.004888
2340.000000	-0.002439
2342.000000	-0.003363
2344.000000	0.013489
2346.000000	0.015775
2348.000000	0.012111
2350.000000	0.012392
2352.000000	0.015364
2354.000000	0.015497
2356.000000	0.007558
2358.000000	0.003418
2360.000000	0.011694
2362.000000	0.018643
2364.000000	0.005519
2366.000000	0.007422
2368.000000	0.013817
2370.000000	0.005632
2372.000000	-0.004624
2374.000000	0.007749
2376.000000	0.015428
2378.000000	0.001294
2380.000000	-0.008600
2382.000000	0.009168
2384.000000	0.006732
2386.000000	-0.012553
2388.000000	-0.010166
2390.000000	0.010600
2392.000000	0.006379
2394.000000	0.005362
2396.000000	0.005283
2398.000000	0.001270
2400.000000	-0.001043
2402.000000	-0.001055
2404.000000	-0.007088
2406.000000	0.002093
2408.000000	0.019906
2410.000000	0.017118
2412.000000	-0.001621
2414.000000	-0.000188
2416.000000	0.011490
2418.000000	0.011679
2420.000000	0.003292
2422.000000	0.000992
2424.000000	-0.010177
2426.000000	-0.003694
2428.000000	0.013454
2430.000000	0.009199
2432.000000	0.015476
2434.000000	0.008281
2436.000000	0.001444
2438.000000	-0.004033
2440.000000	-0.021420
2442.000000	-0.003232
2444.000000	0.010864
2446.000000	0.007354
2448.000000	0.001406
2450.000000	0.000472
2452.000000	0.006538
2454.000000	0.010567
2456.000000	0.018077
2458.000000	0.017119
2460.000000	-0.005040
2462.000000	0.001657
2464.000000	0.002635
2466.000000	0.002956
2468.000000	0.012760
2470.000000	0.009533
2472.000000	0.007231
2474.000000	-0.002726
2476.000000	0.001985
2478.000000	0.011362
2480.000000	-0.011864
2482.000000	-0.011624
2484.000000	0.009092
2486.000000	0.005951
2488.000000	-0.011823
2490.000000	-0.004811
2492.000000	-0.020835
2494.000000	-0.013218
2496.000000	0.001326
2498.000000	0.009917
2500.000000	0.028821
2502.000000	0.005796
2504.000000	0.008056
2506.000000	0.007241
2508.000000	-0.004065
2510.000000	0.008252
2512.000000	-0.019777
2514.000000	-0.004702
2516.000000	0.029237
2518.000000	0.024371
2520.000000	0.000340
2522.000000	0.005802
2524.000000	0.008986
2526.000000	0.001725
2528.000000	-0.007518
2530.000000	-0.006603
2532.000000	0.009531
2534.000000	-0.010103
2536.000000	-0.001632
2538.000000	0.023128
2540.000000	0.004713
2542.000000	-0.015867
2544.000000	0.000062
2546.000000	-0.009718
2548.000000	-0.004473
2550.000000	0.026346
2552.000000	-0.005533
2554.000000	-0.009037
2556.000000	0.000632
2558.000000	0.003998
2560.000000	0.007448
2562.000000	0.005847
2564.000000	-0.014498
2566.000000	-0.010980
2568.000000	0.006909
2570.000000	0.009702
2572.000000	0.002921
2574.000000	0.007562
2576.000000	-0.005522
2578.000000	-0.002785
2580.000000	0.001849
2582.000000	-0.013638
2584.000000	-0.004043
2586.000000	0.020031
2588.000000	0.017658
2590.000000	0.011223
2592.000000	0.013395
2594.000000	-0.004623
2596.000000	-0.014149
2598.000000	0.004414
2600.000000	0.022842
2602.000000	0.014040
2604.000000	-0.003839
2606.000000	-0.000711
2608.000000	-0.015782
2610.000000	-0.003126
2612.000000	0.018468
2614.000000	0.015334
2616.000000	0.018981
2618.000000	0.007836
2620.000000	-0.003762
2622.000000	-0.004744
2624.000000	-0.005581
2626.000000	-0.006319
2628.000000	0.014652
2630.000000	0.017858
2632.000000	0.002836
2634.000000	-0.004724
2636.000000	0.004303
2638.000000	0.011377
2640.000000	0.001978
2642.000000	0.003379
2644.000000	0.013928
2646.000000	0.009722
2648.000000	-0.011034
2650.000000	-0.019103
2652.000000	-0.008039
2654.000000	-0.021995
2656.000000	-0.021347
2658.000000	0.010519
2660.000000	0.005233
2662.000000	0.002428
2664.000000	0.012010
2666.000000	0.017154
2668.000000	0.011770
2670.000000	0.008617
2672.000000	0.013363
2674.000000	0.005969
2676.000000	-0.003202
2678.000000	-0.001982
2680.000000	0.005295
2682.000000	0.010033
2684.000000	0.009992
2686.000000	-0.008162
2688.000000	0.000156
2690.000000	0.006461
2692.000000	-0.006627
2694.000000	0.015695
2696.000000	0.022622
2698.000000	0.032883
2700.000000	0.020169
2702.000000	-0.002181
2704.000000	0.007067
2706.000000	0.015505
2708.000000	-0.008183
2710.000000	-0.012235
2712.000000	0.020778
2714.000000	0.029643
2716.000000	-0.006023
2718.000000	0.001340
2720.000000	0.019062
2722.000000	0.012750
2724.000000	0.009897
2726.000000	0.010598
2728.000000	-0.010946
2730.000000	-0.008058
2732.000000	0.011373
2734.000000	0.030089
2736.000000	0.035700
2738.000000	0.022447
2740.000000	0.003529
2742.000000	0.008540
2744.000000	0.023248
2746.000000	0.014613
2748.000000	-0.002094
2750.000000	-0.002376
2752.000000	0.003430
2754.000000	0.012125
2756.000000	0.016996
2758.000000	0.016728
2760.000000	0.016006
2762.000000	0.013592
2764.000000	0.006604
2766.000000	0.007094
2768.000000	0.007000
2770.000000	-0.010866
2772.000000	-0.023958
2774.000000	-0.013211
2776.000000	0.002120
2778.000000	0.010602
2780.000000	-0.013960
2782.000000	-0.005030
2784.000000	-0.002625
2786.000000	-0.031692
2788.000000	-0.019005
2790.000000	-0.008054
2792.000000	0.000178
2794.000000	-0.019165
2796.000000	-0.030154
2798.000000	-0.009442
2800.000000	0.002982
2802.000000	0.003616
2804.000000	0.003666
2806.000000	-0.003397
2808.000000	-0.009869
2810.000000	-0.015208
2812.000000	-0.026275
2814.000000	-0.017062
2816.000000	0.024745
2818.000000	-0.017153
2820.000000	-0.038313
2822.000000	-0.003837
2824.000000	-0.002109
2826.000000	0.001537
2828.000000	-0.014627
2830.000000	-0.004842
2832.000000	0.012664
2834.000000	0.017775
2836.000000	0.024417
2838.000000	0.036766
2840.000000	0.047539
2842.000000	0.055069
2844.000000	0.059504
2846.000000	0.070744
2848.000000	0.073925
2850.000000	0.083313
2852.000000	0.160687
2854.000000	0.177853
2856.000000	0.213868
2858.000000	0.234941
2860.000000	0.219582
2862.000000	0.233371
2864.000000	0.267537
2866.000000	0.293005
2868.000000	0.332588
2870.000000	0.394198
2872.000000	0.420998
2874.000000	0.425793
2876.000000	0.466201
2878.000000	0.474683
2880.000000	0.500192
2882.000000	0.490970
2884.000000	0.496094
2886.000000	0.500813
2888.000000	0.471341
2890.000000	0.492047
2892.000000	0.496907
2894.000000	0.508705
2896.000000	0.524641
2898.000000	0.533979
2900.000000	0.540899
2902.000000	0.556365
2904.000000	0.591802
2906.000000	0.632268
2908.000000	0.650001
2910.000000	0.641417
2912.000000	0.667808
2914.000000	0.726811
2916.000000	0.734852
2918.000000	0.750246
2920.000000	0.858448
2922.000000	0.871831
2924.000000	0.902728
2926.000000	0.947252
2928.000000	0.919522
2930.000000	0.966433
2932.000000	0.957200
2934.000000	0.950688
2936.000000	0.979851
2938.000000	1.000000
2940.000000	0.953685
2942.000000	0.881353
2944.000000	0.870177
2946.000000	0.831568
2948.000000	0.781866
2950.000000	0.731433
2952.000000	0.720962
2954.000000	0.717157
2956.000000	0.674694
2958.000000	0.665247
2960.000000	0.643548
2962.000000	0.599736
2964.000000	0.607571
2966.000000	0.612459
2968.000000	0.574205
2970.000000	0.543966
2972.000000	0.519752
2974.000000	0.525103
2976.000000	0.526953
2978.000000	0.480752
2980.000000	0.435029
2982.000000	0.421906
2984.000000	0.407427
2986.000000	0.385618
2988.000000	0.357317
2990.000000	0.312112
2992.000000	0.285939
2994.000000	0.274935
2996.000000	0.229873
2998.000000	0.175702
3000.000000	0.190241
3002.000000	0.202684
3004.000000	0.142648
3006.000000	0.112396
3008.000000	0.119153
3010.000000	0.097517
3012.000000	0.064054
3014.000000	0.074141
3016.000000	0.087786
3018.000000	0.059905
3020.000000	0.033140
3022.000000	0.014016
3024.000000	0.010803
3026.000000	0.013622
3028.000000	0.001354
3030.000000	-0.004102
3032.000000	-0.018353
3034.000000	0.000760
3036.000000	0.002122
3038.000000	0.005125
3040.000000	0.025912
3042.000000	0.013214
3044.000000	-0.006299
3046.000000	0.042866
3048.000000	0.008497
3050.000000	-0.003767
3052.000000	-0.003499
3054.000000	0.019259
3056.000000	0.035741
3058.000000	0.001460
3060.000000	0.030052
3062.000000	0.051440
3064.000000	0.053821
3066.000000	0.036926
3068.000000	0.031326
3070.000000	0.035969
3072.000000	0.042070
3074.000000	0.047693
3076.000000	0.012301
3078.000000	-0.003667
3080.000000	0.001674
3082.000000	0.005661
3084.000000	-0.004069
3086.000000	-0.007380
3088.000000	-0.001640
3090.000000	-0.013819
3092.000000	-0.019009
3094.000000	-0.012033
3096.000000	-0.023856
3098.000000	-0.029751
3100.000000	-0.017411
3102.000000	0.020290
3104.000000	0.027186
3106.000000	-0.037513
3108.000000	-0.015178
3110.000000	0.004583
3112.000000	-0.004213
3114.000000	-0.013003
3116.000000	-0.009474
3118.000000	-0.001496
3120.000000	-0.003211
3122.000000	-0.012444
3124.000000	-0.000845
3126.000000	0.012547
3128.000000	-0.009054
3130.000000	-0.014272
3132.000000	0.001142
3134.000000	-0.008098
3136.000000	-0.015278
3138.000000	0.004846
3140.000000	-0.015066
3142.000000	-0.000994
3144.000000	-0.011070
3146.000000	-0.013367
3148.000000	0.001792
3150.000000	0.011248
3152.000000	0.000404
3154.000000	-0.012861
3156.000000	-0.004445
3158.000000	-0.029909
3160.000000	-0.021644
3162.000000	-0.020005
3164.000000	-0.023047
3166.000000	-0.006336
3168.000000	-0.000073
3170.000000	-0.024026
3172.000000	-0.024871
3174.000000	0.018492
3176.000000	0.022727
3178.000000	0.004162
3180.000000	-0.005253
3182.000000	0.002931
3184.000000	0.013777
3186.000000	0.010111
3188.000000	0.009589
3190.000000	0.022762
3192.000000	-0.000015
3194.000000	-0.001303
3196.000000	-0.003369
3198.000000	0.011775
3200.000000	0.016986
3202.000000	-0.001479
3204.000000	-0.008516
3206.000000	0.005449
3208.000000	0.018442
3210.000000	0.012230
3212.000000	0.007600
3214.000000	-0.004118
3216.000000	-0.016269
3218.000000	0.004863
3220.000000	0.001263
3222.000000	-0.022932
3224.000000	0.002146
3226.000000	-0.002200
3228.000000	-0.007799
3230.000000	-0.001033
3232.000000	0.020889
3234.000000	0.016224
3236.000000	0.004106
3238.000000	0.003625
3240.000000	-0.000962
3242.000000	-0.009063
3244.000000	-0.005047
3246.000000	0.017023
3248.000000	0.016676
3250.000000	0.015664
3252.000000	0.042250
3254.000000	0.010737
3256.000000	0.005399
3258.000000	0.030021
3260.000000	0.004875
3262.000000	0.016104
3264.000000	0.020014
3266.000000	0.032223
3268.000000	0.026422
3270.000000	0.020547
3272.000000	0.036322
3274.000000	0.035089
3276.000000	0.029514
3278.000000	0.040515
3280.000000	0.043215
3282.000000	0.042789
3284.000000	0.028271
3286.000000	0.034456
3288.000000	0.062956
3290.000000	0.060750
3292.000000	0.048175
3294.000000	0.067931
3296.000000	0.075639
3298.000000	0.048860
3300.000000	0.052979
3302.000000	0.080036
3304.000000	0.062413
3306.000000	0.050067
3308.000000	0.061966
3310.000000	0.082692
3312.000000	0.059359
3314.000000	0.065050
3316.000000	0.077531
3318.000000	0.055129
3320.000000	0.056309
3322.000000	0.063750
3324.000000	0.087331
3326.000000	0.050833
3328.000000	0.064287
3330.000000	0.090745
3332.000000	0.094060
3334.000000	0.073438
3336.000000	0.070618
3338.000000	0.077200
3340.000000	0.061884
3342.000000	0.058222
3344.000000	0.060822
3346.000000	0.065702
3348.000000	0.068515
3350.000000	0.087318
3352.000000	0.085091
3354.000000	0.102256
3356.000000	0.079718
3358.000000	0.050169
3360.000000	0.064846
3362.000000	0.058264
3364.000000	0.041711
3366.000000	0.027556
3368.000000	0.042494
3370.000000	0.056857
3372.000000	0.068794
3374.000000	0.061345
3376.000000	0.052464
3378.000000	0.052103
3380.000000	0.039133
3382.000000	0.033283
3384.000000	0.037564
3386.000000	0.030361
3388.000000	0.060723
3390.000000	0.052358
3392.000000	0.030589
3394.000000	0.031749
3396.000000	0.031964
3398.000000	0.036103
3400.000000	0.032439
3402.000000	0.060211
3404.000000	0.068995
3406.000000	0.024455
3408.000000	0.028161
3410.000000	0.038233
3412.000000	0.015847
3414.000000	0.018124
3416.000000	0.018179
3418.000000	0.027982
3420.000000	0.025479
3422.000000	0.010682
3424.000000	0.001332
3426.000000	0.007750
3428.000000	0.017025
3430.000000	0.029729
3432.000000	0.037589
3434.000000	0.012620
3436.000000	0.017362
3438.000000	0.014666
3440.000000	0.012194
3442.000000	0.010911
3444.000000	0.012543
3446.000000	0.015374
3448.000000	-0.001878
3450.000000	-0.002550
3452.000000	0.015415
3454.000000	0.001108
3456.000000	-0.017693
3458.000000	-0.010230
3460.000000	-0.011858
3462.000000	0.005890
3464.000000	0.003326
3466.000000	-0.019187
3468.000000	0.009104
3470.000000	-0.009173
3472.000000	-0.003857
3474.000000	0.016917
3476.000000	-0.000234
3478.000000	-0.013113
3480.000000	-0.008411
3482.000000	-0.003653
3484.000000	0.011122
3486.000000	0.016456
3488.000000	0.003449
3490.000000	-0.006643
3492.000000	-0.017743
3494.000000	-0.009213
3496.000000	-0.002397
3498.000000	-0.004703
3500.000000	-0.013683
3502.000000	-0.003736
3504.000000	-0.004333
3506.000000	-0.007273
3508.000000	-0.001285
3510.000000	-0.015023
3512.000000	0.003316
3514.000000	-0.008001
3516.000000	-0.000250
3518.000000	0.007966
3520.000000	-0.009205
3522.000000	-0.009982
3524.000000	0.008280
3526.000000	-0.000710
3528.000000	0.000251
3530.000000	0.007496
3532.000000	-0.008500
3534.000000	-0.024979
3536.000000	-0.010442
3538.000000	0.009078
3540.000000	-0.005721
3542.000000	-0.014858
3544.000000	-0.017268
3546.000000	0.009781
3548.000000	0.000156
3550.000000	0.000483
3552.000000	-0.006371
3554.000000	-0.009036
3556.000000	-0.005362
3558.000000	-0.015869
3560.000000	-0.007297
3562.000000	-0.008470
3564.000000	-0.016738
3566.000000	0.010858
3568.000000	0.008230
3570.000000	-0.022974
3572.000000	-0.008580
3574.000000	-0.004803
3576.000000	-0.008748
3578.000000	-0.012596
3580.000000	-0.003478
3582.000000	-0.005162
3584.000000	-0.003638
3586.000000	-0.018193
3588.000000	-0.018472
3590.000000	-0.005411
3592.000000	0.002983
3594.000000	0.015761
3596.000000	0.011897
3598.000000	-0.015445
3600.000000	-0.015282
