400.000000	0.009702
401.000000	0.006008
402.000000	0.002770
403.000000	0.000085
404.000000	-0.001953
405.000000	-0.003472
406.000000	-0.005500
407.000000	-0.008594
408.000000	-0.010524
409.000000	-0.008944
410.000000	-0.003841
411.000000	0.003614
412.000000	0.009848
413.000000	0.011580
414.000000	0.009095
415.000000	0.003563
416.000000	-0.003858
417.000000	-0.011257
418.000000	-0.013692
419.000000	-0.007846
420.000000	0.000052
421.000000	0.003698
422.000000	0.006020
423.000000	0.010300
424.000000	0.011987
425.000000	0.006999
426.000000	0.000957
427.000000	-0.000287
428.000000	0.000330
429.000000	-0.001218
430.000000	-0.004538
431.000000	-0.008140
432.000000	-0.010582
433.000000	-0.010847
434.000000	-0.009578
435.000000	-0.007743
436.000000	-0.005959
437.000000	-0.004762
438.000000	-0.004717
439.000000	-0.006024
440.000000	-0.007396
441.000000	-0.007313
442.000000	-0.004827
443.000000	0.000276
444.000000	0.005834
445.000000	0.009517
446.000000	0.010695
447.000000	0.009295
448.000000	0.005784
449.000000	0.000932
450.000000	-0.003809
451.000000	-0.007043
452.000000	-0.008268
453.000000	-0.007558
454.000000	-0.006394
455.000000	-0.006287
456.000000	-0.007456
457.000000	-0.009749
458.000000	-0.012825
459.000000	-0.016078
460.000000	-0.018032
461.000000	-0.017447
462.000000	-0.014909
463.000000	-0.011835
464.000000	-0.011149
465.000000	-0.014910
466.000000	-0.020213
467.000000	-0.023377
468.000000	-0.022573
469.000000	-0.017619
470.000000	-0.013055
471.000000	-0.013226
472.000000	-0.016979
473.000000	-0.021576
474.000000	-0.023437
475.000000	-0.020061
476.000000	-0.014094
477.000000	-0.008973
478.000000	-0.006160
479.000000	-0.006341
480.000000	-0.009077
481.000000	-0.013362
482.000000	-0.017039
483.000000	-0.017894
484.000000	-0.014647
485.000000	-0.007183
486.000000	0.000887
487.000000	0.005841
488.000000	0.007252
489.000000	0.005769
490.000000	0.003048
491.000000	0.000580
492.000000	-0.001822
493.000000	-0.004617
494.000000	-0.007683
495.000000	-0.010568
496.000000	-0.012080
497.000000	-0.011328
498.000000	-0.009367
499.000000	-0.007644
500.000000	-0.007236
501.000000	-0.008311
502.000000	-0.007772
503.000000	-0.002745
504.000000	0.005490
505.000000	0.014146
506.000000	0.018561
507.000000	0.015362
508.000000	0.008197
509.000000	0.001831
510.000000	-0.001528
511.000000	-0.001205
512.000000	-0.000115
513.000000	-0.001041
514.000000	-0.002660
515.000000	-0.002715
516.000000	0.000695
517.000000	0.008331
518.000000	0.016761
519.000000	0.022190
520.000000	0.023564
521.000000	0.020793
522.000000	0.014906
523.000000	0.007459
524.000000	0.000999
525.000000	-0.002051
526.000000	-0.000758
527.000000	0.004771
528.000000	0.011763
529.000000	0.017392
530.000000	0.021291
531.000000	0.023752
532.000000	0.025242
533.000000	0.025986
534.000000	0.025060
535.000000	0.021629
536.000000	0.016374
537.000000	0.010588
538.000000	0.006511
539.000000	0.005700
540.000000	0.006039
541.000000	0.004902
542.000000	0.001283
543.000000	-0.004061
544.000000	-0.004945
545.000000	0.003158
546.000000	0.012728
547.000000	0.015904
548.000000	0.015518
549.000000	0.016103
550.000000	0.018307
551.000000	0.021159
552.000000	0.021097
553.000000	0.015487
554.000000	0.008001
555.000000	0.002838
556.000000	-0.000018
557.000000	-0.001440
558.000000	-0.001528
559.000000	-0.000348
560.000000	0.001403
561.000000	0.002975
562.000000	0.004034
563.000000	0.004382
564.000000	0.003955
565.000000	0.002997
566.000000	0.002843
567.000000	0.004617
568.000000	0.007515
569.000000	0.009994
570.000000	0.009482
571.000000	0.004329
572.000000	-0.002382
573.000000	-0.006990
574.000000	-0.008242
575.000000	-0.006366
576.000000	-0.005105
577.000000	-0.007790
578.000000	-0.012601
579.000000	-0.016574
580.000000	-0.017326
581.000000	-0.013749
582.000000	-0.009261
583.000000	-0.007522
584.000000	-0.008627
585.000000	-0.011623
586.000000	-0.014928
587.000000	-0.016601
588.000000	-0.013878
589.000000	-0.005679
590.000000	0.001530
591.000000	0.001975
592.000000	0.000209
593.000000	0.000905
594.000000	-0.001112
595.000000	-0.010455
596.000000	-0.019650
597.000000	-0.020929
598.000000	-0.017449
599.000000	-0.014121
600.000000	-0.011952
601.000000	-0.010979
602.000000	-0.011252
603.000000	-0.012494
604.000000	-0.013091
605.000000	-0.011542
606.000000	-0.008125
607.000000	-0.003940
608.000000	-0.001607
609.000000	-0.003410
610.000000	-0.008779
611.000000	-0.016384
612.000000	-0.024710
613.000000	-0.031891
614.000000	-0.034858
615.000000	-0.031369
616.000000	-0.023708
617.000000	-0.015335
618.000000	-0.009903
619.000000	-0.009785
620.000000	-0.012033
621.000000	-0.013131
622.000000	-0.012603
623.000000	-0.011088
624.000000	-0.010643
625.000000	-0.012689
626.000000	-0.014698
627.000000	-0.013747
628.000000	-0.009282
629.000000	-0.002230
630.000000	0.002937
631.000000	0.002329
632.000000	-0.002077
633.000000	-0.006959
634.000000	-0.009491
635.000000	-0.007786
636.000000	-0.003229
637.000000	0.002251
638.000000	0.007828
639.000000	0.012989
640.000000	0.017364
641.000000	0.020546
642.000000	0.021834
643.000000	0.020631
644.000000	0.017049
645.000000	0.011502
646.000000	0.004894
647.000000	-0.001643
648.000000	-0.006569
649.000000	-0.008522
650.000000	-0.007274
651.000000	-0.003556
652.000000	-0.000816
653.000000	-0.002168
654.000000	-0.006694
655.000000	-0.012411
656.000000	-0.017130
657.000000	-0.019090
658.000000	-0.018464
659.000000	-0.015913
660.000000	-0.012117
661.000000	-0.007792
662.000000	-0.003773
663.000000	-0.000728
664.000000	0.001454
665.000000	0.003282
666.000000	0.006060
667.000000	0.010514
668.000000	0.014251
669.000000	0.015328
670.000000	0.016723
671.000000	0.020381
672.000000	0.019195
673.000000	0.007421
674.000000	-0.006189
675.000000	-0.012022
676.000000	-0.011531
677.000000	-0.008872
678.000000	-0.007954
679.000000	-0.011239
680.000000	-0.015640
681.000000	-0.017526
682.000000	-0.016639
683.000000	-0.013912
684.000000	-0.011676
685.000000	-0.011932
686.000000	-0.013977
687.000000	-0.016540
688.000000	-0.018796
689.000000	-0.020041
690.000000	-0.019624
691.000000	-0.017308
692.000000	-0.014460
693.000000	-0.012634
694.000000	-0.012519
695.000000	-0.013800
696.000000	-0.013015
697.000000	-0.007084
698.000000	0.002391
699.000000	0.012536
700.000000	0.020070
701.000000	0.022231
702.000000	0.018744
703.000000	0.010379
704.000000	-0.000404
705.000000	-0.010431
706.000000	-0.015354
707.000000	-0.012369
708.000000	-0.006005
709.000000	-0.001703
710.000000	-0.001206
711.000000	-0.004309
712.000000	-0.006703
713.000000	-0.004735
714.000000	-0.001479
715.000000	-0.001080
716.000000	-0.005255
717.000000	-0.013361
718.000000	-0.017749
719.000000	-0.011617
720.000000	0.001456
721.000000	0.015282
722.000000	0.023616
723.000000	0.022534
724.000000	0.017440
725.000000	0.014699
726.000000	0.015185
727.000000	0.018003
728.000000	0.020667
729.000000	0.020777
730.000000	0.017865
731.000000	0.012207
732.000000	0.005127
733.000000	-0.001408
734.000000	-0.003903
735.000000	0.000101
736.000000	0.007391
737.000000	0.013912
738.000000	0.017912
739.000000	0.019324
740.000000	0.022509
741.000000	0.031474
742.000000	0.044388
743.000000	0.058020
744.000000	0.069373
745.000000	0.076885
746.000000	0.084481
747.000000	0.095369
748.000000	0.104390
749.000000	0.106709
750.000000	0.107164
751.000000	0.110315
752.000000	0.109939
753.000000	0.100066
754.000000	0.086531
755.000000	0.075556
756.000000	0.063123
757.000000	0.045122
758.000000	0.027322
759.000000	0.016497
760.000000	0.013576
761.000000	0.017041
762.000000	0.021437
763.000000	0.021818
764.000000	0.019226
765.000000	0.015981
766.000000	0.013529
767.000000	0.012488
768.000000	0.011028
769.000000	0.007525
770.000000	0.003638
771.000000	0.001694
772.000000	0.003424
773.000000	0.009185
774.000000	0.014432
775.000000	0.014750
776.000000	0.011133
777.000000	0.006217
778.000000	0.003789
779.000000	0.006510
780.000000	0.011381
781.000000	0.014791
782.000000	0.016336
783.000000	0.016830
784.000000	0.018738
785.000000	0.023793
786.000000	0.029138
787.000000	0.031372
788.000000	0.029496
789.000000	0.023700
790.000000	0.016542
791.000000	0.010695
792.000000	0.006940
793.000000	0.005472
794.000000	0.006027
795.000000	0.007959
796.000000	0.009539
797.000000	0.009187
798.000000	0.007010
799.000000	0.003575
800.000000	-0.000406
801.000000	-0.004189
802.000000	-0.007063
803.000000	-0.008538
804.000000	-0.008990
805.000000	-0.009036
806.000000	-0.009387
807.000000	-0.010286
808.000000	-0.010005
809.000000	-0.006869
810.000000	-0.001393
811.000000	0.005142
812.000000	0.010567
813.000000	0.013026
814.000000	0.012793
815.000000	0.010721
816.000000	0.007839
817.000000	0.005356
818.000000	0.005007
819.000000	0.007830
820.000000	0.011536
821.000000	0.013451
822.000000	0.012670
823.000000	0.009331
824.000000	0.005958
825.000000	0.005230
826.000000	0.008044
827.000000	0.014566
828.000000	0.023808
829.000000	0.033657
830.000000	0.038638
831.000000	0.034106
832.000000	0.022093
833.000000	0.006418
834.000000	-0.008625
835.000000	-0.018848
836.000000	-0.020959
837.000000	-0.013340
838.000000	-0.000182
839.000000	0.012677
840.000000	0.018604
841.000000	0.013426
842.000000	0.003601
843.000000	-0.003241
844.000000	-0.005418
845.000000	-0.003299
846.000000	0.000500
847.000000	0.003469
848.000000	0.005782
849.000000	0.008156
850.000000	0.010800
851.000000	0.013810
852.000000	0.017328
853.000000	0.021051
854.000000	0.022843
855.000000	0.020703
856.000000	0.015010
857.000000	0.007565
858.000000	0.003464
859.000000	0.006915
860.000000	0.015274
861.000000	0.024434
862.000000	0.031302
863.000000	0.033390
864.000000	0.029630
865.000000	0.020287
866.000000	0.009555
867.000000	0.002211
868.000000	0.001441
869.000000	0.008397
870.000000	0.017677
871.000000	0.023562
872.000000	0.025634
873.000000	0.024915
874.000000	0.022903
875.000000	0.020625
876.000000	0.016745
877.000000	0.009993
878.000000	0.001707
879.000000	-0.006026
880.000000	-0.010747
881.000000	-0.010837
882.000000	-0.008400
883.000000	-0.005845
884.000000	-0.003072
885.000000	0.000900
886.000000	0.008080
887.000000	0.018909
888.000000	0.026548
889.000000	0.024332
890.000000	0.013587
891.000000	-0.000949
892.000000	-0.008869
893.000000	-0.002099
894.000000	0.012444
895.000000	0.025322
896.000000	0.031994
897.000000	0.030137
898.000000	0.021395
899.000000	0.008731
900.000000	-0.003570
901.000000	-0.011503
902.000000	-0.013489
903.000000	-0.009627
904.000000	-0.004298
905.000000	-0.001606
906.000000	-0.000254
907.000000	0.002042
908.000000	0.006110
909.000000	0.011295
910.000000	0.012469
911.000000	0.005652
912.000000	-0.004079
913.000000	-0.009918
914.000000	-0.007204
915.000000	0.005859
916.000000	0.021745
917.000000	0.032497
918.000000	0.037752
919.000000	0.039187
920.000000	0.039031
921.000000	0.038829
922.000000	0.036843
923.000000	0.031514
924.000000	0.025299
925.000000	0.021621
926.000000	0.023762
927.000000	0.032911
928.000000	0.042018
929.000000	0.043961
930.000000	0.039580
931.000000	0.032220
932.000000	0.027305
933.000000	0.029162
934.000000	0.035674
935.000000	0.043324
936.000000	0.049456
937.000000	0.051680
938.000000	0.047800
939.000000	0.037185
940.000000	0.025254
941.000000	0.017865
942.000000	0.016567
943.000000	0.021206
944.000000	0.029129
945.000000	0.036887
946.000000	0.040365
947.000000	0.036416
948.000000	0.026443
949.000000	0.014115
950.000000	0.007607
951.000000	0.013155
952.000000	0.024738
953.000000	0.034317
954.000000	0.038053
955.000000	0.034037
956.000000	0.023901
957.000000	0.011096
958.000000	0.002823
959.000000	0.005627
960.000000	0.019673
961.000000	0.040827
962.000000	0.054137
963.000000	0.047525
964.000000	0.031231
965.000000	0.019287
966.000000	0.018575
967.000000	0.030387
968.000000	0.040806
969.000000	0.037244
970.000000	0.027650
971.000000	0.023666
972.000000	0.031174
973.000000	0.050544
974.000000	0.065864
975.000000	0.062464
976.000000	0.046914
977.000000	0.030441
978.000000	0.021646
979.000000	0.025377
980.000000	0.034088
981.000000	0.039400
982.000000	0.041995
983.000000	0.044685
984.000000	0.049736
985.000000	0.058148
986.000000	0.066414
987.000000	0.070764
988.000000	0.070877
989.000000	0.067446
990.000000	0.061765
991.000000	0.055323
992.000000	0.049798
993.000000	0.046745
994.000000	0.047053
995.000000	0.051271
996.000000	0.059262
997.000000	0.070071
998.000000	0.080144
999.000000	0.086266
1000.000000	0.089167
1001.000000	0.090955
1002.000000	0.095305
1003.000000	0.104228
1004.000000	0.111509
1005.000000	0.111621
1006.000000	0.110024
1007.000000	0.111676
1008.000000	0.108540
1009.000000	0.093146
1010.000000	0.073297
1011.000000	0.058381
1012.000000	0.048845
1013.000000	0.042837
1014.000000	0.038239
1015.000000	0.033381
1016.000000	0.028636
1017.000000	0.024822
1018.000000	0.022481
1019.000000	0.022059
1020.000000	0.023903
1021.000000	0.027507
1022.000000	0.029066
1023.000000	0.025207
1024.000000	0.017598
1025.000000	0.009643
1026.000000	0.006655
1027.000000	0.012080
1028.000000	0.019985
1029.000000	0.023863
1030.000000	0.024303
1031.000000	0.024346
1032.000000	0.029749
1033.000000	0.043833
1034.000000	0.057448
1035.000000	0.060681
1036.000000	0.053028
1037.000000	0.037419
1038.000000	0.021107
1039.000000	0.011039
1040.000000	0.008613
1041.000000	0.013253
1042.000000	0.022043
1043.000000	0.031096
1044.000000	0.034991
1045.000000	0.030209
1046.000000	0.022385
1047.000000	0.018261
1048.000000	0.019873
1049.000000	0.027446
1050.000000	0.038683
1051.000000	0.050644
1052.000000	0.060344
1053.000000	0.065408
1054.000000	0.065937
1055.000000	0.063099
1056.000000	0.059845
1057.000000	0.058652
1058.000000	0.058305
1059.000000	0.057138
1060.000000	0.055381
1061.000000	0.053993
1062.000000	0.054960
1063.000000	0.059542
1064.000000	0.065066
1065.000000	0.068566
1066.000000	0.069826
1067.000000	0.069770
1068.000000	0.071133
1069.000000	0.075561
1070.000000	0.078546
1071.000000	0.075527
1072.000000	0.067881
1073.000000	0.059386
1074.000000	0.057501
1075.000000	0.067405
1076.000000	0.081498
1077.000000	0.090875
1078.000000	0.094206
1079.000000	0.093213
1080.000000	0.094252
1081.000000	0.101566
1082.000000	0.106320
1083.000000	0.099161
1084.000000	0.081754
1085.000000	0.060074
1086.000000	0.046322
1087.000000	0.050004
1088.000000	0.063620
1089.000000	0.077020
1090.000000	0.086469
1091.000000	0.090687
1092.000000	0.091795
1093.000000	0.091455
1094.000000	0.086085
1095.000000	0.072503
1096.000000	0.054370
1097.000000	0.037842
1098.000000	0.032208
1099.000000	0.043918
1100.000000	0.064938
1101.000000	0.084915
1102.000000	0.098715
1103.000000	0.103166
1104.000000	0.097724
1105.000000	0.084126
1106.000000	0.070600
1107.000000	0.065137
1108.000000	0.068305
1109.000000	0.077926
1110.000000	0.088282
1111.000000	0.093597
1112.000000	0.091413
1113.000000	0.081169
1114.000000	0.066563
1115.000000	0.052757
1116.000000	0.046514
1117.000000	0.052297
1118.000000	0.063773
1119.000000	0.073318
1120.000000	0.078957
1121.000000	0.080637
1122.000000	0.080358
1123.000000	0.080331
1124.000000	0.081558
1125.000000	0.084858
1126.000000	0.091541
1127.000000	0.102845
1128.000000	0.119237
1129.000000	0.138748
1130.000000	0.150432
1131.000000	0.144388
1132.000000	0.123884
1133.000000	0.096167
1134.000000	0.071240
1135.000000	0.056907
1136.000000	0.049413
1137.000000	0.043206
1138.000000	0.037096
1139.000000	0.031115
1140.000000	0.025806
1141.000000	0.021331
1142.000000	0.015815
1143.000000	0.007932
1144.000000	0.000603
1145.000000	-0.002401
1146.000000	0.001846
1147.000000	0.013926
1148.000000	0.025884
1149.000000	0.029838
1150.000000	0.026723
1151.000000	0.019848
1152.000000	0.013203
1153.000000	0.010128
1154.000000	0.010672
1155.000000	0.014034
1156.000000	0.019290
1157.000000	0.025403
1158.000000	0.030995
1159.000000	0.034301
1160.000000	0.032336
1161.000000	0.023352
1162.000000	0.011755
1163.000000	0.003004
1164.000000	0.000611
1165.000000	0.005926
1166.000000	0.013604
1167.000000	0.017981
1168.000000	0.018828
1169.000000	0.017348
1170.000000	0.015043
1171.000000	0.013620
1172.000000	0.015324
1173.000000	0.021415
1174.000000	0.028695
1175.000000	0.033294
1176.000000	0.033126
1177.000000	0.027298
1178.000000	0.017898
1179.000000	0.007666
1180.000000	-0.001050
1181.000000	-0.006390
1182.000000	-0.008068
1183.000000	-0.006742
1184.000000	-0.005261
1185.000000	-0.006044
1186.000000	-0.007597
1187.000000	-0.007890
1188.000000	-0.006653
1189.000000	-0.004428
1190.000000	-0.003234
1191.000000	-0.005019
1192.000000	-0.009957
1193.000000	-0.017410
1194.000000	-0.025260
1195.000000	-0.030770
1196.000000	-0.030217
1197.000000	-0.021141
1198.000000	-0.007132
1199.000000	0.007159
1200.000000	0.018883
1201.000000	0.025943
1202.000000	0.027434
1203.000000	0.023871
1204.000000	0.020254
1205.000000	0.021507
1206.000000	0.027763
1207.000000	0.037514
1208.000000	0.047477
1209.000000	0.054330
1210.000000	0.056364
1211.000000	0.053067
1212.000000	0.047094
1213.000000	0.041922
1214.000000	0.041134
1215.000000	0.046589
1216.000000	0.053141
1217.000000	0.055610
1218.000000	0.055696
1219.000000	0.056758
1220.000000	0.061902
1221.000000	0.072937
1222.000000	0.086743
1223.000000	0.099038
1224.000000	0.105836
1225.000000	0.103967
1226.000000	0.093231
1227.000000	0.076336
1228.000000	0.064652
1229.000000	0.068069
1230.000000	0.081896
1231.000000	0.098192
1232.000000	0.110594
1233.000000	0.114195
1234.000000	0.108322
1235.000000	0.094714
1236.000000	0.080516
1237.000000	0.072968
1238.000000	0.074272
1239.000000	0.083557
1240.000000	0.092702
1241.000000	0.094202
1242.000000	0.090277
1243.000000	0.085078
1244.000000	0.080762
1245.000000	0.078632
1246.000000	0.078566
1247.000000	0.079822
1248.000000	0.080611
1249.000000	0.079326
1250.000000	0.076140
1251.000000	0.071948
1252.000000	0.068737
1253.000000	0.067820
1254.000000	0.066711
1255.000000	0.062944
1256.000000	0.057932
1257.000000	0.054219
1258.000000	0.054985
1259.000000	0.062082
1260.000000	0.071407
1261.000000	0.078139
1262.000000	0.080552
1263.000000	0.078027
1264.000000	0.071279
1265.000000	0.062371
1266.000000	0.057431
1267.000000	0.061207
1268.000000	0.068867
1269.000000	0.073732
1270.000000	0.071328
1271.000000	0.060405
1272.000000	0.050422
1273.000000	0.050521
1274.000000	0.057886
1275.000000	0.067049
1276.000000	0.073904
1277.000000	0.075524
1278.000000	0.072337
1279.000000	0.065895
1280.000000	0.058896
1281.000000	0.053959
1282.000000	0.052260
1283.000000	0.054159
1284.000000	0.058209
1285.000000	0.062705
1286.000000	0.066706
1287.000000	0.069739
1288.000000	0.072426
1289.000000	0.075874
1290.000000	0.082039
1291.000000	0.091461
1292.000000	0.098174
1293.000000	0.096656
1294.000000	0.089676
1295.000000	0.082583
1296.000000	0.082743
1297.000000	0.094983
1298.000000	0.111946
1299.000000	0.125242
1300.000000	0.134520
1301.000000	0.141610
1302.000000	0.149036
1303.000000	0.158183
1304.000000	0.165197
1305.000000	0.166621
1306.000000	0.165816
1307.000000	0.167326
1308.000000	0.173591
1309.000000	0.184930
1310.000000	0.195263
1311.000000	0.198432
1312.000000	0.194363
1313.000000	0.184792
1314.000000	0.172620
1315.000000	0.161499
1316.000000	0.156934
1317.000000	0.162107
1318.000000	0.169051
1319.000000	0.169014
1320.000000	0.161260
1321.000000	0.148591
1322.000000	0.139942
1323.000000	0.142299
1324.000000	0.148730
1325.000000	0.150659
1326.000000	0.146854
1327.000000	0.138587
1328.000000	0.129801
1329.000000	0.124711
1330.000000	0.125956
1331.000000	0.134700
1332.000000	0.147785
1333.000000	0.161010
1334.000000	0.170333
1335.000000	0.173233
1336.000000	0.173123
1337.000000	0.173951
1338.000000	0.175866
1339.000000	0.177929
1340.000000	0.178636
1341.000000	0.176011
1342.000000	0.166758
1343.000000	0.149293
1344.000000	0.130217
1345.000000	0.117029
1346.000000	0.112656
1347.000000	0.117526
1348.000000	0.126662
1349.000000	0.134307
1350.000000	0.137009
1351.000000	0.132912
1352.000000	0.124250
1353.000000	0.114853
1354.000000	0.110858
1355.000000	0.116231
1356.000000	0.123959
1357.000000	0.126375
1358.000000	0.124159
1359.000000	0.120382
1360.000000	0.119313
1361.000000	0.123451
1362.000000	0.127012
1363.000000	0.124136
1364.000000	0.116930
1365.000000	0.109278
1366.000000	0.104188
1367.000000	0.103229
1368.000000	0.103071
1369.000000	0.100083
1370.000000	0.094318
1371.000000	0.086854
1372.000000	0.079197
1373.000000	0.073160
1374.000000	0.071363
1375.000000	0.075102
1376.000000	0.079557
1377.000000	0.079880
1378.000000	0.077228
1379.000000	0.075077
1380.000000	0.080181
1381.000000	0.096524
1382.000000	0.113724
1383.000000	0.120589
1384.000000	0.117060
1385.000000	0.106498
1386.000000	0.094829
1387.000000	0.087103
1388.000000	0.082308
1389.000000	0.078511
1390.000000	0.076159
1391.000000	0.076144
1392.000000	0.078773
1393.000000	0.084023
1394.000000	0.091150
1395.000000	0.098679
1396.000000	0.102946
1397.000000	0.100763
1398.000000	0.093049
1399.000000	0.082979
1400.000000	0.078659
1401.000000	0.085742
1402.000000	0.095149
1403.000000	0.096622
1404.000000	0.089928
1405.000000	0.078452
1406.000000	0.070027
1407.000000	0.070241
1408.000000	0.071257
1409.000000	0.064765
1410.000000	0.053983
1411.000000	0.044880
1412.000000	0.042905
1413.000000	0.050275
1414.000000	0.056800
1415.000000	0.052698
1416.000000	0.042215
1417.000000	0.032478
1418.000000	0.028113
1419.000000	0.031555
1420.000000	0.038990
1421.000000	0.045848
1422.000000	0.050787
1423.000000	0.053443
1424.000000	0.054127
1425.000000	0.053467
1426.000000	0.052685
1427.000000	0.053498
1428.000000	0.059009
1429.000000	0.071108
1430.000000	0.085441
1431.000000	0.096129
1432.000000	0.097444
1433.000000	0.086484
1434.000000	0.071498
1435.000000	0.061892
1436.000000	0.060557
1437.000000	0.068059
1438.000000	0.082173
1439.000000	0.098756
1440.000000	0.108794
1441.000000	0.105885
1442.000000	0.098960
1443.000000	0.098745
1444.000000	0.107829
1445.000000	0.124794
1446.000000	0.140341
1447.000000	0.146436
1448.000000	0.147972
1449.000000	0.151309
1450.000000	0.155731
1451.000000	0.158504
1452.000000	0.155893
1453.000000	0.146285
1454.000000	0.137540
1455.000000	0.137394
1456.000000	0.143604
1457.000000	0.151498
1458.000000	0.156657
1459.000000	0.155577
1460.000000	0.148151
1461.000000	0.136037
1462.000000	0.124544
1463.000000	0.118593
1464.000000	0.117915
1465.000000	0.119671
1466.000000	0.115945
1467.000000	0.101148
1468.000000	0.084082
1469.000000	0.074789
1470.000000	0.073897
1471.000000	0.078951
1472.000000	0.084591
1473.000000	0.086001
1474.000000	0.083436
1475.000000	0.078172
1476.000000	0.070497
1477.000000	0.060679
1478.000000	0.049906
1479.000000	0.039943
1480.000000	0.033945
1481.000000	0.034414
1482.000000	0.039857
1483.000000	0.047623
1484.000000	0.054421
1485.000000	0.056826
1486.000000	0.051511
1487.000000	0.037051
1488.000000	0.019533
1489.000000	0.005677
1490.000000	-0.002786
1491.000000	-0.005825
1492.000000	-0.005224
1493.000000	-0.003272
1494.000000	-0.002454
1495.000000	-0.004294
1496.000000	-0.006279
1497.000000	-0.005497
1498.000000	-0.001490
1499.000000	0.004224
1500.000000	0.004666
1501.000000	-0.005324
1502.000000	-0.018174
1503.000000	-0.024881
1504.000000	-0.023459
1505.000000	-0.014740
1506.000000	-0.003825
1507.000000	0.003542
1508.000000	0.003308
1509.000000	-0.006425
1510.000000	-0.020626
1511.000000	-0.032820
1512.000000	-0.037692
1513.000000	-0.032781
1514.000000	-0.025878
1515.000000	-0.024634
1516.000000	-0.025877
1517.000000	-0.024577
1518.000000	-0.019097
1519.000000	-0.009706
1520.000000	-0.000907
1521.000000	0.003133
1522.000000	0.003829
1523.000000	0.003571
1524.000000	0.003080
1525.000000	0.002566
1526.000000	0.001873
1527.000000	0.001391
1528.000000	0.004048
1529.000000	0.011864
1530.000000	0.020689
1531.000000	0.025481
1532.000000	0.023797
1533.000000	0.015418
1534.000000	0.006413
1535.000000	0.002749
1536.000000	0.003695
1537.000000	0.006900
1538.000000	0.010232
1539.000000	0.011730
1540.000000	0.009894
1541.000000	0.004665
1542.000000	0.001293
1543.000000	0.004776
1544.000000	0.013791
1545.000000	0.025329
1546.000000	0.035950
1547.000000	0.042887
1548.000000	0.046506
1549.000000	0.048063
1550.000000	0.049262
1551.000000	0.051726
1552.000000	0.056325
1553.000000	0.063472
1554.000000	0.072507
1555.000000	0.082104
1556.000000	0.089337
1557.000000	0.091460
1558.000000	0.088037
1559.000000	0.079562
1560.000000	0.067944
1561.000000	0.055857
1562.000000	0.047609
1563.000000	0.046698
1564.000000	0.051748
1565.000000	0.060203
1566.000000	0.069650
1567.000000	0.077985
1568.000000	0.084199
1569.000000	0.088026
1570.000000	0.091088
1571.000000	0.094934
1572.000000	0.098945
1573.000000	0.101887
1574.000000	0.102230
1575.000000	0.099392
1576.000000	0.096892
1577.000000	0.098460
1578.000000	0.104585
1579.000000	0.114654
1580.000000	0.126904
1581.000000	0.138964
1582.000000	0.147199
1583.000000	0.149079
1584.000000	0.147761
1585.000000	0.146732
1586.000000	0.145107
1587.000000	0.140606
1588.000000	0.129728
1589.000000	0.111303
1590.000000	0.094701
1591.000000	0.089017
1592.000000	0.091698
1593.000000	0.097364
1594.000000	0.100978
1595.000000	0.098676
1596.000000	0.090939
1597.000000	0.080094
1598.000000	0.071500
1599.000000	0.070072
1600.000000	0.075900
1601.000000	0.087131
1602.000000	0.098944
1603.000000	0.106592
1604.000000	0.108573
1605.000000	0.105035
1606.000000	0.099469
1607.000000	0.095742
1608.000000	0.095887
1609.000000	0.100075
1610.000000	0.102872
1611.000000	0.098997
1612.000000	0.089395
1613.000000	0.076698
1614.000000	0.064075
1615.000000	0.054731
1616.000000	0.051488
1617.000000	0.055942
1618.000000	0.065176
1619.000000	0.075397
1620.000000	0.083812
1621.000000	0.088201
1622.000000	0.087636
1623.000000	0.082011
1624.000000	0.073209
1625.000000	0.063608
1626.000000	0.055572
1627.000000	0.051006
1628.000000	0.049997
1629.000000	0.051897
1630.000000	0.054926
1631.000000	0.057126
1632.000000	0.056950
1633.000000	0.053816
1634.000000	0.050588
1635.000000	0.050496
1636.000000	0.054784
1637.000000	0.062791
1638.000000	0.068208
1639.000000	0.065897
1640.000000	0.061035
1641.000000	0.060016
1642.000000	0.063769
1643.000000	0.071177
1644.000000	0.078393
1645.000000	0.082507
1646.000000	0.087069
1647.000000	0.095566
1648.000000	0.104761
1649.000000	0.110354
1650.000000	0.110520
1651.000000	0.105502
1652.000000	0.101347
1653.000000	0.103543
1654.000000	0.109551
1655.000000	0.115763
1656.000000	0.122327
1657.000000	0.130456
1658.000000	0.141873
1659.000000	0.155818
1660.000000	0.161080
1661.000000	0.148933
1662.000000	0.131042
1663.000000	0.121855
1664.000000	0.126568
1665.000000	0.143956
1666.000000	0.156375
1667.000000	0.149365
1668.000000	0.137623
1669.000000	0.138104
1670.000000	0.147630
1671.000000	0.157373
1672.000000	0.156037
1673.000000	0.136834
1674.000000	0.113480
1675.000000	0.101046
1676.000000	0.099519
1677.000000	0.105105
1678.000000	0.113976
1679.000000	0.122637
1680.000000	0.128950
1681.000000	0.130709
1682.000000	0.124076
1683.000000	0.107103
1684.000000	0.087035
1685.000000	0.072718
1686.000000	0.070220
1687.000000	0.081202
1688.000000	0.092491
1689.000000	0.091405
1690.000000	0.082067
1691.000000	0.071917
1692.000000	0.064847
1693.000000	0.063099
1694.000000	0.065869
1695.000000	0.070430
1696.000000	0.069418
1697.000000	0.057558
1698.000000	0.042580
1699.000000	0.033263
1700.000000	0.029585
1701.000000	0.029330
1702.000000	0.030322
1703.000000	0.030853
1704.000000	0.031059
1705.000000	0.031400
1706.000000	0.031796
1707.000000	0.032111
1708.000000	0.032533
1709.000000	0.033142
1710.000000	0.033270
1711.000000	0.032731
1712.000000	0.034007
1713.000000	0.037765
1714.000000	0.034744
1715.000000	0.018471
1716.000000	0.003556
1717.000000	0.003616
1718.000000	0.007205
1719.000000	0.001333
1720.000000	-0.008112
1721.000000	-0.011745
1722.000000	-0.005088
1723.000000	0.011529
1724.000000	0.023435
1725.000000	0.017492
1726.000000	0.001034
1727.000000	-0.014899
1728.000000	-0.024905
1729.000000	-0.026130
1730.000000	-0.020271
1731.000000	-0.010407
1732.000000	-0.000599
1733.000000	0.005819
1734.000000	0.009399
1735.000000	0.011529
1736.000000	0.013053
1737.000000	0.014203
1738.000000	0.013296
1739.000000	0.008849
1740.000000	0.002084
1741.000000	-0.005170
1742.000000	-0.011369
1743.000000	-0.015224
1744.000000	-0.016193
1745.000000	-0.014449
1746.000000	-0.012278
1747.000000	-0.011691
1748.000000	-0.011485
1749.000000	-0.010177
1750.000000	-0.008360
1751.000000	-0.007391
1752.000000	-0.009591
1753.000000	-0.016008
1754.000000	-0.021638
1755.000000	-0.021465
1756.000000	-0.016489
1757.000000	-0.009234
1758.000000	-0.002312
1759.000000	0.002093
1760.000000	0.003588
1761.000000	0.002324
1762.000000	-0.001167
1763.000000	-0.006034
1764.000000	-0.010515
1765.000000	-0.012860
1766.000000	-0.012263
1767.000000	-0.009050
1768.000000	-0.007135
1769.000000	-0.009970
1770.000000	-0.015559
1771.000000	-0.020791
1772.000000	-0.023539
1773.000000	-0.022300
1774.000000	-0.017085
1775.000000	-0.008688
1776.000000	0.000485
1777.000000	0.007516
1778.000000	0.009050
1779.000000	0.002690
1780.000000	-0.009698
1781.000000	-0.023977
1782.000000	-0.031177
1783.000000	-0.024493
1784.000000	-0.010602
1785.000000	0.001842
1786.000000	0.009772
1787.000000	0.012008
1788.000000	0.009329
1789.000000	0.002872
1790.000000	-0.006767
1791.000000	-0.018251
1792.000000	-0.026741
1793.000000	-0.027835
1794.000000	-0.022391
1795.000000	-0.013125
1796.000000	-0.004937
1797.000000	-0.001760
1798.000000	-0.001469
1799.000000	-0.001179
1800.000000	-0.001016
1801.000000	-0.001651
1802.000000	-0.002929
1803.000000	-0.004320
1804.000000	-0.004630
1805.000000	-0.002732
1806.000000	0.001566
1807.000000	0.007712
1808.000000	0.013114
1809.000000	0.015048
1810.000000	0.012305
1811.000000	0.004882
1812.000000	-0.003926
1813.000000	-0.010515
1814.000000	-0.013338
1815.000000	-0.011809
1816.000000	-0.007130
1817.000000	-0.001071
1818.000000	0.004107
1819.000000	0.006211
1820.000000	0.003823
1821.000000	-0.003173
1822.000000	-0.010453
1823.000000	-0.013557
1824.000000	-0.011908
1825.000000	-0.006486
1826.000000	-0.000614
1827.000000	0.002489
1828.000000	0.002367
1829.000000	-0.000164
1830.000000	-0.001957
1831.000000	-0.000109
1832.000000	0.004964
1833.000000	0.011208
1834.000000	0.013322
1835.000000	0.007459
1836.000000	-0.001164
1837.000000	-0.006480
1838.000000	-0.008088
1839.000000	-0.007175
1840.000000	-0.005630
1841.000000	-0.005419
1842.000000	-0.008126
1843.000000	-0.013521
1844.000000	-0.014510
1845.000000	-0.005318
1846.000000	0.007699
1847.000000	0.015704
1848.000000	0.012059
1849.000000	-0.004908
1850.000000	-0.019206
1851.000000	-0.016341
1852.000000	-0.005474
1853.000000	0.000926
1854.000000	0.000817
1855.000000	-0.004207
1856.000000	-0.008422
1857.000000	-0.007295
1858.000000	-0.005195
1859.000000	-0.006695
1860.000000	-0.008297
1861.000000	-0.005625
1862.000000	0.001125
1863.000000	0.009913
1864.000000	0.015883
1865.000000	0.015014
1866.000000	0.009449
1867.000000	0.002713
1868.000000	-0.002303
1869.000000	-0.003401
1870.000000	-0.000536
1871.000000	0.005269
1872.000000	0.010862
1873.000000	0.013029
1874.000000	0.010441
1875.000000	0.003210
1876.000000	-0.004685
1877.000000	-0.008954
1878.000000	-0.007940
1879.000000	-0.002015
1880.000000	0.002973
1881.000000	0.001999
1882.000000	-0.001196
1883.000000	-0.001928
1884.000000	-0.000508
1885.000000	0.001432
1886.000000	0.001975
1887.000000	-0.000344
1888.000000	-0.004906
1889.000000	-0.009877
1890.000000	-0.010661
1891.000000	-0.003762
1892.000000	0.007142
1893.000000	0.016621
1894.000000	0.019408
1895.000000	0.012687
1896.000000	0.003280
1897.000000	-0.001248
1898.000000	0.000000
1899.000000	0.005591
1900.000000	0.011444
1901.000000	0.013113
1902.000000	0.007351
1903.000000	-0.005859
1904.000000	-0.014816
1905.000000	-0.009383
1906.000000	0.002601
1907.000000	0.010763
1908.000000	0.012561
1909.000000	0.008741
1910.000000	0.005355
1911.000000	0.007147
1912.000000	0.008322
1913.000000	0.003006
1914.000000	-0.004450
1915.000000	-0.008205
1916.000000	-0.006692
1917.000000	-0.000415
1918.000000	0.006112
1919.000000	0.008615
1920.000000	0.007797
1921.000000	0.005594
1922.000000	0.003899
1923.000000	0.004202
1924.000000	0.006419
1925.000000	0.009671
1926.000000	0.011466
1927.000000	0.009737
1928.000000	0.005712
1929.000000	0.001266
1930.000000	-0.002448
1931.000000	-0.004567
1932.000000	-0.004673
1933.000000	-0.002574
1934.000000	0.001472
1935.000000	0.006474
1936.000000	0.008952
1937.000000	0.006220
1938.000000	0.001243
1939.000000	-0.002072
1940.000000	-0.001707
1941.000000	0.002600
1942.000000	0.005971
1943.000000	0.004520
1944.000000	0.003450
1945.000000	0.007779
1946.000000	0.012681
1947.000000	0.011925
1948.000000	0.003512
1949.000000	-0.010609
1950.000000	-0.016935
1951.000000	-0.005483
1952.000000	0.008097
1953.000000	0.007111
1954.000000	-0.003670
1955.000000	-0.014432
1956.000000	-0.016657
1957.000000	-0.006142
1958.000000	0.005346
1959.000000	0.006499
1960.000000	0.003815
1961.000000	0.005592
1962.000000	0.009526
1963.000000	0.010990
1964.000000	0.006660
1965.000000	-0.004101
1966.000000	-0.012477
1967.000000	-0.010350
1968.000000	-0.001843
1969.000000	0.006619
1970.000000	0.011639
1971.000000	0.011220
1972.000000	0.005929
1973.000000	-0.002206
1974.000000	-0.007878
1975.000000	-0.007174
1976.000000	-0.005025
1977.000000	-0.006588
1978.000000	-0.009068
1979.000000	-0.008113
1980.000000	-0.001077
1981.000000	0.011252
1982.000000	0.016062
1983.000000	0.003441
1984.000000	-0.012906
1985.000000	-0.017659
1986.000000	-0.012658
1987.000000	-0.004399
1988.000000	-0.000847
1989.000000	-0.006806
1990.000000	-0.012977
1991.000000	-0.009937
1992.000000	-0.001872
1993.000000	0.004641
1994.000000	0.007074
1995.000000	0.004542
1996.000000	-0.001311
1997.000000	-0.007664
1998.000000	-0.009527
1999.000000	-0.003690
2000.000000	0.003766
2001.000000	0.006083
2002.000000	0.003098
2003.000000	-0.003266
2004.000000	-0.009338
2005.000000	-0.011776
2006.000000	-0.010297
2007.000000	-0.005720
2008.000000	-0.000205
2009.000000	0.003913
2010.000000	0.004935
2011.000000	0.001869
2012.000000	-0.004084
2013.000000	-0.010295
2014.000000	-0.010615
2015.000000	-0.001086
2016.000000	0.009955
2017.000000	0.013571
2018.000000	0.010723
2019.000000	0.005033
2020.000000	0.000863
2021.000000	0.001233
2022.000000	0.003056
2023.000000	0.002588
2024.000000	-0.000445
2025.000000	-0.005093
2026.000000	-0.008996
2027.000000	-0.009815
2028.000000	-0.006709
2029.000000	-0.000085
2030.000000	0.006157
2031.000000	0.008282
2032.000000	0.006709
2033.000000	0.002854
2034.000000	-0.002046
2035.000000	-0.006859
2036.000000	-0.010695
2037.000000	-0.012897
2038.000000	-0.013491
2039.000000	-0.012514
2040.000000	-0.009359
2041.000000	-0.003760
2042.000000	0.002539
2043.000000	0.007537
2044.000000	0.010224
2045.000000	0.010336
2046.000000	0.009593
2047.000000	0.009777
2048.000000	0.010939
2049.000000	0.012792
2050.000000	0.015428
2051.000000	0.018808
2052.000000	0.021987
2053.000000	0.023676
2054.000000	0.022109
2055.000000	0.016383
2056.000000	0.009515
2057.000000	0.004799
2058.000000	0.002719
2059.000000	0.003029
2060.000000	0.005371
2061.000000	0.009379
2062.000000	0.014764
2063.000000	0.020484
2064.000000	0.022395
2065.000000	0.017258
2066.000000	0.008543
2067.000000	0.001004
2068.000000	-0.002169
2069.000000	0.001057
2070.000000	0.009667
2071.000000	0.020892
2072.000000	0.028002
2073.000000	0.025787
2074.000000	0.019084
2075.000000	0.013819
2076.000000	0.010235
2077.000000	0.006691
2078.000000	-0.000301
2079.000000	-0.011835
2080.000000	-0.017580
2081.000000	-0.009110
2082.000000	0.002959
2083.000000	0.006404
2084.000000	0.001621
2085.000000	-0.007071
2086.000000	-0.012269
2087.000000	-0.008756
2088.000000	-0.003134
2089.000000	-0.002365
2090.000000	-0.003029
2091.000000	-0.000292
2092.000000	0.005948
2093.000000	0.014251
2094.000000	0.021756
2095.000000	0.025478
2096.000000	0.023373
2097.000000	0.015169
2098.000000	0.006756
2099.000000	0.003813
2100.000000	0.005013
2101.000000	0.007450
2102.000000	0.008894
2103.000000	0.008352
2104.000000	0.009104
2105.000000	0.013462
2106.000000	0.015608
2107.000000	0.010273
2108.000000	0.002523
2109.000000	-0.001142
2110.000000	0.001179
2111.000000	0.008742
2112.000000	0.014836
2113.000000	0.013688
2114.000000	0.009251
2115.000000	0.006502
2116.000000	0.004799
2117.000000	0.002528
2118.000000	-0.000177
2119.000000	-0.002504
2120.000000	-0.002667
2121.000000	0.001066
2122.000000	0.009233
2123.000000	0.020525
2124.000000	0.027434
2125.000000	0.023261
2126.000000	0.010731
2127.000000	-0.004505
2128.000000	-0.014524
2129.000000	-0.013249
2130.000000	-0.004245
2131.000000	0.007162
2132.000000	0.018248
2133.000000	0.026649
2134.000000	0.028822
2135.000000	0.022000
2136.000000	0.007685
2137.000000	-0.010058
2138.000000	-0.021184
2139.000000	-0.017893
2140.000000	-0.007332
2141.000000	0.001360
2142.000000	0.006036
2143.000000	0.006802
2144.000000	0.005776
2145.000000	0.005439
2146.000000	0.007724
2147.000000	0.013562
2148.000000	0.020435
2149.000000	0.025050
2150.000000	0.024464
2151.000000	0.017084
2152.000000	0.006375
2153.000000	-0.002758
2154.000000	-0.004695
2155.000000	0.003416
2156.000000	0.012640
2157.000000	0.013688
2158.000000	0.007649
2159.000000	-0.001820
2160.000000	-0.011160
2161.000000	-0.017248
2162.000000	-0.018600
2163.000000	-0.014924
2164.000000	-0.009059
2165.000000	-0.003436
2166.000000	0.004276
2167.000000	0.015942
2168.000000	0.026811
2169.000000	0.031402
2170.000000	0.027919
2171.000000	0.017246
2172.000000	0.007298
2173.000000	0.005486
2174.000000	0.010163
2175.000000	0.017198
2176.000000	0.021568
2177.000000	0.019261
2178.000000	0.011214
2179.000000	0.000340
2180.000000	-0.007485
2181.000000	-0.008102
2182.000000	-0.007195
2183.000000	-0.010539
2184.000000	-0.014429
2185.000000	-0.014138
2186.000000	-0.010325
2187.000000	-0.005190
2188.000000	-0.001725
2189.000000	-0.001562
2190.000000	-0.000108
2191.000000	0.006699
2192.000000	0.014563
2193.000000	0.018209
2194.000000	0.016788
2195.000000	0.010974
2196.000000	0.003109
2197.000000	-0.004131
2198.000000	-0.008395
2199.000000	-0.008090
2200.000000	-0.004334
2201.000000	0.001358
2202.000000	0.008587
2203.000000	0.016959
2204.000000	0.024979
2205.000000	0.030872
2206.000000	0.032834
2207.000000	0.029957
2208.000000	0.024950
2209.000000	0.020492
2210.000000	0.015534
2211.000000	0.008905
2212.000000	0.002676
2213.000000	-0.000619
2214.000000	0.000151
2215.000000	0.004444
2216.000000	0.006420
2217.000000	0.001625
2218.000000	-0.003568
2219.000000	-0.001982
2220.000000	0.005947
2221.000000	0.017598
2222.000000	0.029231
2223.000000	0.037292
2224.000000	0.040089
2225.000000	0.037301
2226.000000	0.032244
2227.000000	0.028052
2228.000000	0.023509
2229.000000	0.017062
2230.000000	0.010167
2231.000000	0.005064
2232.000000	0.004110
2233.000000	0.008611
2234.000000	0.015555
2235.000000	0.020991
2236.000000	0.021535
2237.000000	0.015592
2238.000000	0.008172
2239.000000	0.004910
2240.000000	0.007354
2241.000000	0.014403
2242.000000	0.018465
2243.000000	0.012936
2244.000000	0.001670
2245.000000	-0.008869
2246.000000	-0.012243
2247.000000	-0.004277
2248.000000	0.010182
2249.000000	0.023812
2250.000000	0.028415
2251.000000	0.019587
2252.000000	0.008964
2253.000000	0.008241
2254.000000	0.013305
2255.000000	0.017493
2256.000000	0.019744
2257.000000	0.020524
2258.000000	0.020799
2259.000000	0.021191
2260.000000	0.020456
2261.000000	0.017543
2262.000000	0.014049
2263.000000	0.011517
2264.000000	0.008619
2265.000000	0.004060
2266.000000	-0.000456
2267.000000	-0.002502
2268.000000	0.000254
2269.000000	0.008728
2270.000000	0.018276
2271.000000	0.023117
2272.000000	0.018475
2273.000000	0.003060
2274.000000	-0.011493
2275.000000	-0.012848
2276.000000	0.001193
2277.000000	0.026360
2278.000000	0.042640
2279.000000	0.034026
2280.000000	0.016275
2281.000000	0.008069
2282.000000	0.008033
2283.000000	0.010644
2284.000000	0.013855
2285.000000	0.016889
2286.000000	0.020584
2287.000000	0.024605
2288.000000	0.022309
2289.000000	0.009463
2290.000000	-0.002218
2291.000000	-0.001106
2292.000000	0.008145
2293.000000	0.017405
2294.000000	0.020932
2295.000000	0.015777
2296.000000	0.007769
2297.000000	0.003763
2298.000000	0.005945
2299.000000	0.014129
2300.000000	0.023307
2301.000000	0.028514
2302.000000	0.029766
2303.000000	0.028771
2304.000000	0.029011
2305.000000	0.033576
2306.000000	0.042216
2307.000000	0.051995
2308.000000	0.052575
2309.000000	0.036623
2310.000000	0.016232
2311.000000	0.005546
2312.000000	0.007476
2313.000000	0.019435
2314.000000	0.028064
2315.000000	0.022160
2316.000000	0.009898
2317.000000	0.002345
2318.000000	0.002744
2319.000000	0.011279
2320.000000	0.023713
2321.000000	0.035134
2322.000000	0.042360
2323.000000	0.044050
2324.000000	0.044493
2325.000000	0.047255
2326.000000	0.047377
2327.000000	0.040097
2328.000000	0.029956
2329.000000	0.022574
2330.000000	0.018588
2331.000000	0.016912
2332.000000	0.014551
2333.000000	0.009609
2334.000000	0.006486
2335.000000	0.009310
2336.000000	0.014813
2337.000000	0.018562
2338.000000	0.018863
2339.000000	0.015194
2340.000000	0.008973
2341.000000	0.002233
2342.000000	-0.002472
2343.000000	-0.003024
2344.000000	0.000429
2345.000000	0.006856
2346.000000	0.013966
2347.000000	0.019384
2348.000000	0.021667
2349.000000	0.020123
2350.000000	0.016141
2351.000000	0.011915
2352.000000	0.010794
2353.000000	0.014634
2354.000000	0.018166
2355.000000	0.016201
2356.000000	0.010995
2357.000000	0.006279
2358.000000	0.004240
2359.000000	0.006023
2360.000000	0.010161
2361.000000	0.014337
2362.000000	0.015459
2363.000000	0.011479
2364.000000	0.005302
2365.000000	0.000861
2366.000000	0.001239
2367.000000	0.007837
2368.000000	0.016183
2369.000000	0.021153
2370.000000	0.020895
2371.000000	0.015664
2372.000000	0.010874
2373.000000	0.011890
2374.000000	0.018708
2375.000000	0.027756
2376.000000	0.026543
2377.000000	0.006763
2378.000000	-0.014239
2379.000000	-0.018648
2380.000000	-0.012421
2381.000000	-0.005670
2382.000000	-0.001349
2383.000000	-0.000156
2384.000000	-0.000914
2385.000000	-0.002099
2386.000000	-0.002687
2387.000000	-0.002076
2388.000000	-0.000865
2389.000000	0.000003
2390.000000	-0.000589
2391.000000	-0.003287
2392.000000	-0.006677
2393.000000	-0.009269
2394.000000	-0.011339
2395.000000	-0.012752
2396.000000	-0.009955
2397.000000	-0.000782
2398.000000	0.007975
2399.000000	0.009827
2400.000000	0.008451
2401.000000	0.008569
2402.000000	0.008926
2403.000000	0.007272
2404.000000	0.003356
2405.000000	-0.002333
2406.000000	-0.008344
2407.000000	-0.012176
2408.000000	-0.008093
2409.000000	0.006507
2410.000000	0.018464
2411.000000	0.015540
2412.000000	0.004955
2413.000000	-0.002486
2414.000000	-0.001089
2415.000000	0.011273
2416.000000	0.027577
2417.000000	0.038533
2418.000000	0.034922
2419.000000	0.012942
2420.000000	-0.009620
2421.000000	-0.016170
2422.000000	-0.016467
2423.000000	-0.021976
2424.000000	-0.024640
2425.000000	-0.014333
2426.000000	0.007825
2427.000000	0.035225
2428.000000	0.050558
2429.000000	0.041119
2430.000000	0.023331
2431.000000	0.015364
2432.000000	0.013236
2433.000000	0.009735
2434.000000	0.006866
2435.000000	0.008036
2436.000000	0.013048
2437.000000	0.019606
2438.000000	0.020624
2439.000000	0.011238
2440.000000	0.000248
2441.000000	-0.002810
2442.000000	0.000865
2443.000000	0.007475
2444.000000	0.013563
2445.000000	0.016376
2446.000000	0.015640
2447.000000	0.012209
2448.000000	0.008976
2449.000000	0.008313
2450.000000	0.008472
2451.000000	0.007667
2452.000000	0.008076
2453.000000	0.011748
2454.000000	0.016234
2455.000000	0.018193
2456.000000	0.015201
2457.000000	0.006157
2458.000000	-0.005665
2459.000000	-0.015324
2460.000000	-0.015601
2461.000000	-0.002054
2462.000000	0.016363
2463.000000	0.028927
2464.000000	0.031233
2465.000000	0.022347
2466.000000	0.008911
2467.000000	-0.000542
2468.000000	0.002525
2469.000000	0.021266
2470.000000	0.037294
2471.000000	0.033386
2472.000000	0.018503
2473.000000	0.006032
2474.000000	0.000890
2475.000000	0.004374
2476.000000	0.011780
2477.000000	0.017308
2478.000000	0.016773
2479.000000	0.009300
2480.000000	0.005625
2481.000000	0.014550
2482.000000	0.025519
2483.000000	0.026692
2484.000000	0.020440
2485.000000	0.012580
2486.000000	0.008488
2487.000000	0.011162
2488.000000	0.014522
2489.000000	0.012720
2490.000000	0.009912
2491.000000	0.010670
2492.000000	0.011227
2493.000000	0.007543
2494.000000	0.002831
2495.000000	0.001363
2496.000000	0.004409
2497.000000	0.011181
2498.000000	0.015678
2499.000000	0.013051
2500.000000	0.008287
2501.000000	0.007327
2502.000000	0.010090
2503.000000	0.014452
2504.000000	0.016144
2505.000000	0.011680
2506.000000	0.002852
2507.000000	-0.006480
2508.000000	-0.009455
2509.000000	-0.002056
2510.000000	0.005351
2511.000000	0.003296
2512.000000	0.000261
2513.000000	0.005426
2514.000000	0.012807
2515.000000	0.015456
2516.000000	0.017747
2517.000000	0.023461
2518.000000	0.022686
2519.000000	0.007716
2520.000000	-0.006644
2521.000000	-0.005866
2522.000000	0.000950
2523.000000	0.001982
2524.000000	-0.001858
2525.000000	-0.006686
2526.000000	-0.009453
2527.000000	-0.008193
2528.000000	-0.004430
2529.000000	-0.000513
2530.000000	0.001385
2531.000000	0.000292
2532.000000	-0.000147
2533.000000	0.003478
2534.000000	0.009018
2535.000000	0.013652
2536.000000	0.017424
2537.000000	0.020970
2538.000000	0.024416
2539.000000	0.026299
2540.000000	0.019302
2541.000000	-0.000353
2542.000000	-0.016423
2543.000000	-0.014360
2544.000000	-0.006410
2545.000000	-0.006950
2546.000000	-0.012083
2547.000000	-0.013752
2548.000000	-0.005529
2549.000000	0.013875
2550.000000	0.026820
2551.000000	0.018459
2552.000000	0.004045
2553.000000	0.000947
2554.000000	0.004897
2555.000000	0.007818
2556.000000	0.008024
2557.000000	0.006049
2558.000000	0.004921
2559.000000	0.007569
2560.000000	0.014038
2561.000000	0.022534
2562.000000	0.026794
2563.000000	0.021727
2564.000000	0.011386
2565.000000	0.001282
2566.000000	-0.006393
2567.000000	-0.010407
2568.000000	-0.010054
2569.000000	-0.004996
2570.000000	0.004144
2571.000000	0.015595
2572.000000	0.023945
2573.000000	0.024720
2574.000000	0.020828
2575.000000	0.016528
2576.000000	0.014086
2577.000000	0.014373
2578.000000	0.014664
2579.000000	0.011900
2580.000000	0.005273
2581.000000	-0.003921
2582.000000	-0.008209
2583.000000	-0.001941
2584.000000	0.007077
2585.000000	0.010356
2586.000000	0.010119
2587.000000	0.010340
2588.000000	0.011279
2589.000000	0.012095
2590.000000	0.011257
2591.000000	0.007650
2592.000000	0.002509
2593.000000	-0.002505
2594.000000	-0.006389
2595.000000	-0.008721
2596.000000	-0.010736
2597.000000	-0.013265
2598.000000	-0.013855
2599.000000	-0.010042
2600.000000	-0.002615
2601.000000	0.006278
2602.000000	0.012299
2603.000000	0.011726
2604.000000	0.005504
2605.000000	-0.003413
2606.000000	-0.008696
2607.000000	-0.005372
2608.000000	0.002741
2609.000000	0.009992
2610.000000	0.012186
2611.000000	0.007065
2612.000000	-0.001331
2613.000000	-0.006976
2614.000000	-0.002188
2615.000000	0.015716
2616.000000	0.027757
2617.000000	0.017221
2618.000000	-0.001882
2619.000000	-0.012248
2620.000000	-0.014130
2621.000000	-0.012220
2622.000000	-0.011410
2623.000000	-0.014746
2624.000000	-0.017686
2625.000000	-0.015000
2626.000000	-0.006292
2627.000000	0.006640
2628.000000	0.018050
2629.000000	0.022914
2630.000000	0.023042
2631.000000	0.021572
2632.000000	0.020103
2633.000000	0.019185
2634.000000	0.016690
2635.000000	0.010147
2636.000000	-0.001621
2637.000000	-0.016703
2638.000000	-0.022117
2639.000000	-0.008151
2640.000000	0.010763
2641.000000	0.018678
2642.000000	0.017730
2643.000000	0.014311
2644.000000	0.013763
2645.000000	0.018995
2646.000000	0.024233
2647.000000	0.023096
2648.000000	0.015447
2649.000000	0.003620
2650.000000	-0.006413
2651.000000	-0.009373
2652.000000	-0.006385
2653.000000	-0.000059
2654.000000	0.007458
2655.000000	0.014182
2656.000000	0.018334
2657.000000	0.018157
2658.000000	0.011793
2659.000000	-0.000646
2660.000000	-0.011064
2661.000000	-0.011999
2662.000000	-0.006521
2663.000000	0.000000
2664.000000	0.003531
2665.000000	0.001716
2666.000000	-0.002414
2667.000000	-0.004629
2668.000000	-0.001285
2669.000000	0.008941
2670.000000	0.018674
2671.000000	0.020712
2672.000000	0.017240
2673.000000	0.011973
2674.000000	0.005345
2675.000000	-0.002308
2676.000000	-0.007771
2677.000000	-0.008084
2678.000000	-0.004191
2679.000000	0.001355
2680.000000	0.003454
2681.000000	-0.000824
2682.000000	-0.003202
2683.000000	0.003997
2684.000000	0.014834
2685.000000	0.021254
2686.000000	0.020363
2687.000000	0.012032
2688.000000	0.002047
2689.000000	-0.003273
2690.000000	-0.001385
2691.000000	0.007337
2692.000000	0.014618
2693.000000	0.013482
2694.000000	0.010034
2695.000000	0.011037
2696.000000	0.012789
2697.000000	0.010864
2698.000000	0.008390
2699.000000	0.009296
2700.000000	0.013163
2701.000000	0.017806
2702.000000	0.018321
2703.000000	0.010899
2704.000000	-0.001159
2705.000000	-0.013150
2706.000000	-0.021870
2707.000000	-0.024566
2708.000000	-0.018790
2709.000000	-0.003958
2710.000000	0.013357
2711.000000	0.025975
2712.000000	0.031460
2713.000000	0.029861
2714.000000	0.026436
2715.000000	0.025776
2716.000000	0.024583
2717.000000	0.020121
2718.000000	0.019774
2719.000000	0.028922
2720.000000	0.034797
2721.000000	0.025454
2722.000000	0.010394
2723.000000	0.002379
2724.000000	0.005766
2725.000000	0.019093
2726.000000	0.026023
2727.000000	0.014297
2728.000000	0.002845
2729.000000	0.010801
2730.000000	0.026937
2731.000000	0.035755
2732.000000	0.035053
2733.000000	0.027334
2734.000000	0.020621
2735.000000	0.022215
2736.000000	0.031018
2737.000000	0.042224
2738.000000	0.044608
2739.000000	0.030853
2740.000000	0.015692
2741.000000	0.013124
2742.000000	0.012156
2743.000000	0.000634
2744.000000	-0.013239
2745.000000	-0.018928
2746.000000	-0.016933
2747.000000	-0.010827
2748.000000	-0.005427
2749.000000	-0.003505
2750.000000	0.001606
2751.000000	0.015118
2752.000000	0.027003
2753.000000	0.027024
2754.000000	0.019357
2755.000000	0.010758
2756.000000	0.003880
2757.000000	0.000129
2758.000000	0.000032
2759.000000	0.003501
2760.000000	0.008857
2761.000000	0.013829
2762.000000	0.015373
2763.000000	0.011503
2764.000000	0.005236
2765.000000	-0.000101
2766.000000	-0.004949
2767.000000	-0.010161
2768.000000	-0.014462
2769.000000	-0.016508
2770.000000	-0.016822
2771.000000	-0.016455
2772.000000	-0.016721
2773.000000	-0.018489
2774.000000	-0.020599
2775.000000	-0.021040
2776.000000	-0.016427
2777.000000	-0.005911
2778.000000	-0.000156
2779.000000	-0.007965
2780.000000	-0.019196
2781.000000	-0.022144
2782.000000	-0.017800
2783.000000	-0.010685
2784.000000	-0.006733
2785.000000	-0.009595
2786.000000	-0.012369
2787.000000	-0.009178
2788.000000	-0.008796
2789.000000	-0.018709
2790.000000	-0.026611
2791.000000	-0.020695
2792.000000	-0.010958
2793.000000	-0.009737
2794.000000	-0.016926
2795.000000	-0.028264
2796.000000	-0.035325
2797.000000	-0.031124
2798.000000	-0.018611
2799.000000	-0.003552
2800.000000	0.006957
2801.000000	0.007583
2802.000000	0.001391
2803.000000	-0.006973
2804.000000	-0.014920
2805.000000	-0.020311
2806.000000	-0.020744
2807.000000	-0.014978
2808.000000	-0.006692
2809.000000	-0.000741
2810.000000	-0.001768
2811.000000	-0.011524
2812.000000	-0.020414
2813.000000	-0.019572
2814.000000	-0.014405
2815.000000	-0.012216
2816.000000	-0.013610
2817.000000	-0.017368
2818.000000	-0.021671
2819.000000	-0.024681
2820.000000	-0.025078
2821.000000	-0.022067
2822.000000	-0.016435
2823.000000	-0.009630
2824.000000	-0.004174
2825.000000	-0.002694
2826.000000	-0.007168
2827.000000	-0.017125
2828.000000	-0.022964
2829.000000	-0.016267
2830.000000	-0.002496
2831.000000	0.010197
2832.000000	0.016780
2833.000000	0.014776
2834.000000	0.008811
2835.000000	0.004745
2836.000000	0.006280
2837.000000	0.015244
2838.000000	0.028122
2839.000000	0.040671
2840.000000	0.051067
2841.000000	0.058962
2842.000000	0.067491
2843.000000	0.079097
2844.000000	0.089983
2845.000000	0.095940
2846.000000	0.097343
2847.000000	0.096962
2848.000000	0.102560
2849.000000	0.119856
2850.000000	0.141386
2851.000000	0.157946
2852.000000	0.166544
2853.000000	0.168085
2854.000000	0.172849
2855.000000	0.190405
2856.000000	0.218107
2857.000000	0.249020
2858.000000	0.271267
2859.000000	0.275030
2860.000000	0.263665
2861.000000	0.246529
2862.000000	0.243817
2863.000000	0.268918
2864.000000	0.297166
2865.000000	0.304675
2866.000000	0.308730
2867.000000	0.329841
2868.000000	0.360238
2869.000000	0.387173
2870.000000	0.406261
2871.000000	0.416999
2872.000000	0.426047
2873.000000	0.439655
2874.000000	0.455279
2875.000000	0.467464
2876.000000	0.467923
2877.000000	0.453429
2878.000000	0.443839
2879.000000	0.456891
2880.000000	0.478758
2881.000000	0.492585
2882.000000	0.500959
2883.000000	0.509685
2884.000000	0.518009
2885.000000	0.522753
2886.000000	0.517605
2887.000000	0.500159
2888.000000	0.486755
2889.000000	0.492196
2890.000000	0.506384
2891.000000	0.516081
2892.000000	0.520401
2893.000000	0.523071
2894.000000	0.533932
2895.000000	0.559058
2896.000000	0.583350
2897.000000	0.590651
2898.000000	0.581755
2899.000000	0.565238
2900.000000	0.563850
2901.000000	0.592421
2902.000000	0.619935
2903.000000	0.616841
2904.000000	0.605287
2905.000000	0.612143
2906.000000	0.631459
2907.000000	0.651461
2908.000000	0.669894
2909.000000	0.686418
2910.000000	0.698832
2911.000000	0.705375
2912.000000	0.707918
2913.000000	0.710449
2914.000000	0.721784
2915.000000	0.746812
2916.000000	0.769866
2917.000000	0.777506
2918.000000	0.785742
2919.000000	0.811312
2920.000000	0.844413
2921.000000	0.871547
2922.000000	0.890981
2923.000000	0.905050
2924.000000	0.920601
2925.000000	0.943246
2926.000000	0.969158
2927.000000	0.991395
2928.000000	1.000000
2929.000000	0.989351
2930.000000	0.974170
2931.000000	0.970265
2932.000000	0.977434
2933.000000	0.990323
2934.000000	0.998975
2935.000000	0.995713
2936.000000	0.986596
2937.000000	0.979500
2938.000000	0.975831
2939.000000	0.973624
2940.000000	0.963886
2941.000000	0.939470
2942.000000	0.907646
2943.000000	0.878363
2944.000000	0.857888
2945.000000	0.848514
2946.000000	0.840332
2947.000000	0.823525
2948.000000	0.800841
2949.000000	0.777465
2950.000000	0.755766
2951.000000	0.737058
2952.000000	0.721243
2953.000000	0.707790
2954.000000	0.695839
2955.000000	0.683556
2956.000000	0.665545
2957.000000	0.638696
2958.000000	0.612601
2959.000000	0.597483
2960.000000	0.593392
2961.000000	0.597259
2962.000000	0.603715
2963.000000	0.608352
2964.000000	0.612907
2965.000000	0.618347
2966.000000	0.616430
2967.000000	0.598026
2968.000000	0.559676
2969.000000	0.505884
2970.000000	0.467334
2971.000000	0.468541
2972.000000	0.483153
2973.000000	0.480755
2974.000000	0.465539
2975.000000	0.449170
2976.000000	0.438598
2977.000000	0.436825
2978.000000	0.435761
2979.000000	0.426604
2980.000000	0.408783
2981.000000	0.385461
2982.000000	0.366499
2983.000000	0.359958
2984.000000	0.360000
2985.000000	0.358344
2986.000000	0.350825
2987.000000	0.335918
2988.000000	0.318528
2989.000000	0.304036
2990.000000	0.293281
2991.000000	0.284532
2992.000000	0.270311
2993.000000	0.244508
2994.000000	0.212220
2995.000000	0.181487
2996.000000	0.160916
2997.000000	0.155511
2998.000000	0.155294
2999.000000	0.150598
3000.000000	0.147975
3001.000000	0.153496
3002.000000	0.155100
3003.000000	0.141214
3004.000000	0.120350
3005.000000	0.103560
3006.000000	0.091975
3007.000000	0.083873
3008.000000	0.076033
3009.000000	0.066040
3010.000000	0.056212
3011.000000	0.049743
3012.000000	0.048603
3013.000000	0.053451
3014.000000	0.060926
3015.000000	0.066520
3016.000000	0.065159
3017.000000	0.054588
3018.000000	0.044380
3019.000000	0.042739
3020.000000	0.040558
3021.000000	0.028312
3022.000000	0.012116
3023.000000	0.000808
3024.000000	-0.001532
3025.000000	0.004891
3026.000000	0.007477
3027.000000	-0.004213
3028.000000	-0.019586
3029.000000	-0.025621
3030.000000	-0.020614
3031.000000	-0.007987
3032.000000	-0.000353
3033.000000	-0.007558
3034.000000	-0.019207
3035.000000	-0.022828
3036.000000	-0.017896
3037.000000	-0.007354
3038.000000	0.003919
3039.000000	0.011615
3040.000000	0.015643
3041.000000	0.016440
3042.000000	0.012332
3043.000000	0.003326
3044.000000	-0.001738
3045.000000	0.003874
3046.000000	0.009633
3047.000000	0.005532
3048.000000	0.000918
3049.000000	0.005899
3050.000000	0.014265
3051.000000	0.018075
3052.000000	0.018769
3053.000000	0.019579
3054.000000	0.021517
3055.000000	0.023984
3056.000000	0.022167
3057.000000	0.014371
3058.000000	0.015591
3059.000000	0.037422
3060.000000	0.061167
3061.000000	0.067343
3062.000000	0.063619
3063.000000	0.060915
3064.000000	0.055990
3065.000000	0.044756
3066.000000	0.033883
3067.000000	0.030508
3068.000000	0.032864
3069.000000	0.036740
3070.000000	0.037054
3071.000000	0.031082
3072.000000	0.026394
3073.000000	0.029690
3074.000000	0.033881
3075.000000	0.030101
3076.000000	0.016161
3077.000000	-0.005342
3078.000000	-0.019353
3079.000000	-0.013754
3080.000000	-0.000642
3081.000000	0.005098
3082.000000	0.001648
3083.000000	-0.008371
3084.000000	-0.017661
3085.000000	-0.019596
3086.000000	-0.014913
3087.000000	-0.006386
3088.000000	0.002435
3089.000000	0.007594
3090.000000	0.004291
3091.000000	-0.008961
3092.000000	-0.019543
3093.000000	-0.015844
3094.000000	-0.004379
3095.000000	0.004384
3096.000000	0.002304
3097.000000	-0.013951
3098.000000	-0.030815
3099.000000	-0.034186
3100.000000	-0.024723
3101.000000	-0.008270
3102.000000	0.003365
3103.000000	0.001737
3104.000000	-0.002172
3105.000000	0.002257
3106.000000	0.004771
3107.000000	-0.004305
3108.000000	-0.011469
3109.000000	-0.003792
3110.000000	0.006193
3111.000000	0.004100
3112.000000	-0.006414
3113.000000	-0.017536
3114.000000	-0.022886
3115.000000	-0.018677
3116.000000	-0.010062
3117.000000	-0.003591
3118.000000	-0.002469
3119.000000	-0.007431
3120.000000	-0.012687
3121.000000	-0.013041
3122.000000	-0.012215
3123.000000	-0.013951
3124.000000	-0.013155
3125.000000	-0.005179
3126.000000	0.004018
3127.000000	0.007899
3128.000000	0.008234
3129.000000	0.008049
3130.000000	0.007077
3131.000000	0.004623
3132.000000	0.001575
3133.000000	-0.000933
3134.000000	-0.002368
3135.000000	-0.002995
3136.000000	-0.005670
3137.000000	-0.011863
3138.000000	-0.014915
3139.000000	-0.008964
3140.000000	0.000522
3141.000000	0.005919
3142.000000	0.002316
3143.000000	-0.011242
3144.000000	-0.022610
3145.000000	-0.020218
3146.000000	-0.007911
3147.000000	0.006887
3148.000000	0.017858
3149.000000	0.020737
3150.000000	0.018368
3151.000000	0.014717
3152.000000	0.011131
3153.000000	0.008075
3154.000000	0.005095
3155.000000	0.001905
3156.000000	-0.000196
3157.000000	-0.000758
3158.000000	-0.004309
3159.000000	-0.012943
3160.000000	-0.014037
3161.000000	0.002320
3162.000000	0.020488
3163.000000	0.023145
3164.000000	0.011787
3165.000000	-0.005752
3166.000000	-0.015122
3167.000000	-0.005389
3168.000000	0.014186
3169.000000	0.029827
3170.000000	0.029893
3171.000000	0.009338
3172.000000	-0.012649
3173.000000	-0.017141
3174.000000	-0.010484
3175.000000	-0.003433
3176.000000	0.000904
3177.000000	0.002164
3178.000000	0.003324
3179.000000	0.006367
3180.000000	0.005972
3181.000000	-0.002284
3182.000000	-0.011913
3183.000000	-0.015710
3184.000000	-0.014506
3185.000000	-0.012177
3186.000000	-0.016735
3187.000000	-0.031733
3188.000000	-0.038741
3189.000000	-0.021822
3190.000000	0.003003
3191.000000	0.015825
3192.000000	0.013142
3193.000000	-0.001560
3194.000000	-0.013255
3195.000000	-0.009586
3196.000000	-0.000424
3197.000000	0.002327
3198.000000	0.000872
3199.000000	0.000056
3200.000000	0.001187
3201.000000	0.003789
3202.000000	0.003788
3203.000000	-0.001636
3204.000000	-0.006692
3205.000000	-0.005505
3206.000000	-0.000477
3207.000000	0.004486
3208.000000	0.007726
3209.000000	0.009126
3210.000000	0.012477
3211.000000	0.019902
3212.000000	0.022944
3213.000000	0.014782
3214.000000	0.005726
3215.000000	0.006548
3216.000000	0.012754
3217.000000	0.017419
3218.000000	0.019176
3219.000000	0.018617
3220.000000	0.018619
3221.000000	0.020551
3222.000000	0.017463
3223.000000	0.003972
3224.000000	-0.010731
3225.000000	-0.016187
3226.000000	-0.011442
3227.000000	0.000268
3228.000000	0.008461
3229.000000	0.005576
3230.000000	0.002975
3231.000000	0.011949
3232.000000	0.024565
3233.000000	0.030989
3234.000000	0.032996
3235.000000	0.034004
3236.000000	0.032396
3237.000000	0.026138
3238.000000	0.016562
3239.000000	0.006590
3240.000000	0.002129
3241.000000	0.005938
3242.000000	0.005198
3243.000000	-0.009339
3244.000000	-0.017066
3245.000000	-0.000065
3246.000000	0.018973
3247.000000	0.015903
3248.000000	0.001387
3249.000000	-0.007984
3250.000000	-0.006697
3251.000000	0.005349
3252.000000	0.017695
3253.000000	0.021083
3254.000000	0.021619
3255.000000	0.026694
3256.000000	0.033467
3257.000000	0.036451
3258.000000	0.029804
3259.000000	0.012241
3260.000000	0.001071
3261.000000	0.010395
3262.000000	0.022888
3263.000000	0.020619
3264.000000	0.014658
3265.000000	0.018287
3266.000000	0.024645
3267.000000	0.024819
3268.000000	0.021818
3269.000000	0.020109
3270.000000	0.018051
3271.000000	0.013792
3272.000000	0.010740
3273.000000	0.012705
3274.000000	0.019836
3275.000000	0.030672
3276.000000	0.040960
3277.000000	0.046730
3278.000000	0.047927
3279.000000	0.045547
3280.000000	0.040869
3281.000000	0.036208
3282.000000	0.037731
3283.000000	0.048958
3284.000000	0.058969
3285.000000	0.057869
3286.000000	0.054304
3287.000000	0.056847
3288.000000	0.055235
3289.000000	0.040348
3290.000000	0.026472
3291.000000	0.027924
3292.000000	0.035743
3293.000000	0.038731
3294.000000	0.040027
3295.000000	0.045613
3296.000000	0.058493
3297.000000	0.077043
3298.000000	0.084098
3299.000000	0.067365
3300.000000	0.049573
3301.000000	0.052358
3302.000000	0.057951
3303.000000	0.047753
3304.000000	0.039242
3305.000000	0.050285
3306.000000	0.064238
3307.000000	0.062663
3308.000000	0.054464
3309.000000	0.052056
3310.000000	0.054556
3311.000000	0.058369
3312.000000	0.062364
3313.000000	0.066091
3314.000000	0.069374
3315.000000	0.071963
3316.000000	0.073034
3317.000000	0.071878
3318.000000	0.068815
3319.000000	0.063979
3320.000000	0.055720
3321.000000	0.044611
3322.000000	0.041903
3323.000000	0.055335
3324.000000	0.067908
3325.000000	0.062844
3326.000000	0.048971
3327.000000	0.039830
3328.000000	0.042206
3329.000000	0.057678
3330.000000	0.073761
3331.000000	0.077849
3332.000000	0.070926
3333.000000	0.058688
3334.000000	0.052081
3335.000000	0.059250
3336.000000	0.071872
3337.000000	0.078946
3338.000000	0.075226
3339.000000	0.060500
3340.000000	0.048932
3341.000000	0.052627
3342.000000	0.061066
3343.000000	0.061443
3344.000000	0.054428
3345.000000	0.044297
3346.000000	0.036277
3347.000000	0.034753
3348.000000	0.039776
3349.000000	0.049094
3350.000000	0.055569
3351.000000	0.053491
3352.000000	0.047751
3353.000000	0.044157
3354.000000	0.041586
3355.000000	0.038273
3356.000000	0.036822
3357.000000	0.040422
3358.000000	0.050246
3359.000000	0.064715
3360.000000	0.073260
3361.000000	0.066544
3362.000000	0.049141
3363.000000	0.030203
3364.000000	0.023269
3365.000000	0.036758
3366.000000	0.054225
3367.000000	0.058420
3368.000000	0.053728
3369.000000	0.049065
3370.000000	0.049819
3371.000000	0.057319
3372.000000	0.060168
3373.000000	0.049185
3374.000000	0.036771
3375.000000	0.036334
3376.000000	0.043721
3377.000000	0.051643
3378.000000	0.057833
3379.000000	0.061451
3380.000000	0.062348
3381.000000	0.059893
3382.000000	0.050833
3383.000000	0.034588
3384.000000	0.023890
3385.000000	0.028808
3386.000000	0.035459
3387.000000	0.030811
3388.000000	0.029185
3389.000000	0.043873
3390.000000	0.056686
3391.000000	0.049501
3392.000000	0.035927
3393.000000	0.031871
3394.000000	0.030682
3395.000000	0.024088
3396.000000	0.019870
3397.000000	0.025775
3398.000000	0.033346
3399.000000	0.033090
3400.000000	0.027577
3401.000000	0.022339
3402.000000	0.022685
3403.000000	0.031257
3404.000000	0.040251
3405.000000	0.041812
3406.000000	0.038319
3407.000000	0.033724
3408.000000	0.028046
3409.000000	0.020953
3410.000000	0.014651
3411.000000	0.010923
3412.000000	0.007323
3413.000000	0.002760
3414.000000	0.005794
3415.000000	0.021986
3416.000000	0.035252
3417.000000	0.030168
3418.000000	0.015595
3419.000000	0.003963
3420.000000	-0.002317
3421.000000	-0.003165
3422.000000	0.002203
3423.000000	0.012829
3424.000000	0.020080
3425.000000	0.016636
3426.000000	0.008101
3427.000000	0.002531
3428.000000	0.004860
3429.000000	0.015797
3430.000000	0.022269
3431.000000	0.014396
3432.000000	0.008859
3433.000000	0.021015
3434.000000	0.034354
3435.000000	0.031676
3436.000000	0.024885
3437.000000	0.026797
3438.000000	0.024784
3439.000000	0.007396
3440.000000	-0.006644
3441.000000	0.000870
3442.000000	0.015915
3443.000000	0.021208
3444.000000	0.018659
3445.000000	0.014126
3446.000000	0.010063
3447.000000	0.007987
3448.000000	0.009083
3449.000000	0.013990
3450.000000	0.021513
3451.000000	0.029173
3452.000000	0.031198
3453.000000	0.023111
3454.000000	0.008896
3455.000000	-0.005307
3456.000000	-0.013198
3457.000000	-0.010665
3458.000000	-0.002496
3459.000000	0.004806
3460.000000	0.006789
3461.000000	0.002714
3462.000000	0.004650
3463.000000	0.021570
3464.000000	0.037248
3465.000000	0.034939
3466.000000	0.021003
3467.000000	0.005730
3468.000000	-0.007988
3469.000000	-0.018718
3470.000000	-0.023450
3471.000000	-0.020136
3472.000000	-0.012137
3473.000000	-0.003454
3474.000000	0.004752
3475.000000	0.011667
3476.000000	0.015020
3477.000000	0.012570
3478.000000	0.003658
3479.000000	-0.009905
3480.000000	-0.018019
3481.000000	-0.011641
3482.000000	0.005759
3483.000000	0.026256
3484.000000	0.036615
3485.000000	0.028440
3486.000000	0.017995
3487.000000	0.020346
3488.000000	0.021107
3489.000000	0.006396
3490.000000	-0.006198
3491.000000	0.000853
3492.000000	0.013348
3493.000000	0.014045
3494.000000	0.005262
3495.000000	-0.005706
3496.000000	-0.011203
3497.000000	-0.006523
3498.000000	0.000894
3499.000000	0.002435
3500.000000	-0.003050
3501.000000	-0.013233
3502.000000	-0.019323
3503.000000	-0.013994
3504.000000	-0.002229
3505.000000	0.008160
3506.000000	0.010345
3507.000000	0.000965
3508.000000	-0.010456
3509.000000	-0.013887
3510.000000	-0.010141
3511.000000	-0.003377
3512.000000	-0.000287
3513.000000	-0.004310
3514.000000	-0.003337
3515.000000	0.011965
3516.000000	0.024281
3517.000000	0.017211
3518.000000	0.004665
3519.000000	0.003213
3520.000000	0.009755
3521.000000	0.016734
3522.000000	0.018443
3523.000000	0.011624
3524.000000	0.000954
3525.000000	-0.007809
3526.000000	-0.012530
3527.000000	-0.012772
3528.000000	-0.011274
3529.000000	-0.010493
3530.000000	-0.008597
3531.000000	-0.004101
3532.000000	-0.001203
3533.000000	-0.003929
3534.000000	-0.009941
3535.000000	-0.014740
3536.000000	-0.011546
3537.000000	0.002958
3538.000000	0.015968
3539.000000	0.015505
3540.000000	0.009004
3541.000000	0.006275
3542.000000	0.007211
3543.000000	0.008787
3544.000000	0.006207
3545.000000	-0.001975
3546.000000	-0.002048
3547.000000	0.015767
3548.000000	0.030375
3549.000000	0.021133
3550.000000	0.000095
3551.000000	-0.015228
3552.000000	-0.018200
3553.000000	-0.008049
3554.000000	0.003420
3555.000000	0.004492
3556.000000	-0.003604
3557.000000	-0.014979
3558.000000	-0.018055
3559.000000	-0.005326
3560.000000	0.008753
3561.000000	0.008857
3562.000000	-0.001841
3563.000000	-0.015069
3564.000000	-0.020657
3565.000000	-0.012360
3566.000000	-0.001527
3567.000000	0.000639
3568.000000	0.001132
3569.000000	0.007482
3570.000000	0.011185
3571.000000	0.003904
3572.000000	-0.005985
3573.000000	-0.009153
3574.000000	-0.009162
3575.000000	-0.011156
3576.000000	-0.013711
3577.000000	-0.014629
3578.000000	-0.015183
3579.000000	-0.016256
3580.000000	-0.013709
3581.000000	-0.005922
3582.000000	-0.006372
3583.000000	-0.024623
3584.000000	-0.039495
3585.000000	-0.030473
3586.000000	-0.010435
3587.000000	0.002692
3588.000000	0.004175
3589.000000	-0.005316
3590.000000	-0.016698
3591.000000	-0.020944
3592.000000	-0.017675
3593.000000	-0.009803
3594.000000	-0.004753
3595.000000	-0.008071
3596.000000	-0.013262
3597.000000	-0.012767
3598.000000	-0.006824
3599.000000	0.002383
3600.000000	0.012669
