wavenumber	intensity
600	0.0063968
602	0.01291295
604	0.01497375
606	0.0131156
608	0.01769425
610	0.0281527
612	0.02717115
614	0.0157909
616	0.01245385
618	0.0170732
620	0.01540955
622	0.01039935
624	0.01437315
626	0.02703225
628	0.03768005
630	0.03923525
632	0.0392122
634	0.05017925
636	0.08093015
638	0.12809955
640	0.19084705
642	0.3314493
644	0.58252
646	0.8294668
648	0.94340495
650	0.94635385
652	0.9394157
654	0.89536305
656	0.7268353
658	0.47310265
660	0.267645
662	0.16872035
664	0.1226382
666	0.09608145
668	0.08319655
670	0.07341135
672	0.06195505
674	0.054517
676	0.0500301
678	0.03817865
680	0.0250303
682	0.02647685
684	0.03819415
686	0.04564805
688	0.05111665
690	0.0599163
692	0.06728175
694	0.0697087
696	0.06294865
698	0.04758705
700	0.03630015
702	0.04018185
704	0.05968745
706	0.09374065
708	0.13208865
710	0.15263335
712	0.1412174
714	0.1084976
716	0.072878
718	0.0444283
720	0.02614745
722	0.019459
724	0.0195882
726	0.0182039
728	0.01469815
730	0.0168634
732	0.0250668
734	0.02856845
736	0.02341985
738	0.0175628
740	0.0180603
742	0.0204412
744	0.0196107
746	0.0179566
748	0.0182615
750	0.01951675
752	0.0220532
754	0.02671815
756	0.02783805
758	0.02147585
760	0.01337015
762	0.01015895
764	0.01052685
766	0.0119575
768	0.01357385
770	0.0158965
772	0.02028925
774	0.02557445
776	0.0296961
778	0.0329931
780	0.0348343
782	0.03258905
784	0.02671915
786	0.01997325
788	0.01354355
790	0.0098182
792	0.0116102
794	0.01748775
796	0.0225614
798	0.02310465
800	0.0177168
802	0.0093325
804	0.0053991
806	0.0120956
808	0.021176
810	0.02139615
812	0.0157352
814	0.01550285
816	0.019573
818	0.01684615
820	0.010755
822	0.0128233
824	0.0207779
826	0.02346065
828	0.0218059
830	0.02599995
832	0.03651555
834	0.0475168
836	0.0518072
838	0.05202325
840	0.0631378
842	0.09054515
844	0.1226352
846	0.1465947
848	0.15382245
850	0.1365214
852	0.09969345
854	0.06456155
856	0.04559175
858	0.0358979
860	0.02598065
862	0.0175638
864	0.01685565
866	0.020193
868	0.02186785
870	0.0232716
872	0.02658595
874	0.0297175
876	0.03071605
878	0.03267535
880	0.0385534
882	0.0453863
884	0.04653485
886	0.0360181
888	0.02196585
890	0.0172752
892	0.02053065
894	0.02169085
896	0.02178435
898	0.0296691
900	0.0406274
902	0.0427594
904	0.03255655
906	0.0185596
908	0.0100526
910	0.01054325
912	0.01697495
914	0.0214102
916	0.0204608
918	0.02056015
920	0.02888405
922	0.03828585
924	0.0422231
926	0.0491373
928	0.0701013
930	0.10769615
932	0.1668766
934	0.25229685
936	0.36422935
938	0.5036699
940	0.628584
942	0.6663434
944	0.5866412
946	0.4371119
948	0.28158095
950	0.16729415
952	0.1041601
954	0.0698556
956	0.04502845
958	0.0318894
960	0.03138735
962	0.03369495
964	0.0333051
966	0.0315955
968	0.0322617
970	0.032249
972	0.02593575
974	0.0172841
976	0.012635
978	0.0109641
980	0.01123295
982	0.01332025
984	0.01122495
986	0.0082406
988	0.0132153
990	0.02032625
992	0.01807685
994	0.0122393
996	0.0129563
998	0.0151261
1000	0.0137764
1002	0.0135002
1004	0.01593315
1006	0.01624125
1008	0.0150853
1010	0.01493875
1012	0.01339775
1014	0.0126277
1016	0.0137464
1018	0.0111699
1020	0.00560915
1022	0.004978
1024	0.0094634
1026	0.0140618
1028	0.01748635
1030	0.01955415
1032	0.02079615
1034	0.02404515
1036	0.03009375
1038	0.0344328
1040	0.03814205
1042	0.0478674
1044	0.0638783
1046	0.0815829
1048	0.1000923
1050	0.116187
1052	0.12257015
1054	0.1177427
1056	0.10516715
1058	0.08709585
1060	0.0671745
1062	0.050748
1064	0.0390612
1066	0.02974825
1068	0.02179135
1070	0.01618545
1072	0.0128875
1074	0.0120179
1076	0.01420655
1078	0.0175226
1080	0.0182797
1082	0.0179222
1084	0.01878785
1086	0.01673985
1088	0.01063975
1090	0.0069597
1092	0.00911105
1094	0.01191385
1096	0.0127185
1098	0.01327905
1100	0.01385525
1102	0.0138618
1104	0.01258195
1106	0.01032825
1108	0.00934215
1110	0.0126735
1112	0.01819565
1114	0.02274655
1116	0.0291369
1118	0.0374649
1120	0.0410907
1122	0.0372076
1124	0.0340037
1126	0.035205
1128	0.03457515
1130	0.03065325
1132	0.028771
1134	0.0317842
1136	0.0376489
1138	0.04260035
1140	0.0404107
1142	0.03932135
1144	0.0513779
1146	0.0686722
1148	0.0769261
1150	0.081245
1152	0.0922543
1154	0.108267
1156	0.1257925
1158	0.139654
1160	0.14022765
1162	0.1243605
1164	0.1007665
1166	0.08279315
1168	0.0755623
1170	0.0759147
1172	0.0787448
1174	0.085807
1176	0.10477185
1178	0.1375599
1180	0.1793286
1182	0.2216966
1184	0.2472637
1186	0.24181495
1188	0.21034585
1190	0.1712633
1192	0.1319672
1194	0.0945222
1196	0.0671272
1198	0.05719845
1200	0.06021655
1202	0.06197105
1204	0.0625272
1206	0.07164505
1208	0.0905752
1210	0.1068593
1212	0.11670675
1214	0.1328538
1216	0.16543975
1218	0.22000915
1220	0.30552675
1222	0.4292103
1224	0.57458525
1226	0.7029839
1228	0.7747246
1230	0.76871375
1232	0.690444
1234	0.5694266
1236	0.44423095
1238	0.343656
1240	0.2706375
1242	0.2184519
1244	0.1847971
1246	0.1693556
1248	0.1673375
1250	0.1783855
1252	0.2094312
1254	0.26792005
1256	0.35190835
1258	0.44366945
1260	0.5310438
1262	0.60010335
1264	0.61909105
1266	0.5771877
1268	0.4959644
1270	0.39380855
1272	0.2827234
1274	0.18846795
1276	0.12542775
1278	0.08615605
1280	0.0639452
1282	0.0511861
1284	0.04251025
1286	0.0372765
1288	0.0323082
1290	0.0244709
1292	0.0165799
1294	0.0114341
1296	0.0100156
1298	0.0123502
1300	0.01679205
1302	0.02172795
1304	0.0242308
1306	0.02151995
1308	0.01512945
1310	0.009424
1312	0.00690245
1314	0.00804895
1316	0.00979075
1318	0.0092725
1320	0.008464
1322	0.01119955
1324	0.01493135
1326	0.01663395
1328	0.01962915
1330	0.02531565
1332	0.03086855
1334	0.0354453
1336	0.0411599
1338	0.0480131
1340	0.05547945
1342	0.0620997
1344	0.0698481
1346	0.08575485
1348	0.109981
1350	0.14000795
1352	0.18196115
1354	0.244874
1356	0.3287798
1358	0.41898215
1360	0.47972425
1362	0.48027435
1364	0.4294532
1366	0.36765975
1368	0.32122775
1370	0.29869545
1372	0.30148155
1374	0.32887085
1376	0.37429635
1378	0.4274106
1380	0.47360765
1382	0.50805795
1384	0.5371244
1386	0.56220875
1388	0.57728055
1390	0.58171525
1392	0.57668635
1394	0.5590329
1396	0.52972195
1398	0.49022415
1400	0.435246
1402	0.37173745
1404	0.32178755
1406	0.30287775
1408	0.30718795
1410	0.3250253
1412	0.3627875
1414	0.4147944
1416	0.45830845
1418	0.4745817
1420	0.4592612
1422	0.4106243
1424	0.3358562
1426	0.2533646
1428	0.1792979
1430	0.1241784
1432	0.09111125
1434	0.0732129
1436	0.061019
1438	0.05021805
1440	0.04167625
1442	0.0391512
1444	0.046248
1446	0.05901355
1448	0.0668353
1450	0.0659161
1452	0.06718535
1454	0.08055595
1456	0.1105078
1458	0.1596621
1460	0.22616375
1462	0.30256475
1464	0.3760336
1466	0.4194513
1468	0.4123421
1470	0.36334165
1472	0.3019426
1474	0.251034
1476	0.22110045
1478	0.2049836
1480	0.18481055
1482	0.154754
1484	0.12276135
1486	0.09632135
1488	0.076896
1490	0.06200565
1492	0.04877985
1494	0.0372972
1496	0.02948065
1498	0.0256518
1500	0.02436345
1502	0.024365
1504	0.0246332
1506	0.02568435
1508	0.03028085
1510	0.03788395
1512	0.0427551
1514	0.04408515
1516	0.0469126
1518	0.05531575
1520	0.0671509
1522	0.0807656
1524	0.0971523
1526	0.1185192
1528	0.145393
1530	0.176299
1532	0.20917055
1534	0.24326515
1536	0.28787285
1538	0.357072
1540	0.44907175
1542	0.5480524
1544	0.63835335
1546	0.7059884
1548	0.728762
1550	0.69959945
1552	0.6379805
1554	0.5732279
1556	0.5161007
1558	0.4609351
1560	0.4036783
1562	0.34757235
1564	0.29411275
1566	0.24049005
1568	0.1885467
1570	0.14231815
1572	0.10589565
1574	0.0854528
1576	0.0800293
1578	0.0772362
1580	0.06610505
1582	0.05600345
1584	0.0562609
1586	0.0638294
1588	0.0713567
1590	0.08137685
1592	0.09770425
1594	0.11580175
1596	0.12693515
1598	0.12916795
1600	0.12708825
1602	0.1207921
1604	0.10938125
1606	0.0950376
1608	0.0799765
1610	0.06485165
1612	0.05374565
1614	0.048708
1616	0.0422725
1618	0.03309805
1620	0.0278187
1622	0.0296001
1624	0.02940105
1626	0.02281695
1628	0.016015
1630	0.0144311
1632	0.01629625
1634	0.0178809
1636	0.0187355
1638	0.02157715
1640	0.02627195
1642	0.0282403
1644	0.0258959
1646	0.02372495
1648	0.023259
1650	0.02026795
1652	0.01765545
1654	0.0208432
1656	0.0292038
1658	0.03586215
1660	0.0404378
1662	0.0490878
1664	0.06734995
1666	0.09161705
1668	0.11696225
1670	0.1416485
1672	0.16394135
1674	0.18958995
1676	0.22584685
1678	0.2641535
1680	0.27643605
1682	0.2546141
1684	0.216623
1686	0.1822138
1688	0.1517142
1690	0.122702
1692	0.1009245
1694	0.0879062
1696	0.077855
1698	0.0672382
1700	0.05745815
1702	0.04478375
1704	0.03230815
1706	0.02858225
1708	0.03022695
1710	0.02550235
1712	0.01427115
1714	0.00965125
1716	0.01283235
1718	0.0158729
1720	0.0149035
1722	0.0157711
1724	0.01803065
1726	0.0176122
1728	0.01473985
1730	0.0136804
1732	0.01312425
1734	0.01073875
1736	0.00928925
1738	0.0112574
1740	0.01387725
1742	0.0127146
1744	0.00886825
1746	0.00755625
1748	0.01161345
1750	0.01764685
1752	0.019316
1754	0.0193659
1756	0.02374535
1758	0.0284635
1760	0.02407995
1762	0.01409235
1764	0.01052375
1766	0.01445855
1768	0.01764795
1770	0.01606275
1772	0.01435865
1774	0.0149631
1776	0.0150202
1778	0.01374375
1780	0.0159663
1782	0.0200164
1784	0.0221084
1786	0.02110265
1788	0.0164178
1790	0.0109552
1792	0.00909955
1794	0.00930265
1796	0.0049515
1798	0.00047585
1800	0.007162
