wavenumber	intensity
600	0.0380969696969697
602	0.0370949393939394
604	0.0169352424242424
606	0.0053709696969697
608	0.0129268787878788
610	0.0289479393939394
612	0.0372098787878788
614	0.0327835151515152
616	0.0202339090909091
618	0.0181265454545455
620	0.0285750909090909
622	0.0292219393939394
624	0.0198638181818182
626	0.0232088484848485
628	0.0361503636363636
630	0.0379043939393939
632	0.0328268787878788
634	0.0343328484848485
636	0.0426327272727273
638	0.054654696969697
640	0.0611707878787879
642	0.0576610303030303
644	0.0551572727272727
646	0.06367
648	0.0756148787878788
650	0.0796424848484849
652	0.0834679090909091
654	0.0984386060606061
656	0.117109151515152
658	0.128553787878788
660	0.138930545454545
662	0.15603196969697
664	0.172170333333333
666	0.179548181818182
668	0.174233454545455
670	0.153726212121212
672	0.125769575757576
674	0.103033848484848
676	0.0868700909090909
678	0.0660359090909091
680	0.0473458181818182
682	0.0500796363636364
684	0.0581305757575758
686	0.042301303030303
688	0.0155819393939394
690	0.0149180606060606
692	0.0386971515151515
694	0.0594646666666667
696	0.0651630303030303
698	0.0603634545454545
700	0.0586383939393939
702	0.0603705151515151
704	0.0555857575757576
706	0.0472443636363636
708	0.0403677575757576
710	0.0240429696969697
712	0.00588490909090909
714	0.00945118181818182
716	0.0253478787878788
718	0.0273760303030303
720	0.0202469090909091
722	0.0181517878787879
724	0.0212353333333333
726	0.0310365454545455
728	0.0379920606060606
730	0.0334201515151515
732	0.0307919696969697
734	0.0391177272727273
736	0.0461600606060606
738	0.0471063636363636
740	0.0489281818181818
742	0.0484905454545455
744	0.0409542424242424
746	0.030384
748	0.0228177575757576
750	0.0258072121212121
752	0.0347967878787879
754	0.03565
756	0.0370743333333333
758	0.0518699393939394
760	0.0634995757575758
762	0.0586654545454545
764	0.0551409696969697
766	0.0639080909090909
768	0.0717265151515152
770	0.0737120909090909
772	0.0746891515151515
774	0.073970696969697
776	0.0676483333333333
778	0.0541237272727273
780	0.040681
782	0.0367176666666667
784	0.0382241515151515
786	0.0376585454545455
788	0.0385402727272727
790	0.0458613939393939
792	0.0539737575757576
794	0.058275696969697
796	0.0627081818181818
798	0.0684280909090909
800	0.0717610606060606
802	0.0736102121212121
804	0.0787717575757576
806	0.0870881515151515
808	0.093680303030303
810	0.0953102121212121
812	0.0867797575757576
814	0.071299303030303
816	0.0645881212121212
818	0.0675631818181818
820	0.0672056060606061
822	0.0642697272727273
824	0.0677719696969697
826	0.0745641212121212
828	0.0832008484848485
830	0.100140666666667
832	0.128836757575758
834	0.173187818181818
836	0.229744121212121
838	0.284100393939394
840	0.326931666666667
842	0.364080333333333
844	0.399517878787879
846	0.423480575757576
848	0.423031242424242
850	0.39444096969697
852	0.351379090909091
854	0.314313060606061
856	0.297335212121212
858	0.294844333333333
860	0.294037454545455
862	0.290413393939394
864	0.292460121212121
866	0.301230818181818
868	0.301550272727273
870	0.281476242424242
872	0.248286939393939
874	0.221081484848485
876	0.200586242424242
878	0.178610666666667
880	0.163651181818182
882	0.162781848484848
884	0.161922121212121
886	0.150693242424242
888	0.141617363636364
890	0.142796363636364
892	0.146163272727273
894	0.144435333333333
896	0.136691272727273
898	0.135544818181818
900	0.150109606060606
902	0.170835151515152
904	0.182878818181818
906	0.184345757575758
908	0.178978666666667
910	0.172102
912	0.17057696969697
914	0.172468181818182
916	0.166498090909091
918	0.151643636363636
920	0.143708363636364
922	0.149825515151515
924	0.156115181818182
926	0.141130878787879
928	0.115442909090909
930	0.106822
932	0.119867515151515
934	0.129189818181818
936	0.119295939393939
938	0.108848181818182
940	0.110515333333333
942	0.113844787878788
944	0.105982757575758
946	0.0935798484848485
948	0.0861602121212121
950	0.0841837272727273
952	0.0847774848484849
954	0.0840081515151515
956	0.0848040909090909
958	0.0873981515151515
960	0.0822040606060606
962	0.0712690909090909
964	0.069735696969697
966	0.0809438787878788
968	0.0922108484848485
970	0.0971343333333333
972	0.0955298181818182
974	0.093303696969697
976	0.0995659393939394
978	0.114689090909091
980	0.129131060606061
982	0.136263333333333
984	0.134968696969697
986	0.127375727272727
988	0.119847272727273
990	0.119927424242424
992	0.121912
994	0.116561818181818
996	0.111144666666667
998	0.115764272727273
1000	0.123994
1002	0.12503503030303
1004	0.127036090909091
1006	0.139852151515152
1008	0.158811060606061
1010	0.17609696969697
1012	0.19172003030303
1014	0.208313878787879
1016	0.219737393939394
1018	0.221248848484848
1020	0.219308878787879
1022	0.215974484848485
1024	0.206329
1026	0.196131060606061
1028	0.19228596969697
1030	0.188355878787879
1032	0.182757818181818
1034	0.184327121212121
1036	0.192068
1038	0.200529242424242
1040	0.211322424242424
1042	0.221807909090909
1044	0.227190757575758
1046	0.241973848484848
1048	0.282274333333333
1050	0.328126757575758
1052	0.358999242424242
1054	0.383680545454545
1056	0.406929939393939
1058	0.420982424242424
1060	0.435667303030303
1062	0.452936696969697
1064	0.450070454545455
1066	0.424673606060606
1068	0.407477424242424
1070	0.409098696969697
1072	0.417040666666667
1074	0.420925454545455
1076	0.421294212121212
1078	0.417209484848485
1080	0.404453939393939
1082	0.388089363636364
1084	0.375365909090909
1086	0.363159909090909
1088	0.345072090909091
1090	0.320761909090909
1092	0.294354878787879
1094	0.271418242424242
1096	0.259039757575758
1098	0.256644363636364
1100	0.256808454545455
1102	0.254565696969697
1104	0.246582909090909
1106	0.235410939393939
1108	0.228951757575758
1110	0.222116
1112	0.205927090909091
1114	0.188080575757576
1116	0.184374606060606
1118	0.187266060606061
1120	0.181215272727273
1122	0.168378848484848
1124	0.164767606060606
1126	0.176594121212121
1128	0.189351787878788
1130	0.193740181818182
1132	0.193120787878788
1134	0.192288
1136	0.191084575757576
1138	0.190872636363636
1140	0.190446
1142	0.181664272727273
1144	0.162841939393939
1146	0.145368
1148	0.138519121212121
1150	0.139379090909091
1152	0.136537878787879
1154	0.12283103030303
1156	0.102692878787879
1158	0.0922565757575758
1160	0.0944633636363636
1162	0.0942570909090909
1164	0.0793085454545455
1166	0.0638580303030303
1168	0.0623853333333333
1170	0.0698047878787879
1172	0.0717030909090909
1174	0.0668753636363636
1176	0.0635225757575758
1178	0.0576082121212121
1180	0.0485270303030303
1182	0.0487771818181818
1184	0.0586849090909091
1186	0.061654
1188	0.0528782727272727
1190	0.0509701818181818
1192	0.0584077272727273
1194	0.0599714848484849
1196	0.0495664848484848
1198	0.0379307878787879
1200	0.0336562727272727
1202	0.0305434242424242
1204	0.0248474848484848
1206	0.0197898787878788
1208	0.0190855757575758
1210	0.020653303030303
1212	0.0214124242424242
1214	0.0204137575757576
1216	0.0182681515151515
1218	0.0171567272727273
1220	0.0195552727272727
1222	0.0259171212121212
1224	0.0324224545454545
1226	0.0318369696969697
1228	0.0232612424242424
1230	0.014186696969697
1232	0.0128569393939394
1234	0.0185346060606061
1236	0.0241553939393939
1238	0.0231567272727273
1240	0.0203096060606061
1242	0.0214385454545455
1244	0.0245676666666667
1246	0.0279444848484848
1248	0.0328976666666667
1250	0.0363669090909091
1252	0.0355332424242424
1254	0.0358939696969697
1256	0.0413449696969697
1258	0.0482190909090909
1260	0.0525040303030303
1262	0.053974303030303
1264	0.0570251212121212
1266	0.0625026060606061
1268	0.067449696969697
1270	0.0715829393939394
1272	0.0796052424242424
1274	0.094352696969697
1276	0.114051272727273
1278	0.131181393939394
1280	0.143382272727273
1282	0.159260848484848
1284	0.184895151515152
1286	0.211754757575758
1288	0.230577242424242
1290	0.249932727272727
1292	0.281287636363636
1294	0.327144393939394
1296	0.383126393939394
1298	0.443369393939394
1300	0.490946333333333
1302	0.501957363636364
1304	0.495504212121212
1306	0.508145878787879
1308	0.540638818181818
1310	0.576373242424242
1312	0.618943545454545
1314	0.667103696969697
1316	0.693928484848485
1318	0.699451060606061
1320	0.709177606060606
1322	0.731367090909091
1324	0.741648303030303
1326	0.717536757575758
1328	0.676888
1330	0.630717878787879
1332	0.574338878787879
1334	0.52348703030303
1336	0.499065909090909
1338	0.489161090909091
1340	0.476373878787879
1342	0.48304303030303
1344	0.526655
1346	0.599599757575758
1348	0.685668424242424
1350	0.771754575757576
1352	0.843119575757576
1354	0.879885393939394
1356	0.870017515151515
1358	0.814264363636364
1360	0.725374090909091
1362	0.627185515151515
1364	0.537409515151515
1366	0.452758848484848
1368	0.371485575757576
1370	0.302668787878788
1372	0.251332424242424
1374	0.214605939393939
1376	0.192418939393939
1378	0.179276848484848
1380	0.163051848484848
1382	0.145457878787879
1384	0.136163272727273
1386	0.13671296969697
1388	0.140364818181818
1390	0.148438454545455
1392	0.173933181818182
1394	0.213049787878788
1396	0.256719393939394
1398	0.307017909090909
1400	0.354987848484848
1402	0.390385060606061
1404	0.421214878787879
1406	0.446559606060606
1408	0.452713909090909
1410	0.444428575757576
1412	0.432733151515152
1414	0.409214606060606
1416	0.375952636363636
1418	0.34719403030303
1420	0.323486
1422	0.300992181818182
1424	0.283155393939394
1426	0.284403272727273
1428	0.313557151515152
1430	0.373123181818182
1432	0.470147878787879
1434	0.604587666666667
1436	0.754730333333333
1438	0.884437424242424
1440	0.962691090909091
1442	0.97982103030303
1444	0.951370212121212
1446	0.891946454545455
1448	0.804004515151515
1450	0.698871272727273
1452	0.608168121212121
1454	0.543186060606061
1456	0.491829181818182
1458	0.442549909090909
1460	0.403677060606061
1462	0.377994727272727
1464	0.355846878787879
1466	0.339415636363636
1468	0.333137454545455
1470	0.32705503030303
1472	0.306248393939394
1474	0.283483333333333
1476	0.270605090909091
1478	0.251207606060606
1480	0.213015454545455
1482	0.17195696969697
1484	0.149763848484848
1486	0.136951181818182
1488	0.120621181818182
1490	0.104065515151515
1492	0.101465787878788
1494	0.103486090909091
1496	0.0983666666666667
1498	0.098001696969697
1500	0.108808787878788
1502	0.116773696969697
1504	0.115666727272727
1506	0.125964090909091
1508	0.14661503030303
1510	0.158370909090909
1512	0.154412878787879
1514	0.147329121212121
1516	0.146079484848485
1518	0.146810151515152
1520	0.143217878787879
1522	0.132321424242424
1524	0.116305909090909
1526	0.0999378484848485
1528	0.0845896666666667
1530	0.0694261212121212
1532	0.0553788181818182
1534	0.0447309696969697
1536	0.0388646363636364
1538	0.0386040303030303
1540	0.0441607878787879
1542	0.050488696969697
1544	0.0523747272727273
1546	0.0523961818181818
1548	0.0557166666666667
1550	0.0620877878787879
1552	0.0671748484848485
1554	0.0704200606060606
1556	0.0736657575757576
1558	0.0775683939393939
1560	0.0794836666666667
1562	0.0804869696969697
1564	0.0855998787878788
1566	0.0968977878787879
1568	0.107484515151515
1570	0.117318878787879
1572	0.133646181818182
1574	0.153151303030303
1576	0.165100757575758
1578	0.168534848484848
1580	0.173524121212121
1582	0.182177393939394
1584	0.186737454545455
1586	0.180924848484848
1588	0.176853424242424
1590	0.177891090909091
1592	0.173538242424242
1594	0.163028424242424
1596	0.162509272727273
1598	0.17185303030303
1600	0.178412666666667
1602	0.188870454545455
1604	0.204349151515152
1606	0.212759333333333
1608	0.208734848484848
1610	0.208200515151515
1612	0.218992424242424
1614	0.232140848484848
1616	0.240807484848485
1618	0.240059636363636
1620	0.229195212121212
1622	0.217877636363636
1624	0.216001121212121
1626	0.217172727272727
1628	0.209221
1630	0.200768303030303
1632	0.197761090909091
1634	0.193902060606061
1636	0.184183606060606
1638	0.173943727272727
1640	0.165980242424242
1642	0.158568727272727
1644	0.148987575757576
1646	0.131576818181818
1648	0.108259151515152
1650	0.092546
1652	0.0909880606060606
1654	0.0950721818181818
1656	0.0912992424242424
1658	0.0792780303030303
1660	0.0703618181818182
1662	0.0728511212121212
1664	0.0811770909090909
1666	0.0850638787878788
1668	0.0814162727272727
1670	0.0731965757575758
1672	0.0609960909090909
1674	0.0489384545454545
1676	0.0426409393939394
1678	0.0416010606060606
1680	0.0380366060606061
1682	0.0319864242424242
1684	0.028201696969697
1686	0.0234967878787879
1688	0.0209669696969697
1690	0.0264172121212121
1692	0.0349384848484849
1694	0.0343606666666667
1696	0.0263903333333333
1698	0.0199352424242424
1700	0.0181077878787879
1702	0.0204427272727273
1704	0.0232608484848485
1706	0.0233403636363636
1708	0.022248
1710	0.0199973333333333
1712	0.0173302424242424
1714	0.0191200606060606
1716	0.0248454242424242
1718	0.0273936060606061
1720	0.0246346666666667
1722	0.0248629393939394
1724	0.0264068181818182
1726	0.026465
1728	0.0295024545454545
1730	0.0338568181818182
1732	0.0321791212121212
1734	0.0251558484848485
1736	0.0221884545454545
1738	0.0222612121212121
1740	0.0238925454545455
1742	0.028789696969697
1744	0.0336163636363636
1746	0.0306316666666667
1748	0.0218335454545455
1750	0.0190299696969697
1752	0.0204896060606061
1754	0.0218272121212121
1756	0.0261674848484848
1758	0.0365688484848485
1760	0.0422982424242424
1762	0.0366446363636364
1764	0.0264124848484848
1766	0.0242001515151515
1768	0.0304125454545455
1770	0.034185696969697
1772	0.0293141515151515
1774	0.0261381212121212
1776	0.0291085757575758
1778	0.0312650303030303
1780	0.0276699090909091
1782	0.0284360606060606
1784	0.0366445454545455
1786	0.0410513333333333
1788	0.0353480606060606
1790	0.0312443939393939
1792	0.0360968787878788
1794	0.0406815757575758
1796	0.0379489393939394
1798	0.0300084545454545
1800	0.0234053939393939
