wavenumber	intensity
600	0.0105203783783784
602	0.00951627027027027
604	0.00563754054054054
606	0.00320032432432432
608	0.00398513513513513
610	0.00642232432432432
612	0.00775181081081081
614	0.00689248648648649
616	0.00466516216216216
618	0.00443754054054054
620	0.00635356756756757
622	0.00617962162162162
624	0.00398767567567568
626	0.00414821621621622
628	0.00630281081081081
630	0.00659086486486486
632	0.00553545945945946
634	0.00539032432432432
636	0.00633732432432432
638	0.00817256756756757
640	0.00963294594594595
642	0.00999772972972973
644	0.0110337567567568
646	0.0144625405405405
648	0.019495027027027
650	0.0252633783783784
652	0.0343718648648649
654	0.0500720810810811
656	0.0724763513513513
658	0.100239513513514
660	0.131252702702703
662	0.156341891891892
664	0.163189972972973
666	0.147558567567568
668	0.117331513513514
670	0.0836344864864865
672	0.0566645135135135
674	0.0401145405405405
676	0.0308736486486486
678	0.0233025405405405
680	0.0174265135135135
682	0.0163011621621622
684	0.0165513783783784
686	0.0128388648648649
688	0.00765240540540541
690	0.00746483783783784
692	0.0115597297297297
694	0.0148553243243243
696	0.0157949459459459
698	0.0160345405405405
700	0.0185897027027027
702	0.0236592702702703
704	0.0309903513513514
706	0.0474051351351351
708	0.081360972972973
710	0.132398621621622
712	0.190732378378378
714	0.235053243243243
716	0.230915027027027
718	0.174928162162162
720	0.104721351351351
722	0.0570031351351351
724	0.0326126216216216
726	0.0218202702702703
728	0.0165991081081081
730	0.0122120540540541
732	0.0100361081081081
734	0.0111974324324324
736	0.0132931621621622
738	0.0157912432432432
740	0.0203622702702703
742	0.0275621351351351
744	0.0398031891891892
746	0.0635118648648649
748	0.101345972972973
750	0.144475567567568
752	0.170951
754	0.161494135135135
756	0.12553272972973
758	0.0877344324324324
760	0.0616319459459459
762	0.0480622162162162
764	0.0497287567567568
766	0.0673636756756757
768	0.113300108108108
770	0.208854081081081
772	0.352932459459459
774	0.479683972972973
776	0.505673
778	0.407744648648649
780	0.251688648648649
782	0.12455872972973
784	0.0571362702702703
786	0.0310312972972973
788	0.0198153243243243
790	0.0147535945945946
792	0.0115550810810811
794	0.00910097297297297
796	0.00769027027027027
798	0.00654816216216216
800	0.00490132432432432
802	0.00373305405405405
804	0.00411818918918919
806	0.00594237837837838
808	0.00975667567567568
810	0.0170570540540541
812	0.0276222702702703
814	0.0436644594594595
816	0.0733693513513514
818	0.125237486486486
820	0.192351459459459
822	0.250489054054054
824	0.268519837837838
826	0.236136216216216
828	0.176330405405405
830	0.121601135135135
832	0.0870457297297297
834	0.0710112702702703
836	0.0699209459459459
838	0.0811914324324324
840	0.107735540540541
842	0.168505594594595
844	0.278686567567568
846	0.40767627027027
848	0.482182648648649
850	0.446503783783784
852	0.325198837837838
854	0.189291513513514
856	0.0975109459459459
858	0.0523567297297297
860	0.0326332702702703
862	0.0210618648648649
864	0.0154005405405405
866	0.0145328918918919
868	0.0143718918918919
870	0.0127198378378378
872	0.0109926756756757
874	0.0115826756756757
876	0.0136313783783784
878	0.0158711891891892
880	0.0203300810810811
882	0.0289072702702703
884	0.0400350810810811
886	0.0512299189189189
888	0.0618905135135135
890	0.0722295945945946
892	0.085669
894	0.108884324324324
896	0.145348297297297
898	0.188154567567568
900	0.218579081081081
902	0.214441081081081
904	0.174132756756757
906	0.119032189189189
908	0.0749351081081081
910	0.050074972972973
912	0.0412607567567568
914	0.0422460540540541
916	0.0498645405405405
918	0.0652796486486486
920	0.0942264324324324
922	0.133591837837838
924	0.168330297297297
926	0.184214540540541
928	0.187466864864865
930	0.194734378378378
932	0.215578216216216
934	0.249648864864865
936	0.301344108108108
938	0.388903216216216
940	0.511306216216216
942	0.637181162162162
944	0.731763891891892
946	0.771480189189189
948	0.733266756756757
950	0.611924756756757
952	0.447457648648649
954	0.302290459459459
956	0.21861927027027
958	0.202267405405405
960	0.230068810810811
962	0.26918927027027
964	0.287141351351351
966	0.261208648648649
968	0.198384675675676
970	0.128379891891892
972	0.0777528918918919
974	0.0489541891891892
976	0.0341987027027027
978	0.0258322162162162
980	0.0207303243243243
982	0.0175466216216216
984	0.014998972972973
986	0.0123433243243243
988	0.0100522432432432
990	0.00909872972972973
992	0.00861232432432432
994	0.00753032432432432
996	0.00725348648648649
998	0.00862281081081081
1000	0.00972818918918919
1002	0.00903578378378378
1004	0.00861059459459459
1006	0.0103034864864865
1008	0.0132631891891892
1010	0.0164116756756757
1012	0.0204291621621622
1014	0.0274397567567568
1016	0.0383231351351351
1018	0.0536114594594595
1020	0.0753474864864865
1022	0.101733162162162
1024	0.125629783783784
1026	0.140961513513514
1028	0.14765572972973
1030	0.147161027027027
1032	0.139836216216216
1034	0.124171648648649
1036	0.0988222702702703
1038	0.0689122972972973
1040	0.0435163513513514
1042	0.0274411621621622
1044	0.0188357297297297
1046	0.0164472972972973
1048	0.0196065945945946
1050	0.0247277027027027
1052	0.0298062702702703
1054	0.0371425945945946
1056	0.0474928918918919
1058	0.0622076756756757
1060	0.0860178918918919
1062	0.115961675675676
1064	0.136361945945946
1066	0.134506351351351
1068	0.113153702702703
1070	0.0829862432432432
1072	0.0551571081081081
1074	0.0361075135135135
1076	0.0258917837837838
1078	0.0200495405405405
1080	0.0156307567567568
1082	0.0130103513513514
1084	0.0124193513513514
1086	0.0121721351351351
1088	0.0113586486486486
1090	0.0102254594594595
1092	0.00953775675675676
1094	0.00996724324324324
1096	0.0121076216216216
1098	0.0163898108108108
1100	0.0225545945945946
1102	0.0295688378378378
1104	0.0360123243243243
1106	0.0409487027027027
1108	0.044518
1110	0.0483138918918919
1112	0.0554332702702703
1114	0.0712393783783784
1116	0.103802648648649
1118	0.157257486486486
1120	0.223629243243243
1122	0.28016527027027
1124	0.302086405405405
1126	0.278385918918919
1128	0.222081162162162
1130	0.163217621621622
1132	0.127824702702703
1134	0.118728756756757
1136	0.124117594594595
1138	0.133367783783784
1140	0.140830891891892
1142	0.139663189189189
1144	0.126454648648649
1146	0.104645216216216
1148	0.0814188648648649
1150	0.062532972972973
1152	0.049862
1154	0.0422926216216216
1156	0.0386824054054054
1158	0.040256027027027
1160	0.0485952972972973
1162	0.0626525945945946
1164	0.079479
1166	0.0980004864864865
1168	0.117948675675676
1170	0.138448162162162
1172	0.160257810810811
1174	0.184890783783784
1176	0.208584702702703
1178	0.215985972972973
1180	0.200205702702703
1182	0.176634297297297
1184	0.172623783783784
1186	0.196831297297297
1188	0.233925297297297
1190	0.25731527027027
1192	0.248033162162162
1194	0.206417702702703
1196	0.15641072972973
1198	0.121088540540541
1200	0.104250189189189
1202	0.0925422702702703
1204	0.0781239459459459
1206	0.0614681351351351
1208	0.0464686756756757
1210	0.0345660540540541
1212	0.0252943783783784
1214	0.018445027027027
1216	0.0135997837837838
1218	0.00982805405405405
1220	0.00707597297297297
1222	0.00611032432432432
1224	0.00626062162162162
1226	0.00558627027027027
1228	0.00361437837837838
1230	0.00177072972972973
1232	0.00194997297297297
1234	0.00359767567567568
1236	0.00461581081081081
1238	0.00391351351351351
1240	0.00326894594594595
1242	0.00368672972972973
1244	0.00423975675675676
1246	0.00508351351351351
1248	0.00705467567567568
1250	0.00939632432432432
1252	0.0111945675675676
1254	0.0143612972972973
1256	0.020979
1258	0.0311335405405405
1260	0.0458124324324324
1262	0.0701147027027027
1264	0.113292594594595
1266	0.180576432432432
1268	0.25859927027027
1270	0.311912513513514
1272	0.309549837837838
1274	0.253722945945946
1276	0.178119648648649
1278	0.113527972972973
1280	0.0712872972972973
1282	0.0477442702702703
1284	0.036811972972973
1286	0.0318515675675676
1288	0.0283400810810811
1290	0.0262468648648649
1292	0.0263634054054054
1294	0.0278433243243243
1296	0.0297379189189189
1298	0.0325886756756757
1300	0.0358209189189189
1302	0.0377205945945946
1304	0.0415297837837838
1306	0.0518948108108108
1308	0.0691577297297297
1310	0.0934445405405405
1312	0.131124081081081
1314	0.188923189189189
1316	0.260851027027027
1318	0.329316486486486
1320	0.377425567567568
1322	0.406363783783784
1324	0.433037675675676
1326	0.473099918918919
1328	0.523540351351351
1330	0.552261378378378
1332	0.535817864864865
1334	0.50766727027027
1336	0.529080027027027
1338	0.612776810810811
1340	0.707667918918919
1342	0.763559378378378
1344	0.780179054054054
1346	0.802315351351351
1348	0.856014972972973
1350	0.903134972972973
1352	0.878923702702703
1354	0.774415675675676
1356	0.634101945945946
1358	0.499466324324324
1360	0.375501972972973
1362	0.268345216216216
1364	0.189940567567568
1366	0.144282864864865
1368	0.122025243243243
1370	0.112980378378378
1372	0.109126891891892
1374	0.105947702702703
1376	0.10441127027027
1378	0.107752540540541
1380	0.121485189189189
1382	0.152107297297297
1384	0.199932459459459
1386	0.256717891891892
1388	0.31093827027027
1390	0.359267594594595
1392	0.410673972972973
1394	0.458506540540541
1396	0.47437727027027
1398	0.434344162162162
1400	0.347949864864865
1402	0.250958459459459
1404	0.18204927027027
1406	0.148514945945946
1408	0.13681972972973
1410	0.138508081081081
1412	0.153852405405405
1414	0.176760702702703
1416	0.20334127027027
1418	0.234459702702703
1420	0.269996648648649
1422	0.30335972972973
1424	0.321998324324324
1426	0.31742472972973
1428	0.291420459459459
1430	0.253917648648649
1432	0.219928783783784
1434	0.201147648648649
1436	0.200922972972973
1438	0.219607108108108
1440	0.26435272972973
1442	0.33896927027027
1444	0.436464243243243
1446	0.542850324324324
1448	0.646723513513514
1450	0.735121297297297
1452	0.783961486486486
1454	0.761905810810811
1456	0.662916432432432
1458	0.527642297297297
1460	0.408200432432432
1462	0.326481675675676
1464	0.274639783783784
1466	0.244877378378378
1468	0.227273540540541
1470	0.208768567567568
1472	0.181036594594595
1474	0.148619675675676
1476	0.119148486486486
1478	0.0948080810810811
1480	0.0763991351351351
1482	0.0655375945945946
1484	0.0623021081081081
1486	0.0627203783783784
1488	0.0644673243243243
1490	0.0687602972972973
1492	0.0775543783783784
1494	0.088197027027027
1496	0.10047527027027
1498	0.121559945945946
1500	0.15324772972973
1502	0.186278675675676
1504	0.21096772972973
1506	0.22828627027027
1508	0.236355
1510	0.230831324324324
1512	0.214569972972973
1514	0.197383081081081
1516	0.183516243243243
1518	0.168743891891892
1520	0.149154216216216
1522	0.125212189189189
1524	0.100996648648649
1526	0.0802671351351351
1528	0.0642787837837838
1530	0.0523781891891892
1532	0.0433973783783784
1534	0.0372093243243243
1536	0.034156972972973
1538	0.033672972972973
1540	0.0340534324324324
1542	0.0349955675675676
1544	0.0373901081081081
1546	0.0414715135135135
1548	0.0463115945945946
1550	0.0509496216216216
1552	0.0549519189189189
1554	0.0585400810810811
1556	0.0626160540540541
1558	0.0678323783783784
1560	0.073668027027027
1562	0.0787661081081081
1564	0.0819523783783784
1566	0.0827368918918919
1568	0.0804546756756757
1570	0.0763191351351351
1572	0.0736395405405405
1574	0.0744315405405405
1576	0.0778463783783784
1578	0.0843184864864865
1580	0.0968032702702703
1582	0.113665378378378
1584	0.128408864864865
1586	0.13541172972973
1588	0.135308783783784
1590	0.129991567567568
1592	0.121891405405405
1594	0.115502054054054
1596	0.113987297297297
1598	0.116109540540541
1600	0.119509108108108
1602	0.125593216216216
1604	0.13408372972973
1606	0.143089702702703
1608	0.153245567567568
1610	0.167878675675676
1612	0.187182216216216
1614	0.207005702702703
1616	0.222626513513514
1618	0.229177783783784
1620	0.226326405405405
1622	0.221605108108108
1624	0.219143351351351
1626	0.216759486486486
1628	0.213509405405405
1630	0.214508594594595
1632	0.217227810810811
1634	0.214020648648649
1636	0.202131297297297
1638	0.183271837837838
1640	0.159985216216216
1642	0.135580162162162
1644	0.113615
1646	0.0944285945945946
1648	0.0778554324324324
1650	0.0656286756756757
1652	0.0587994864864865
1654	0.0561335675675676
1656	0.0547058108108108
1658	0.0523602972972973
1660	0.0487432972972973
1662	0.0442781891891892
1664	0.039174027027027
1666	0.0339226216216216
1668	0.0288555675675676
1670	0.0240935945945946
1672	0.0202051081081081
1674	0.0174675945945946
1676	0.0159228108108108
1678	0.0157581081081081
1680	0.0159124594594595
1682	0.015280027027027
1684	0.0142795675675676
1686	0.0138754594594595
1688	0.0142561621621622
1690	0.0156691081081081
1692	0.0177921891891892
1694	0.0188972162162162
1696	0.0184627837837838
1698	0.017215972972973
1700	0.0158427027027027
1702	0.0147445135135135
1704	0.0139610540540541
1706	0.0132026216216216
1708	0.0121875405405405
1710	0.010779972972973
1712	0.00952518918918919
1714	0.00953602702702703
1716	0.0103129459459459
1718	0.010003
1720	0.00831148648648649
1722	0.00787554054054054
1724	0.0085717027027027
1726	0.0088312972972973
1728	0.00874256756756757
1730	0.00891986486486487
1732	0.00853916216216216
1734	0.00722183783783784
1736	0.00602986486486486
1738	0.00539767567567568
1740	0.00589727027027027
1742	0.0075212972972973
1744	0.00829410810810811
1746	0.00703908108108108
1748	0.00503891891891892
1750	0.00438818918918919
1752	0.00441981081081081
1754	0.0044122972972973
1756	0.00498835135135135
1758	0.00666208108108108
1760	0.00798456756756757
1762	0.007659
1764	0.00628672972972973
1766	0.00602472972972973
1768	0.00688308108108108
1770	0.00720305405405405
1772	0.00654794594594595
1774	0.00641391891891892
1776	0.00669889189189189
1778	0.00622940540540541
1780	0.00515056756756757
1782	0.00496232432432432
1784	0.00588535135135135
1786	0.00623572972972973
1788	0.00494294594594595
1790	0.00395567567567568
1792	0.00467005405405405
1794	0.00568554054054054
1796	0.0059582972972973
1798	0.00556197297297297
1800	0.00500583783783784
