wavenumber	intensity
600	0.146455710526316
602	0.154940815789474
604	0.143334657894737
606	0.153593631578947
608	0.161985578947368
610	0.138026105263158
612	0.119621526315789
614	0.129797736842105
616	0.134424631578947
618	0.131915157894737
620	0.146652368421053
622	0.161541210526316
624	0.149124421052632
626	0.122510184210526
628	0.107615578947368
630	0.107124921052632
632	0.110113342105263
634	0.117694315789474
636	0.129023736842105
638	0.132605947368421
640	0.129605842105263
642	0.130131657894737
644	0.131533710526316
646	0.126110105263158
648	0.115140657894737
650	0.101497289473684
652	0.0829641052631579
654	0.0659029736842105
656	0.0658004473684211
658	0.0722113421052632
660	0.0609674473684211
662	0.0380229210526316
664	0.0275731842105263
666	0.0293775263157895
668	0.0318254473684211
670	0.0339342105263158
672	0.0349711315789474
674	0.0372206578947368
676	0.0417620263157895
678	0.0410007368421053
680	0.0345982631578947
682	0.0324243157894737
684	0.0353195526315789
686	0.0367200263157895
688	0.0370877631578947
690	0.0351604473684211
692	0.0304430789473684
694	0.0302497894736842
696	0.0315246842105263
698	0.0276823157894737
700	0.0285098421052632
702	0.0364881578947368
704	0.0383104736842105
706	0.0362917368421053
708	0.0407409736842105
710	0.040591
712	0.0207718157894737
714	0.000559078947368421
716	0.00784526315789474
718	0.0325535526315789
720	0.0448240526315789
722	0.0398190263157895
724	0.0389750526315789
726	0.0499459736842105
728	0.0681011052631579
730	0.0889516315789474
732	0.109503236842105
734	0.128401763157895
736	0.145458131578947
738	0.157973105263158
740	0.155686131578947
742	0.137755078947368
744	0.118481710526316
746	0.103822473684211
748	0.0846582631578947
750	0.0594086578947368
752	0.0412548157894737
754	0.035456
756	0.0350237631578947
758	0.0321539473684211
760	0.0271062631578947
762	0.0280838421052632
764	0.0338703421052632
766	0.0348358684210526
768	0.0313045789473684
770	0.0360596052631579
772	0.0531887631578947
774	0.0633917631578947
776	0.0562492631578947
778	0.0480095263157895
780	0.056177
782	0.0719878684210526
784	0.0752318157894737
786	0.0652934736842105
788	0.0553035789473684
790	0.0589821052631579
792	0.0705992631578947
794	0.072599052631579
796	0.0579038947368421
798	0.0439359210526316
800	0.0513092631578947
802	0.0698846315789474
804	0.0831872368421053
806	0.0987297631578947
808	0.128676868421053
810	0.170436973684211
812	0.227214736842105
814	0.285787052631579
816	0.323187289473684
818	0.363198026315789
820	0.440617552631579
822	0.527869078947368
824	0.559831157894737
826	0.549905026315789
828	0.558926447368421
830	0.588367736842105
832	0.596153763157895
834	0.582923842105263
836	0.582964868421053
838	0.596782
840	0.613454421052632
842	0.617590947368421
844	0.599242184210526
846	0.581578210526316
848	0.570080868421053
850	0.544613473684211
852	0.524553868421053
854	0.527280973684211
856	0.517796289473684
858	0.4840675
860	0.455612157894737
862	0.427950657894737
864	0.383530342105263
866	0.337911157894737
868	0.299985631578947
870	0.259336447368421
872	0.2219685
874	0.204318368421053
876	0.198995078947368
878	0.187375342105263
880	0.171409631578947
882	0.168799131578947
884	0.178801315789474
886	0.187329815789474
888	0.187823842105263
890	0.182870815789474
892	0.181907552631579
894	0.190174684210526
896	0.203171631578947
898	0.209744947368421
900	0.209025157894737
902	0.211782236842105
904	0.229520894736842
906	0.259314736842105
908	0.287616578947368
910	0.299804605263158
912	0.300847736842105
914	0.310144710526316
916	0.328609631578947
918	0.350914947368421
920	0.38633
922	0.423939157894737
924	0.435983947368421
926	0.427916394736842
928	0.431782315789474
930	0.4493855
932	0.461276315789474
934	0.455168131578947
936	0.432233447368421
938	0.410660368421053
940	0.412629789473684
942	0.444589868421053
944	0.493436342105263
946	0.545219105263158
948	0.595171157894737
950	0.643964078947368
952	0.680927526315789
954	0.697996236842105
956	0.710115342105263
958	0.713864105263158
960	0.681089842105263
962	0.616659947368421
964	0.564295394736842
966	0.539363789473684
968	0.512851763157895
970	0.464133552631579
972	0.395530921052632
974	0.336869342105263
976	0.310670078947368
978	0.310282736842105
980	0.311535763157895
982	0.310251263157895
984	0.317395605263158
986	0.333031105263158
988	0.348971342105263
990	0.363226789473684
992	0.375611947368421
994	0.388134
996	0.414906105263158
998	0.463911447368421
1000	0.518197736842105
1002	0.550307157894737
1004	0.535460815789474
1006	0.473016736842105
1008	0.399569184210526
1010	0.346604815789474
1012	0.319649973684211
1014	0.322564710526316
1016	0.352955578947368
1018	0.386922289473684
1020	0.408601894736842
1022	0.434159526315789
1024	0.475468657894737
1026	0.523138052631579
1028	0.56354397368421
1030	0.591313342105263
1032	0.604568789473684
1034	0.607554526315789
1036	0.608607921052632
1038	0.606925342105263
1040	0.606009552631579
1042	0.614120763157895
1044	0.621524131578947
1046	0.617687184210526
1048	0.609011105263158
1050	0.596054789473684
1052	0.578605105263158
1054	0.57040947368421
1056	0.572153842105263
1058	0.562729868421053
1060	0.543306157894737
1062	0.542176052631579
1064	0.551881315789474
1066	0.54254247368421
1068	0.515759921052632
1070	0.499113236842105
1072	0.492725947368421
1074	0.478014447368421
1076	0.469368973684211
1078	0.484157763157895
1080	0.506696236842105
1082	0.507593736842105
1084	0.489642184210526
1086	0.485032052631579
1088	0.487859921052632
1090	0.473893
1092	0.453368289473684
1094	0.457597210526316
1096	0.4782425
1098	0.477740210526316
1100	0.468295131578947
1102	0.485100263157895
1104	0.530219631578947
1106	0.571453684210526
1108	0.598115631578947
1110	0.627068157894737
1112	0.668304763157895
1114	0.714065394736842
1116	0.743284184210526
1118	0.75358202631579
1120	0.755519815789474
1122	0.750159078947368
1124	0.740009947368421
1126	0.733013842105263
1128	0.722147131578947
1130	0.707052210526316
1132	0.698952078947368
1134	0.689040368421053
1136	0.668426921052632
1138	0.648409289473684
1140	0.627431868421053
1142	0.592286947368421
1144	0.556332342105263
1146	0.540053657894737
1148	0.540209921052632
1150	0.537287842105263
1152	0.509620710526316
1154	0.462094184210526
1156	0.418122315789474
1158	0.388006552631579
1160	0.349191526315789
1162	0.288877052631579
1164	0.223332368421053
1166	0.180707368421053
1168	0.152809921052632
1170	0.111764789473684
1172	0.0685214736842105
1174	0.0489784210526316
1176	0.0483723157894737
1178	0.042998
1180	0.0335388421052632
1182	0.0268311315789474
1184	0.0235460526315789
1186	0.0255883947368421
1188	0.0345758421052632
1190	0.0514586315789474
1192	0.0665808157894737
1194	0.0708140263157895
1196	0.0774393947368421
1198	0.103346736842105
1200	0.137609631578947
1202	0.151961763157895
1204	0.1505665
1206	0.152240868421053
1208	0.159841894736842
1210	0.168279973684211
1212	0.179215026315789
1214	0.187715236842105
1216	0.182762842105263
1218	0.172780921052632
1220	0.174397394736842
1222	0.179719157894737
1224	0.182547605263158
1226	0.193968157894737
1228	0.211298605263158
1230	0.220533394736842
1232	0.225450078947368
1234	0.233787
1236	0.240967
1238	0.251400052631579
1240	0.271202631578947
1242	0.291540157894737
1244	0.307326736842105
1246	0.321510052631579
1248	0.3359025
1250	0.353398868421053
1252	0.373611710526316
1254	0.386248815789474
1256	0.390242736842105
1258	0.403300342105263
1260	0.430450552631579
1262	0.450742315789474
1264	0.443593578947368
1266	0.424480815789474
1268	0.414263763157895
1270	0.415747947368421
1272	0.419494578947368
1274	0.420302052631579
1276	0.416531736842105
1278	0.412466815789474
1280	0.413277552631579
1282	0.418161578947368
1284	0.427392263157895
1286	0.446062842105263
1288	0.471915657894737
1290	0.494513684210526
1292	0.512853789473684
1294	0.532652131578947
1296	0.554761263157895
1298	0.566247868421053
1300	0.567632368421053
1302	0.583584157894737
1304	0.626569578947368
1306	0.674956578947368
1308	0.702575789473684
1310	0.719292342105263
1312	0.744809842105263
1314	0.783800552631579
1316	0.822706657894737
1318	0.851168684210526
1320	0.869415342105263
1322	0.887870078947368
1324	0.904795342105263
1326	0.907940684210526
1328	0.894149052631579
1330	0.871674105263158
1332	0.841941236842105
1334	0.802292894736842
1336	0.758638710526316
1338	0.730505473684211
1340	0.732163605263158
1342	0.726811447368421
1344	0.686341605263158
1346	0.639906894736842
1348	0.632287342105263
1350	0.641921736842105
1352	0.635402789473684
1354	0.624425157894737
1356	0.63206102631579
1358	0.654411342105263
1360	0.668324184210526
1362	0.678545894736842
1364	0.701860552631579
1366	0.743658815789474
1368	0.798419526315789
1370	0.8519505
1372	0.887117657894737
1374	0.913127184210526
1376	0.953045421052632
1378	0.995960684210526
1380	0.995442184210526
1382	0.958530394736842
1384	0.920519921052632
1386	0.886119184210526
1388	0.847672526315789
1390	0.811423105263158
1392	0.773469078947368
1394	0.728663394736842
1396	0.687446631578947
1398	0.651264394736842
1400	0.620731263157895
1402	0.604386184210526
1404	0.589026763157895
1406	0.55081602631579
1408	0.509240631578947
1410	0.488140052631579
1412	0.478917263157895
1414	0.464115
1416	0.446681605263158
1418	0.432647210526316
1420	0.410086236842105
1422	0.388774052631579
1424	0.388017552631579
1426	0.395026394736842
1428	0.389760105263158
1430	0.380151263157895
1432	0.385993763157895
1434	0.406081815789474
1436	0.437773815789474
1438	0.479241052631579
1440	0.523927710526316
1442	0.572221210526316
1444	0.631413421052632
1446	0.705302263157895
1448	0.778330578947368
1450	0.829842368421053
1452	0.855533184210526
1454	0.862247552631579
1456	0.850962657894737
1458	0.821879815789474
1460	0.789752
1462	0.751572236842105
1464	0.690273894736842
1466	0.614741921052632
1468	0.539710263157895
1470	0.464401157894737
1472	0.393631684210526
1474	0.341498421052632
1476	0.297189236842105
1478	0.244631078947368
1480	0.200115105263158
1482	0.172411631578947
1484	0.149955473684211
1486	0.121505131578947
1488	0.0971120789473684
1490	0.0870871842105263
1492	0.0850072105263158
1494	0.0794084736842105
1496	0.0678523421052632
1498	0.0571739210526316
1500	0.0533772105263158
1502	0.0512668157894737
1504	0.0438205
1506	0.0387048157894737
1508	0.0403806842105263
1510	0.0412737631578947
1512	0.0358696315789474
1514	0.0306266842105263
1516	0.0271851578947368
1518	0.0239462894736842
1520	0.023851
1522	0.0314614473684211
1524	0.0438726052631579
1526	0.0471867105263158
1528	0.0429529210526316
1530	0.0408011315789474
1532	0.0383462368421053
1534	0.0296751842105263
1536	0.0257860526315789
1538	0.0363099210526316
1540	0.0526579473684211
1542	0.0577122105263158
1544	0.0463241578947368
1546	0.0354235263157895
1548	0.034876
1550	0.0389881315789474
1552	0.0428635263157895
1554	0.0473423157894737
1556	0.0488189473684211
1558	0.0489683947368421
1560	0.0528057894736842
1562	0.0526282105263158
1564	0.0455624210526316
1566	0.0407505263157895
1568	0.0437239736842105
1570	0.0513858421052632
1572	0.0578983157894737
1574	0.0573380263157895
1576	0.0541007368421053
1578	0.0574248157894737
1580	0.0664539210526316
1582	0.0747495789473684
1584	0.0824748684210526
1586	0.0902041578947368
1588	0.0976787105263158
1590	0.105594684210526
1592	0.112562526315789
1594	0.120273605263158
1596	0.133962894736842
1598	0.150006789473684
1600	0.164633815789474
1602	0.185090710526316
1604	0.208273131578947
1606	0.223205736842105
1608	0.228025763157895
1610	0.232386526315789
1612	0.238678947368421
1614	0.245930973684211
1616	0.258738
1618	0.274627605263158
1620	0.29091347368421
1622	0.312785368421053
1624	0.341859894736842
1626	0.364016289473684
1628	0.370840710526316
1630	0.381496815789474
1632	0.401570105263158
1634	0.417078815789474
1636	0.420544894736842
1638	0.427124
1640	0.444757789473684
1642	0.471410552631579
1644	0.504260815789474
1646	0.530587789473684
1648	0.539746026315789
1650	0.536923789473684
1652	0.536704105263158
1654	0.546185315789474
1656	0.560698947368421
1658	0.566782315789474
1660	0.558435078947368
1662	0.546809105263158
1664	0.541195973684211
1666	0.520023894736842
1668	0.482120657894737
1670	0.446808236842105
1672	0.413785394736842
1674	0.375518105263158
1676	0.344003921052632
1678	0.326806342105263
1680	0.302218868421053
1682	0.270068552631579
1684	0.242786263157895
1686	0.221639342105263
1688	0.208938394736842
1690	0.206115605263158
1692	0.204868631578947
1694	0.194304368421053
1696	0.180101236842105
1698	0.172208947368421
1700	0.174958315789474
1702	0.190567894736842
1704	0.207339684210526
1706	0.2105415
1708	0.205876184210526
1710	0.214342657894737
1712	0.239010473684211
1714	0.263079842105263
1716	0.283307105263158
1718	0.307727763157895
1720	0.333513578947368
1722	0.344534710526316
1724	0.349172157894737
1726	0.361516342105263
1728	0.377947947368421
1730	0.384380657894737
1732	0.388980184210526
1734	0.395728736842105
1736	0.391168052631579
1738	0.379145052631579
1740	0.372144447368421
1742	0.368565078947368
1744	0.356163815789474
1746	0.342721078947368
1748	0.334008868421053
1750	0.322430973684211
1752	0.300281
1754	0.277159578947368
1756	0.259893526315789
1758	0.240513973684211
1760	0.224762026315789
1762	0.216356368421053
1764	0.203934552631579
1766	0.178335157894737
1768	0.150425078947368
1770	0.127987921052632
1772	0.111379973684211
1774	0.100895263157895
1776	0.09261
1778	0.0832074736842105
1780	0.0703265263157895
1782	0.0521611578947368
1784	0.0397916578947368
1786	0.0405159736842105
1788	0.0417319473684211
1790	0.0368513684210526
1792	0.0298875526315789
1794	0.0247969210526316
1796	0.0211310526315789
1798	0.0197900789473684
1800	0.0195729210526316
