wavenumber	intensity
600	0.0326698333333333
602	0.0389266666666667
604	0.0369006666666667
606	0.0457728333333333
608	0.051531
610	0.0380951666666667
612	0.0260903333333333
614	0.0300998333333333
616	0.0329666666666667
618	0.030537
620	0.0339836666666667
622	0.0376396666666667
624	0.0302403333333333
626	0.0188455
628	0.0159196666666667
630	0.0183376666666667
632	0.0178125
634	0.0185423333333333
636	0.023815
638	0.026068
640	0.024232
642	0.025574
644	0.0299405
646	0.0315901666666667
648	0.0292836666666667
650	0.0254176666666667
652	0.0222466666666667
654	0.0218515
656	0.0267583333333333
658	0.0327033333333333
660	0.0317193333333333
662	0.0231711666666667
664	0.0156663333333333
666	0.0146741666666667
668	0.018115
670	0.0212568333333333
672	0.0220873333333333
674	0.0246236666666667
676	0.0295603333333333
678	0.030785
680	0.0277445
682	0.0272285
684	0.0303698333333333
686	0.0329116666666667
688	0.034387
690	0.0326418333333333
692	0.0285908333333333
694	0.0294735
696	0.0305246666666667
698	0.0239835
700	0.0195155
702	0.0236556666666667
704	0.026751
706	0.0281455
708	0.0342078333333333
710	0.036509
712	0.0247326666666667
714	0.0121315
716	0.0168801666666667
718	0.0323408333333333
720	0.0389323333333333
722	0.0323161666666667
724	0.0261776666666667
726	0.025587
728	0.0255738333333333
730	0.0243538333333333
732	0.0251751666666667
734	0.0291023333333333
736	0.0313491666666667
738	0.0291493333333333
740	0.0257331666666667
742	0.024006
744	0.0227636666666667
746	0.0185413333333333
748	0.0122213333333333
750	0.00866683333333333
752	0.0112983333333333
754	0.0176485
756	0.0208493333333333
758	0.0206515
760	0.0225703333333333
762	0.0279213333333333
764	0.0303355
766	0.0258586666666667
768	0.0182455
770	0.0137071666666667
772	0.0153318333333333
774	0.0173505
776	0.0137206666666667
778	0.00666633333333333
780	0.00484783333333333
782	0.0104393333333333
784	0.0164933333333333
786	0.0168871666666667
788	0.0138133333333333
790	0.0164786666666667
792	0.0253271666666667
794	0.0313546666666667
796	0.0284771666666667
798	0.0221883333333333
800	0.0195253333333333
802	0.0185201666666667
804	0.0154085
806	0.0115771666666667
808	0.0108161666666667
810	0.0122981666666667
812	0.0127468333333333
814	0.00965916666666667
816	0.00461916666666667
818	0.00665816666666667
820	0.0188101666666667
822	0.0307553333333333
824	0.0290621666666667
826	0.0191111666666667
828	0.015319
830	0.0175778333333333
832	0.0164966666666667
834	0.0118296666666667
836	0.0099885
838	0.012497
840	0.0207548333333333
842	0.0285816666666667
844	0.0276081666666667
846	0.0240193333333333
848	0.0259918333333333
850	0.0296293333333333
852	0.0336033333333333
854	0.0396106666666667
856	0.0415381666666667
858	0.0387936666666667
860	0.0390193333333333
862	0.0420755
864	0.0423141666666667
866	0.0426148333333333
868	0.0472893333333333
870	0.0508933333333333
872	0.0495283333333333
874	0.048482
876	0.0471648333333333
878	0.0382051666666667
880	0.0253758333333333
882	0.0215833333333333
884	0.0274676666666667
886	0.0337521666666667
888	0.0337653333333333
890	0.0265291666666667
892	0.0173938333333333
894	0.0129811666666667
896	0.014448
898	0.0150265
900	0.0119663333333333
902	0.0094175
904	0.009492
906	0.0098025
908	0.0101771666666667
910	0.0101235
912	0.00947566666666667
914	0.0115713333333333
916	0.0138466666666667
918	0.0118386666666667
920	0.00970816666666667
922	0.0098115
924	0.0074635
926	0.0040765
928	0.00521366666666667
930	0.00902833333333333
932	0.0124641666666667
934	0.0154375
936	0.0157785
938	0.0117853333333333
940	0.00835616666666667
942	0.0102173333333333
944	0.0147148333333333
946	0.01824
948	0.0223885
950	0.028256
952	0.0284315
954	0.0205863333333333
956	0.0191741666666667
958	0.029421
960	0.0373193333333333
962	0.0329371666666667
964	0.027224
966	0.0299801666666667
968	0.0385443333333333
970	0.0427753333333333
972	0.033561
974	0.0200161666666667
976	0.0176336666666667
978	0.0279381666666667
980	0.0391496666666667
982	0.0459388333333333
984	0.0488193333333333
986	0.0506118333333333
988	0.0549951666666667
990	0.0633231666666667
992	0.0713363333333333
994	0.0792693333333333
996	0.0964026666666667
998	0.128633833333333
1000	0.170326833333333
1002	0.212505
1004	0.248516333333333
1006	0.273179833333333
1008	0.283853333333333
1010	0.2696485
1012	0.229188833333333
1014	0.188416
1016	0.166523
1018	0.152830166666667
1020	0.1342915
1022	0.117553166666667
1024	0.1044975
1026	0.0895295
1028	0.0734018333333333
1030	0.061099
1032	0.0540403333333333
1034	0.0474941666666667
1036	0.03917
1038	0.0319303333333333
1040	0.0285811666666667
1042	0.0286155
1044	0.0290775
1046	0.0282218333333333
1048	0.0254445
1050	0.0209688333333333
1052	0.0189183333333333
1054	0.0226483333333333
1056	0.0274968333333333
1058	0.026356
1060	0.0203458333333333
1062	0.0170041666666667
1064	0.0169125
1066	0.015692
1068	0.0114531666666667
1070	0.00857033333333333
1072	0.00958566666666667
1074	0.011426
1076	0.0143255
1078	0.0199015
1080	0.0224611666666667
1082	0.0169193333333333
1084	0.0100363333333333
1086	0.012583
1088	0.020281
1090	0.0235423333333333
1092	0.0211036666666667
1094	0.020319
1096	0.0233531666666667
1098	0.0240988333333333
1100	0.0228125
1102	0.0254725
1104	0.0330753333333333
1106	0.0381828333333333
1108	0.0393668333333333
1110	0.0444386666666667
1112	0.0534556666666667
1114	0.0598388333333333
1116	0.0630073333333333
1118	0.0692898333333333
1120	0.0781313333333333
1122	0.0839503333333333
1124	0.0897656666666667
1126	0.100749166666667
1128	0.115671666666667
1130	0.131507
1132	0.145784166666667
1134	0.153674
1136	0.162922
1138	0.187150166666667
1140	0.224721666666667
1142	0.266166166666667
1144	0.314816333333333
1146	0.381233333333333
1148	0.485300666666667
1150	0.638944833333333
1152	0.815324
1154	0.947806166666667
1156	0.9921515
1158	0.943450166666667
1160	0.806146666666667
1162	0.6097605
1164	0.423302833333333
1166	0.306039
1168	0.248833333333333
1170	0.213444
1172	0.190304833333333
1174	0.179248833333333
1176	0.170481666666667
1178	0.1538935
1180	0.1402175
1182	0.142803833333333
1184	0.158316833333333
1186	0.173094
1188	0.180023166666667
1190	0.187756833333333
1192	0.191964
1194	0.177163
1196	0.145101833333333
1198	0.116836333333333
1200	0.101426833333333
1202	0.0930271666666667
1204	0.0931185
1206	0.102605
1208	0.113958
1210	0.120340333333333
1212	0.1211015
1214	0.114632833333333
1216	0.094583
1218	0.0656225
1220	0.0427888333333333
1222	0.0305358333333333
1224	0.0253105
1226	0.026248
1228	0.028587
1230	0.0247878333333333
1232	0.0174545
1234	0.0130348333333333
1236	0.012328
1238	0.015559
1240	0.0168501666666667
1242	0.0131783333333333
1244	0.012142
1246	0.016629
1248	0.0190221666666667
1250	0.0182315
1252	0.019108
1254	0.0212336666666667
1256	0.0241876666666667
1258	0.0288406666666667
1260	0.0359193333333333
1262	0.0444416666666667
1264	0.0515286666666667
1266	0.0590433333333333
1268	0.0696746666666667
1270	0.0794375
1272	0.0806728333333333
1274	0.0748886666666667
1276	0.0688896666666667
1278	0.0638611666666667
1280	0.0556721666666667
1282	0.0431506666666667
1284	0.0337888333333333
1286	0.032433
1288	0.0353878333333333
1290	0.034994
1292	0.0308243333333333
1294	0.0269086666666667
1296	0.026292
1298	0.0279045
1300	0.0301506666666667
1302	0.0329313333333333
1304	0.0352296666666667
1306	0.0351756666666667
1308	0.0328516666666667
1310	0.0310948333333333
1312	0.0295308333333333
1314	0.0260778333333333
1316	0.023468
1318	0.0228106666666667
1320	0.0208088333333333
1322	0.017272
1324	0.0156905
1326	0.0161643333333333
1328	0.0174526666666667
1330	0.0190953333333333
1332	0.018053
1334	0.0128311666666667
1336	0.008651
1338	0.0107953333333333
1340	0.018364
1342	0.0210883333333333
1344	0.0154018333333333
1346	0.0102771666666667
1348	0.0150888333333333
1350	0.0248345
1352	0.0291846666666667
1354	0.0241105
1356	0.0183676666666667
1358	0.0199375
1360	0.0229318333333333
1362	0.0197808333333333
1364	0.0140243333333333
1366	0.0125031666666667
1368	0.0151505
1370	0.0193835
1372	0.0213641666666667
1374	0.0197666666666667
1376	0.0199003333333333
1378	0.0248188333333333
1380	0.0278008333333333
1382	0.0284588333333333
1384	0.0308811666666667
1386	0.0314946666666667
1388	0.029356
1390	0.0301025
1392	0.032702
1394	0.0329488333333333
1396	0.0332495
1398	0.0331538333333333
1400	0.0304191666666667
1402	0.0283868333333333
1404	0.0270461666666667
1406	0.0230483333333333
1408	0.020424
1410	0.023123
1412	0.0279358333333333
1414	0.0264823333333333
1416	0.020266
1418	0.0192871666666667
1420	0.022615
1422	0.0259191666666667
1424	0.0302361666666667
1426	0.0335496666666667
1428	0.0343833333333333
1430	0.0382988333333333
1432	0.0458731666666667
1434	0.0523021666666667
1436	0.0606045
1438	0.072599
1440	0.080442
1442	0.0811165
1444	0.0791153333333333
1446	0.0832481666666667
1448	0.0927956666666667
1450	0.0958798333333333
1452	0.0837598333333333
1454	0.0686723333333333
1456	0.0644635
1458	0.0703425
1460	0.0757215
1462	0.0772321666666667
1464	0.0789255
1466	0.0844431666666667
1468	0.090549
1470	0.0928376666666667
1472	0.0936608333333333
1474	0.0949071666666667
1476	0.095601
1478	0.0976061666666667
1480	0.1043905
1482	0.1127135
1484	0.118389333333333
1486	0.1229975
1488	0.1321655
1490	0.14944
1492	0.171239833333333
1494	0.193616166666667
1496	0.218667
1498	0.252620333333333
1500	0.302190333333333
1502	0.366597333333333
1504	0.444068666666667
1506	0.547193833333333
1508	0.683965
1510	0.827437833333333
1512	0.927950666666667
1514	0.967915333333333
1516	0.955581333333333
1518	0.9023475
1520	0.815793
1522	0.719552333333333
1524	0.628556666666667
1526	0.5279265
1528	0.418294666666667
1530	0.321840166666667
1532	0.2519855
1534	0.203599666666667
1536	0.172718
1538	0.1514115
1540	0.132486
1542	0.118797
1544	0.1093745
1546	0.0996741666666667
1548	0.0932943333333333
1550	0.0902906666666667
1552	0.08582
1554	0.0797591666666667
1556	0.0770548333333333
1558	0.0785581666666667
1560	0.0780396666666667
1562	0.0707738333333333
1564	0.0627086666666667
1566	0.0645893333333333
1568	0.071219
1570	0.0730295
1572	0.0702898333333333
1574	0.0682285
1576	0.065881
1578	0.065117
1580	0.068775
1582	0.0724296666666667
1584	0.071708
1586	0.0672731666666667
1588	0.0641956666666667
1590	0.06174
1592	0.056266
1594	0.0494741666666667
1596	0.0487663333333333
1598	0.050688
1600	0.0481055
1602	0.047348
1604	0.051264
1606	0.0520361666666667
1608	0.0446411666666667
1610	0.037236
1612	0.0323355
1614	0.0289293333333333
1616	0.0320573333333333
1618	0.0386925
1620	0.0418418333333333
1622	0.0419523333333333
1624	0.0436956666666667
1626	0.0437598333333333
1628	0.039761
1630	0.0401456666666667
1632	0.0466275
1634	0.0518585
1636	0.049605
1638	0.0444971666666667
1640	0.0411286666666667
1642	0.0401553333333333
1644	0.0417481666666667
1646	0.0452673333333333
1648	0.0476885
1650	0.04703
1652	0.0471831666666667
1654	0.0483526666666667
1656	0.047951
1658	0.0481266666666667
1660	0.0484158333333333
1662	0.0458048333333333
1664	0.04108
1666	0.0364891666666667
1668	0.0356616666666667
1670	0.0407096666666667
1672	0.0434906666666667
1674	0.0380158333333333
1676	0.0328081666666667
1678	0.0352431666666667
1680	0.03417
1682	0.0306203333333333
1684	0.0317176666666667
1686	0.0328083333333333
1688	0.0290041666666667
1690	0.0251855
1692	0.0262523333333333
1694	0.0292406666666667
1696	0.0330416666666667
1698	0.0342136666666667
1700	0.0295181666666667
1702	0.0277626666666667
1704	0.0296871666666667
1706	0.025972
1708	0.016111
1710	0.0126501666666667
1712	0.0172398333333333
1714	0.0197586666666667
1716	0.0211303333333333
1718	0.0248225
1720	0.0283686666666667
1722	0.0269406666666667
1724	0.0244196666666667
1726	0.022881
1728	0.0200903333333333
1730	0.0174736666666667
1732	0.0204073333333333
1734	0.0263388333333333
1736	0.025145
1738	0.0181946666666667
1740	0.0151421666666667
1742	0.0188898333333333
1744	0.0205295
1746	0.0169215
1748	0.014445
1750	0.0185091666666667
1752	0.021395
1754	0.0202656666666667
1756	0.0183171666666667
1758	0.016509
1760	0.016851
1762	0.0209355
1764	0.0246758333333333
1766	0.0239041666666667
1768	0.0217658333333333
1770	0.0202043333333333
1772	0.0190111666666667
1774	0.0173505
1776	0.0118145
1778	0.00540716666666667
1780	0.005667
1782	0.009083
1784	0.011907
1786	0.0138483333333333
1788	0.0133783333333333
1790	0.0109508333333333
1792	0.0123888333333333
1794	0.0195941666666667
1796	0.0232971666666667
1798	0.0198196666666667
1800	0.0102978333333333
